# BJD(TDB)-2450000 airmass sky(ADU) dx(pix) dy(pix) fwhm(pix) peak(ADU) frame flux(r=28.0) err(r=28.0) flux(r=30.0) err(r=30.0) flux(r=32.0) err(r=32.0) flux(r=34.0) err(r=34.0) flux(r=36.0) err(r=36.0) 
7777.909495 2.0022 418.0 1.593 1.054 19.09 21855.3 MSCL2_1701240051 1.001836 0.001431 1.001867 0.001449 1.001874 0.001469 1.001793 0.001489 1.002008 0.001511 
7777.910120 1.9912 408.9 1.257 0.148 17.83 23590.5 MSCL2_1701240052 1.000978 0.001422 1.001183 0.001440 1.001367 0.001460 1.001650 0.001481 1.001536 0.001502 
7777.910756 1.9802 404.3 0.634 1.202 18.51 22171.3 MSCL2_1701240053 1.000442 0.001409 1.000786 0.001427 1.000795 0.001446 1.000672 0.001466 1.000750 0.001487 
7777.911381 1.9694 406.7 2.002 0.604 18.87 21555.5 MSCL2_1701240054 1.002301 0.001403 1.002498 0.001421 1.002398 0.001439 1.002318 0.001459 1.002709 0.001481 
7777.912006 1.9588 404.0 1.591 0.304 20.83 17479.3 MSCL2_1701240055 0.998699 0.001392 0.999842 0.001411 1.000560 0.001431 1.000665 0.001451 1.000950 0.001473 
7777.912642 1.9482 405.3 0.894 1.452 19.67 19397.9 MSCL2_1701240056 0.995560 0.001380 0.996700 0.001399 0.997469 0.001419 0.997549 0.001439 0.998125 0.001461 
7777.913278 1.9376 402.4 1.628 1.511 18.95 21910.9 MSCL2_1701240057 1.000272 0.001378 1.001057 0.001398 1.001806 0.001418 1.001833 0.001439 1.002416 0.001461 
7777.913903 1.9274 398.9 1.595 0.454 18.71 22073.6 MSCL2_1701240058 1.001316 0.001371 1.001604 0.001390 1.001575 0.001409 1.001526 0.001430 1.001853 0.001452 
7777.914540 1.9172 396.3 -0.176 0.060 19.98 20814.0 MSCL2_1701240059 1.003251 0.001366 1.003747 0.001385 1.004036 0.001405 1.004171 0.001426 1.003780 0.001446 
7777.915165 1.9072 392.2 2.337 1.645 19.41 20942.2 MSCL2_1701240060 1.001503 0.001354 1.002075 0.001373 1.001869 0.001392 1.002088 0.001412 1.002010 0.001433 
7777.915790 1.8974 391.5 0.734 1.250 18.73 22901.0 MSCL2_1701240061 1.000359 0.001346 1.000615 0.001364 1.000823 0.001384 1.000860 0.001405 1.000988 0.001426 
7777.916427 1.8875 392.6 1.113 0.150 18.47 25046.0 MSCL2_1701240062 0.999936 0.001337 0.999804 0.001355 0.999773 0.001374 0.999580 0.001395 0.999390 0.001416 
7777.917052 1.8779 413.4 1.281 0.362 19.47 21373.9 MSCL2_1701240063 1.004858 0.001355 1.005328 0.001376 1.005893 0.001399 1.005982 0.001421 1.006375 0.001446 
7777.917665 1.8685 382.1 0.562 2.234 18.45 25254.7 MSCL2_1701240064 1.000180 0.001322 1.000661 0.001340 1.000396 0.001359 1.000574 0.001380 1.000354 0.001401 
7777.918302 1.8590 380.5 1.601 -0.058 20.23 18616.9 MSCL2_1701240065 1.000514 0.001316 1.001385 0.001336 1.001853 0.001356 1.001740 0.001376 1.001780 0.001397 
7777.918938 1.8495 378.2 0.425 1.086 18.38 22326.9 MSCL2_1701240066 0.999425 0.001308 0.999976 0.001327 1.000120 0.001346 1.000121 0.001367 1.000281 0.001389 
7777.919563 1.8404 452.7 2.317 -0.341 19.64 17907.7 MSCL2_1701240067 0.997753 0.001354 0.999549 0.001380 1.000221 0.001405 1.000731 0.001431 1.000953 0.001459 
7777.920200 1.8311 554.7 -0.091 1.461 18.44 17869.3 MSCL2_1701240068 1.013445 0.001490 1.014302 0.001524 1.014828 0.001560 1.014945 0.001597 1.015644 0.001637 
7777.920836 1.8220 375.1 1.042 0.895 18.81 20286.7 MSCL2_1701240069 0.997777 0.001285 0.999079 0.001304 0.999829 0.001324 0.999965 0.001344 1.000400 0.001366 
7777.921461 1.8132 377.1 1.602 1.145 19.47 21121.2 MSCL2_1701240070 1.000643 0.001281 1.001286 0.001300 1.001632 0.001320 1.001666 0.001340 1.002014 0.001362 
7777.922086 1.8044 368.6 0.237 1.091 18.28 23461.2 MSCL2_1701240071 0.997223 0.001271 0.997648 0.001289 0.997527 0.001308 0.997587 0.001328 0.997863 0.001350 
7777.922700 1.7959 370.9 1.325 0.514 19.05 21153.7 MSCL2_1701240072 0.998807 0.001270 1.000005 0.001289 1.000738 0.001310 1.000801 0.001330 1.000857 0.001352 
7777.923336 1.7872 366.7 1.248 1.324 19.08 21677.2 MSCL2_1701240073 1.001941 0.001265 1.002092 0.001284 1.001824 0.001303 1.001772 0.001324 1.002054 0.001346 
7777.923950 1.7790 366.5 1.134 0.717 19.54 22030.1 MSCL2_1701240074 1.001086 0.001257 1.001159 0.001276 1.000980 0.001295 1.000685 0.001315 1.000650 0.001336 
7777.924575 1.7706 365.5 0.622 0.509 16.84 24541.2 MSCL2_1701240075 0.999239 0.001251 0.999474 0.001269 0.999338 0.001288 0.999185 0.001309 0.999369 0.001330 
7777.925200 1.7623 364.2 1.033 0.723 18.61 22295.9 MSCL2_1701240076 1.002141 0.001251 1.002497 0.001270 1.002621 0.001290 1.002853 0.001311 1.002869 0.001333 
7777.925825 1.7542 365.5 0.890 0.527 19.39 21592.4 MSCL2_1701240077 0.998929 0.001239 0.999338 0.001258 0.999207 0.001277 0.999004 0.001297 0.999076 0.001319 
7777.926450 1.7461 359.8 1.072 0.973 20.45 18447.2 MSCL2_1701240078 1.000000 0.001237 1.001227 0.001256 1.001912 0.001277 1.002249 0.001298 1.002428 0.001320 
7777.927086 1.7380 362.4 0.915 -0.027 18.13 22540.7 MSCL2_1701240079 0.999417 0.001231 0.999875 0.001249 0.999982 0.001269 1.000410 0.001291 1.000733 0.001313 
7777.927711 1.7301 360.6 0.876 1.091 19.67 21005.1 MSCL2_1701240080 1.001128 0.001229 1.001875 0.001248 1.002222 0.001269 1.002569 0.001290 1.002834 0.001313 
7777.928348 1.7221 357.6 0.735 1.554 18.29 22512.8 MSCL2_1701240081 0.999649 0.001219 0.999742 0.001237 0.999459 0.001256 0.999572 0.001277 0.999743 0.001299 
7777.928973 1.7144 357.3 1.318 -0.858 18.83 23285.1 MSCL2_1701240082 1.000892 0.001217 1.001665 0.001236 1.001963 0.001256 1.001801 0.001277 1.001886 0.001299 
7777.929609 1.7066 356.3 0.407 2.719 19.53 20582.3 MSCL2_1701240083 0.997473 0.001207 0.997778 0.001226 0.998022 0.001246 0.998504 0.001268 0.998628 0.001290 
7777.930223 1.6992 354.4 1.010 -0.848 17.97 24393.9 MSCL2_1701240084 1.002547 0.001207 1.003201 0.001226 1.003528 0.001246 1.003304 0.001267 1.003363 0.001289 
7777.930859 1.6916 354.8 0.769 1.149 18.49 21757.5 MSCL2_1701240085 1.001050 0.001202 1.001200 0.001220 1.001476 0.001241 1.001530 0.001262 1.001593 0.001284 
7777.931484 1.6842 354.5 0.962 1.285 19.38 20102.7 MSCL2_1701240086 1.002202 0.001200 1.002809 0.001220 1.003122 0.001241 1.003491 0.001263 1.003671 0.001285 
7777.932121 1.6767 352.2 0.547 -0.209 18.91 21125.2 MSCL2_1701240087 0.999516 0.001192 1.000045 0.001212 1.000272 0.001232 1.000450 0.001254 1.000581 0.001276 
7777.932734 1.6696 347.4 1.286 1.313 19.95 20685.7 MSCL2_1701240088 1.001219 0.001190 1.001627 0.001209 1.001530 0.001229 1.001468 0.001250 1.001086 0.001272 
7777.933359 1.6625 349.9 -0.273 -0.499 18.33 22654.6 MSCL2_1701240089 1.001797 0.001186 1.001994 0.001205 1.002215 0.001225 1.002238 0.001247 1.002716 0.001270 
7777.933984 1.6554 349.0 2.510 1.289 18.09 23327.5 MSCL2_1701240090 1.000671 0.001179 1.000626 0.001198 1.000360 0.001218 1.000047 0.001239 0.999820 0.001260 
7777.934598 1.6485 349.7 -0.098 0.219 18.59 22858.4 MSCL2_1701240091 1.001882 0.001179 1.001753 0.001199 1.001669 0.001219 1.001733 0.001241 1.001723 0.001264 
7777.935234 1.6415 346.3 0.939 0.133 20.15 20836.9 MSCL2_1701240092 0.998946 0.001170 0.998791 0.001189 0.998652 0.001210 0.998363 0.001231 0.998433 0.001253 
7777.935859 1.6346 343.0 1.464 0.663 19.16 24002.3 MSCL2_1701240093 1.002754 0.001170 1.002927 0.001189 1.003251 0.001210 1.003572 0.001232 1.003341 0.001254 
7777.936473 1.6280 339.3 0.636 0.645 17.87 29124.7 MSCL2_1701240094 1.001989 0.001164 1.001695 0.001183 1.001305 0.001203 1.000917 0.001224 1.000848 0.001247 
7777.937098 1.6213 332.4 0.717 0.720 18.06 27634.8 MSCL2_1701240095 1.000762 0.001155 1.000747 0.001174 1.000465 0.001194 1.000442 0.001215 1.000412 0.001237 
7777.937723 1.6146 329.7 0.818 1.148 19.54 24176.2 MSCL2_1701240096 0.999676 0.001152 0.999493 0.001171 0.999174 0.001191 0.998944 0.001212 0.999022 0.001234 
7777.938348 1.6080 332.7 0.646 -0.666 19.75 24913.2 MSCL2_1701240097 1.000397 0.001151 1.000000 0.001170 0.999976 0.001190 1.000330 0.001212 1.000449 0.001235 
7777.938973 1.6015 328.4 -0.221 1.258 18.19 25564.2 MSCL2_1701240098 1.000497 0.001148 1.000604 0.001167 1.000646 0.001188 1.000687 0.001209 1.000636 0.001232 
7777.939609 1.5950 324.7 0.942 -0.190 18.47 24122.9 MSCL2_1701240099 0.998661 0.001137 0.998505 0.001156 0.998205 0.001175 0.997978 0.001196 0.998090 0.001218 
7777.940223 1.5887 317.3 0.179 0.974 17.95 25176.5 MSCL2_1701240100 0.997410 0.001132 0.997667 0.001151 0.997746 0.001171 0.997919 0.001193 0.998020 0.001215 
7777.940859 1.5823 314.5 0.521 0.188 18.64 24690.0 MSCL2_1701240101 0.997530 0.001128 0.997549 0.001147 0.997690 0.001167 0.997416 0.001188 0.997400 0.001209 
7777.941484 1.5761 313.5 0.049 0.396 19.57 23568.3 MSCL2_1701240102 1.000377 0.001129 1.000437 0.001148 1.000241 0.001168 1.000000 0.001189 1.000000 0.001211 
7777.942109 1.5699 309.0 1.007 1.155 20.01 21974.8 MSCL2_1701240103 0.996547 0.001120 0.996185 0.001139 0.996324 0.001159 0.996251 0.001180 0.996092 0.001201 
7777.942734 1.5638 308.4 0.128 -0.534 17.37 28034.5 MSCL2_1701240104 0.997916 0.001119 0.997905 0.001138 0.997533 0.001158 0.996866 0.001178 0.996872 0.001200 
7777.943371 1.5576 304.3 0.307 1.360 20.10 21673.5 MSCL2_1701240105 0.997538 0.001118 0.997797 0.001137 0.997790 0.001158 0.997693 0.001179 0.997947 0.001202 
7777.943996 1.5517 302.0 0.259 -0.308 18.89 24299.7 MSCL2_1701240106 0.996595 0.001110 0.996120 0.001128 0.996137 0.001148 0.995899 0.001169 0.995974 0.001191 
7777.944633 1.5456 302.6 0.977 0.679 18.21 27068.2 MSCL2_1701240107 0.995464 0.001105 0.994953 0.001123 0.994841 0.001143 0.994962 0.001164 0.995045 0.001186 
7777.945258 1.5398 299.7 0.076 0.970 19.00 24937.7 MSCL2_1701240108 0.994008 0.001102 0.994053 0.001121 0.994008 0.001141 0.994427 0.001162 0.994524 0.001185 
7777.945871 1.5341 297.5 0.961 -0.603 19.04 24525.2 MSCL2_1701240109 0.993451 0.001096 0.993614 0.001115 0.993332 0.001135 0.992992 0.001156 0.993089 0.001178 
7777.946496 1.5283 294.0 0.627 1.644 19.83 25878.0 MSCL2_1701240110 0.991607 0.001087 0.991357 0.001105 0.991003 0.001125 0.990447 0.001144 0.990454 0.001166 
7777.947121 1.5226 292.4 0.075 0.274 19.34 25199.0 MSCL2_1701240111 0.991043 0.001085 0.990675 0.001103 0.990469 0.001123 0.990135 0.001143 0.989816 0.001165 
7777.947746 1.5170 292.1 0.783 -0.261 18.99 26627.3 MSCL2_1701240112 0.992046 0.001083 0.991683 0.001102 0.991261 0.001121 0.990917 0.001141 0.991238 0.001163 
7777.948371 1.5114 287.6 0.421 0.797 18.59 30015.2 MSCL2_1701240113 0.992598 0.001079 0.992054 0.001097 0.991451 0.001116 0.991473 0.001137 0.991643 0.001159 
7777.948996 1.5059 285.6 -0.626 0.493 18.28 28416.3 MSCL2_1701240114 0.989034 0.001074 0.988503 0.001092 0.988381 0.001112 0.987955 0.001132 0.987920 0.001154 
7777.949621 1.5005 284.9 0.744 -0.250 17.60 29424.7 MSCL2_1701240115 0.989477 0.001073 0.989034 0.001091 0.988932 0.001111 0.988725 0.001131 0.988606 0.001153 
7777.950258 1.4950 282.8 0.394 1.001 17.43 31877.5 MSCL2_1701240116 0.990037 0.001069 0.989303 0.001087 0.988568 0.001106 0.988445 0.001126 0.988361 0.001148 
7777.950883 1.4896 279.5 0.354 0.037 18.24 29555.2 MSCL2_1701240117 0.989417 0.001064 0.988726 0.001081 0.988154 0.001100 0.988294 0.001121 0.988547 0.001143 
7777.951508 1.4843 283.6 1.145 0.594 17.94 31255.7 MSCL2_1701240118 0.984077 0.001063 0.983202 0.001081 0.982489 0.001100 0.982063 0.001120 0.982217 0.001142 
7777.952144 1.4790 338.1 -0.229 0.850 17.94 27649.2 MSCL2_1701240119 0.985935 0.001167 0.985093 0.001193 0.984590 0.001220 0.984510 0.001250 0.984655 0.001281 
7777.952769 1.4738 615.8 0.695 0.286 18.26 11190.8 MSCL2_1701240120 0.986866 0.002199 0.985635 0.002299 0.985361 0.002405 0.985125 0.002514 0.985392 0.002625 
7777.953393 1.4686 376.2 0.921 1.207 18.43 23268.2 MSCL2_1701240121 0.994316 0.001250 0.993679 0.001282 0.993390 0.001316 0.993473 0.001352 0.993449 0.001389 
7777.954030 1.4635 336.5 0.492 0.692 17.88 28164.4 MSCL2_1701240122 0.981872 0.001148 0.981044 0.001173 0.981074 0.001201 0.980878 0.001230 0.980999 0.001260 
7777.954655 1.4584 687.0 -0.231 -0.560 18.74 9083.5 MSCL2_1701240123 0.957312 0.002689 0.956855 0.002831 0.956174 0.002973 0.956587 0.003124 0.957774 0.003280 
7777.955280 1.4534 391.0 0.293 1.071 18.43 20904.8 MSCL2_1701240124 0.983253 0.001290 0.982526 0.001325 0.982152 0.001364 0.981235 0.001402 0.980828 0.001442 
7777.955916 1.4484 576.7 0.167 -0.330 18.89 9955.2 MSCL2_1701240125 0.976123 0.002457 0.975771 0.002580 0.975810 0.002707 0.975795 0.002836 0.974871 0.002962 
7777.956541 1.4435 411.2 1.106 0.860 17.69 21029.2 MSCL2_1701240126 0.983007 0.001401 0.982200 0.001445 0.981442 0.001491 0.980759 0.001539 0.980466 0.001589 
7777.957178 1.4386 266.3 -0.343 -0.013 17.55 31560.4 MSCL2_1701240127 0.992105 0.001048 0.991356 0.001066 0.990881 0.001086 0.990661 0.001107 0.990340 0.001129 
7777.957803 1.4338 254.1 0.171 0.542 18.56 29660.2 MSCL2_1701240128 0.987615 0.001032 0.987076 0.001050 0.986617 0.001069 0.986305 0.001089 0.986303 0.001111 
7777.958439 1.4289 254.1 0.323 0.051 18.17 27478.5 MSCL2_1701240129 0.989766 0.001033 0.989351 0.001051 0.988899 0.001070 0.988953 0.001090 0.988890 0.001112 
7777.959064 1.4242 309.7 0.414 0.290 18.28 24331.0 MSCL2_1701240130 0.983389 0.001140 0.982661 0.001166 0.982389 0.001193 0.982465 0.001223 0.982582 0.001253 
7777.959689 1.4196 243.9 0.326 0.856 18.70 29941.1 MSCL2_1701240131 0.990257 0.001024 0.989738 0.001041 0.989621 0.001061 0.989472 0.001081 0.989592 0.001102 
7777.960314 1.4149 246.7 0.542 -0.452 18.42 30386.6 MSCL2_1701240132 0.986694 0.001023 0.986131 0.001041 0.986122 0.001061 0.985592 0.001081 0.985479 0.001102 
7777.960939 1.4104 250.0 -0.521 0.921 18.31 26428.0 MSCL2_1701240133 0.985299 0.001029 0.985121 0.001048 0.984986 0.001067 0.984642 0.001088 0.984823 0.001110 
7777.961564 1.4059 240.8 1.217 -0.305 18.76 28060.8 MSCL2_1701240134 0.986848 0.001016 0.986395 0.001033 0.986152 0.001052 0.985925 0.001072 0.985870 0.001093 
7777.962189 1.4014 237.4 -0.460 0.553 18.54 30240.0 MSCL2_1701240135 0.986847 0.001012 0.986098 0.001029 0.985753 0.001048 0.985180 0.001067 0.985349 0.001089 
7777.962803 1.3970 239.3 0.601 0.957 16.94 38222.9 MSCL2_1701240136 0.987231 0.001010 0.986373 0.001028 0.985636 0.001046 0.985108 0.001066 0.984875 0.001087 
7777.963428 1.3926 242.2 0.364 -0.612 17.25 34675.1 MSCL2_1701240137 0.987401 0.001011 0.986307 0.001028 0.985578 0.001047 0.985090 0.001067 0.984737 0.001088 
7777.964053 1.3883 240.7 -0.019 0.735 18.63 28398.4 MSCL2_1701240138 0.987262 0.001007 0.986944 0.001025 0.986515 0.001043 0.986200 0.001063 0.985965 0.001084 
7777.964689 1.3839 237.4 0.198 0.700 17.70 32427.0 MSCL2_1701240139 0.985659 0.001001 0.984739 0.001019 0.984383 0.001038 0.984275 0.001058 0.984121 0.001078 
7777.965314 1.3796 236.1 0.402 -0.496 18.05 30085.1 MSCL2_1701240140 0.986133 0.001003 0.985486 0.001021 0.985018 0.001040 0.984731 0.001060 0.984647 0.001081 
7777.965939 1.3754 235.9 0.414 0.994 18.13 28390.4 MSCL2_1701240141 0.986096 0.001005 0.985665 0.001023 0.985139 0.001042 0.984993 0.001062 0.984976 0.001083 
7777.966553 1.3713 234.9 0.027 -0.740 17.98 26591.5 MSCL2_1701240142 0.985974 0.001003 0.985977 0.001022 0.985767 0.001041 0.985774 0.001061 0.986225 0.001083 
7777.967178 1.3671 233.7 0.322 1.471 17.71 31297.7 MSCL2_1701240143 0.987166 0.001001 0.986426 0.001019 0.986346 0.001039 0.985913 0.001059 0.985688 0.001080 
7777.967803 1.3630 250.1 0.338 -0.866 17.81 31365.3 MSCL2_1701240144 0.988676 0.001038 0.987606 0.001058 0.986944 0.001079 0.986356 0.001102 0.986081 0.001126 
7777.968428 1.3589 229.7 -0.698 1.257 17.76 34834.8 MSCL2_1701240145 0.986559 0.000993 0.985660 0.001010 0.985056 0.001029 0.984384 0.001048 0.984446 0.001070 
7777.969053 1.3549 229.1 0.107 -0.404 17.59 33072.8 MSCL2_1701240146 0.987063 0.000992 0.986130 0.001010 0.985480 0.001028 0.984844 0.001048 0.984944 0.001070 
7777.969678 1.3509 231.9 0.646 -0.087 17.06 35285.9 MSCL2_1701240147 0.988493 0.000997 0.987577 0.001015 0.986782 0.001034 0.986173 0.001054 0.985941 0.001075 
7777.970303 1.3469 225.1 0.021 0.498 17.90 34913.9 MSCL2_1701240148 0.987349 0.000988 0.986322 0.001006 0.985411 0.001024 0.985137 0.001044 0.984921 0.001065 
7777.970928 1.3430 224.1 0.391 0.460 17.06 34252.1 MSCL2_1701240149 0.988063 0.000989 0.987390 0.001007 0.987218 0.001027 0.987081 0.001047 0.986871 0.001068 
7777.971553 1.3391 223.5 -0.077 0.102 17.38 34062.9 MSCL2_1701240150 0.987504 0.000987 0.986550 0.001005 0.985845 0.001023 0.985545 0.001043 0.985667 0.001065 
7777.972178 1.3353 225.9 0.231 0.413 17.42 30219.8 MSCL2_1701240151 0.985116 0.000993 0.984540 0.001011 0.984248 0.001030 0.984142 0.001051 0.984106 0.001073 
7777.972814 1.3314 240.7 0.354 -0.299 17.32 29294.5 MSCL2_1701240152 0.985381 0.001033 0.984733 0.001054 0.984161 0.001077 0.983729 0.001100 0.983534 0.001125 
7777.973451 1.3275 246.0 -0.556 0.446 17.89 25602.2 MSCL2_1701240153 0.982768 0.001045 0.982216 0.001067 0.981697 0.001091 0.981503 0.001115 0.981133 0.001141 
7777.974076 1.3238 215.4 0.213 -0.106 18.69 25199.7 MSCL2_1701240154 0.983473 0.000977 0.983750 0.000996 0.983832 0.001015 0.984022 0.001035 0.984186 0.001056 
7777.974701 1.3201 223.2 0.000 0.545 17.72 25783.3 MSCL2_1701240155 0.983195 0.000998 0.983352 0.001018 0.983280 0.001038 0.983052 0.001060 0.983416 0.001083 
7777.975326 1.3164 334.5 -0.433 -0.396 17.48 20370.2 MSCL2_1701240156 0.983537 0.001276 0.983156 0.001315 0.982799 0.001355 0.982305 0.001397 0.982639 0.001442 
7777.975939 1.3129 235.7 0.686 0.830 17.54 29704.9 MSCL2_1701240157 0.983702 0.001013 0.982997 0.001033 0.982540 0.001054 0.982286 0.001077 0.982236 0.001101 
7777.976564 1.3093 727.1 79.501 -52.094 17.58 2410.0 MSCL2_1701240158 0.714431 0.007289 0.711977 0.007720 0.712033 0.008191 0.716315 0.008764 0.716823 0.009247 
7777.977201 1.3056 703.0 -201.534 -175.554 23.78 1479.6 MSCL2_1701240159 0.251193 0.002759 0.250792 0.002934 0.250537 0.003114 0.250346 0.003283 0.250241 0.003449 
7777.977826 1.3021 580.1 -2.147 -1.121 18.60 3304.2 MSCL2_1701240160 1.001655 0.007164 1.004904 0.007661 1.008543 0.008170 1.009573 0.008660 1.012309 0.009187 
7777.978439 1.2987 466.8 -3.131 -1.241 18.23 7166.2 MSCL2_1701240161 0.993778 0.003366 0.995110 0.003564 0.994934 0.003755 0.995532 0.003955 0.996689 0.004158 
7777.979076 1.2951 265.3 -3.606 -0.414 18.77 23432.3 MSCL2_1701240162 0.989346 0.001115 0.989150 0.001143 0.988338 0.001171 0.988214 0.001202 0.987935 0.001233 
7777.979713 1.2916 199.0 0.576 0.189 18.58 31808.3 MSCL2_1701240163 0.987518 0.000959 0.986931 0.000976 0.986452 0.000994 0.985946 0.001013 0.986074 0.001034 
7777.980338 1.2882 199.3 -0.448 0.102 17.71 36368.0 MSCL2_1701240164 0.986857 0.000956 0.985957 0.000973 0.985373 0.000992 0.984980 0.001011 0.984974 0.001031 
7777.980974 1.2848 198.7 0.616 -0.335 17.22 33646.9 MSCL2_1701240165 0.985798 0.000953 0.984760 0.000970 0.984090 0.000988 0.983506 0.001007 0.983292 0.001027 
7777.981588 1.2815 197.8 -0.418 0.590 17.12 36187.3 MSCL2_1701240166 0.986456 0.000952 0.985768 0.000969 0.985299 0.000987 0.984975 0.001006 0.984944 0.001027 
7777.982213 1.2782 195.8 -0.023 -0.295 17.63 34460.3 MSCL2_1701240167 0.986870 0.000954 0.986358 0.000971 0.985764 0.000990 0.985372 0.001009 0.985327 0.001030 
7777.982838 1.2749 194.0 0.446 0.306 17.34 37318.7 MSCL2_1701240168 0.986690 0.000951 0.985786 0.000968 0.985468 0.000987 0.985073 0.001006 0.985218 0.001027 
7777.983474 1.2716 193.7 -0.003 0.313 17.13 40607.6 MSCL2_1701240169 0.988570 0.000952 0.987554 0.000969 0.986754 0.000987 0.985888 0.001006 0.985640 0.001026 
7777.984099 1.2684 191.7 -0.429 -0.367 17.03 39645.9 MSCL2_1701240170 0.988474 0.000952 0.987277 0.000969 0.986699 0.000987 0.986290 0.001006 0.986325 0.001027 
7777.984736 1.2652 191.3 0.706 0.624 16.99 38581.1 MSCL2_1701240171 0.989282 0.000952 0.988355 0.000969 0.987865 0.000988 0.987468 0.001007 0.987391 0.001028 
7777.985361 1.2620 189.0 0.303 -0.789 16.97 43655.0 MSCL2_1701240172 0.987620 0.000951 0.986664 0.000968 0.986192 0.000987 0.985645 0.001006 0.985684 0.001027 
7777.985997 1.2588 188.2 -0.681 0.748 17.46 36416.8 MSCL2_1701240173 0.987986 0.000946 0.986952 0.000963 0.986348 0.000981 0.986285 0.001001 0.986161 0.001021 
7777.986622 1.2557 187.7 0.152 0.238 17.56 36002.7 MSCL2_1701240174 0.986393 0.000946 0.985186 0.000963 0.984424 0.000981 0.983896 0.001000 0.983730 0.001021 
7777.987247 1.2527 190.4 0.109 -0.769 17.16 36565.3 MSCL2_1701240175 0.987522 0.000951 0.986887 0.000969 0.986378 0.000988 0.986106 0.001008 0.986055 0.001029 
7777.987884 1.2496 198.8 -0.217 0.398 17.82 34621.0 MSCL2_1701240176 0.987868 0.000948 0.987018 0.000966 0.986376 0.000985 0.986025 0.001005 0.985959 0.001026 
7777.988509 1.2465 197.8 0.121 -0.089 17.18 38323.5 MSCL2_1701240177 0.988733 0.000942 0.987862 0.000960 0.987355 0.000978 0.987196 0.000998 0.987301 0.001019 
7777.989145 1.2435 184.0 0.214 -0.072 17.13 37841.0 MSCL2_1701240178 0.987115 0.000936 0.986266 0.000953 0.985589 0.000970 0.985052 0.000989 0.984952 0.001009 
7777.989782 1.2405 181.7 -0.549 0.471 17.49 33679.5 MSCL2_1701240179 0.988406 0.000938 0.987831 0.000956 0.987428 0.000974 0.987131 0.000993 0.986750 0.001013 
7777.990407 1.2376 179.8 0.077 -0.724 15.95 43461.1 MSCL2_1701240180 0.990018 0.000933 0.989077 0.000950 0.988600 0.000968 0.988141 0.000987 0.987702 0.001006 
7777.991032 1.2347 179.1 0.088 0.317 17.22 37607.3 MSCL2_1701240181 0.988338 0.000931 0.987197 0.000947 0.986576 0.000965 0.985968 0.000984 0.985692 0.001003 
7777.991657 1.2318 179.8 0.032 -0.158 17.16 38114.7 MSCL2_1701240182 0.987851 0.000928 0.986812 0.000944 0.985879 0.000962 0.985335 0.000980 0.984829 0.001000 
7777.992294 1.2289 180.6 -0.322 0.025 17.18 40835.3 MSCL2_1701240183 0.987285 0.000924 0.986274 0.000941 0.985585 0.000958 0.984767 0.000977 0.984446 0.000996 
7777.992919 1.2261 180.6 0.368 0.402 16.88 45473.4 MSCL2_1701240184 0.987043 0.000924 0.986012 0.000941 0.985367 0.000959 0.984783 0.000977 0.984603 0.000997 
7777.993554 1.2232 209.0 0.041 -0.385 16.48 40497.2 MSCL2_1701240185 0.990235 0.001014 0.989019 0.001036 0.988090 0.001059 0.987403 0.001083 0.987396 0.001109 
7777.994168 1.2205 178.5 -0.254 0.445 16.84 43797.6 MSCL2_1701240186 0.988301 0.000925 0.987275 0.000941 0.986500 0.000959 0.986070 0.000978 0.985786 0.000998 
7777.994804 1.2177 175.1 0.037 -0.089 17.86 38535.1 MSCL2_1701240187 0.988266 0.000921 0.987207 0.000937 0.986417 0.000954 0.985781 0.000973 0.985415 0.000992 
7777.995429 1.2150 178.2 -0.104 -0.511 16.24 46654.9 MSCL2_1701240188 0.989219 0.000923 0.988264 0.000940 0.987478 0.000958 0.986965 0.000977 0.986607 0.000996 
7777.996043 1.2124 183.8 0.124 0.430 16.49 45446.0 MSCL2_1701240189 0.989323 0.000921 0.988215 0.000938 0.987545 0.000955 0.986810 0.000974 0.986482 0.000994 
7777.996668 1.2097 175.4 -0.278 -0.244 16.60 48758.7 MSCL2_1701240190 0.990154 0.000919 0.988690 0.000935 0.987708 0.000952 0.986954 0.000970 0.986542 0.000990 
7777.997281 1.2071 172.3 0.363 0.110 16.30 50429.6 MSCL2_1701240191 0.989038 0.000918 0.987900 0.000934 0.987166 0.000952 0.986397 0.000970 0.986143 0.000990 
7777.997906 1.2045 171.8 -0.516 0.063 20.67 31990.2 MSCL2_1701240192 0.988150 0.000914 0.987301 0.000931 0.986632 0.000948 0.986190 0.000967 0.986177 0.000987 
7777.998531 1.2019 171.9 0.309 -0.545 21.18 27349.0 MSCL2_1701240193 0.990355 0.000917 0.989573 0.000933 0.989172 0.000951 0.988507 0.000969 0.988120 0.000988 
7777.999156 1.1994 172.6 -0.553 0.257 20.22 30665.5 MSCL2_1701240194 0.989590 0.000914 0.988863 0.000930 0.988307 0.000948 0.987571 0.000966 0.987424 0.000986 
7777.999781 1.1968 172.7 -0.192 -0.042 21.53 27605.5 MSCL2_1701240195 0.990490 0.000916 0.989569 0.000932 0.989068 0.000950 0.988644 0.000969 0.988518 0.000989 
7778.000406 1.1943 170.1 0.167 -0.216 20.99 29337.4 MSCL2_1701240196 0.990972 0.000914 0.990321 0.000931 0.989869 0.000949 0.989506 0.000967 0.989411 0.000987 
7778.001043 1.1918 168.5 -0.476 0.353 20.75 28212.0 MSCL2_1701240197 0.992503 0.000915 0.991899 0.000931 0.991526 0.000949 0.991258 0.000968 0.991060 0.000987 
7778.001679 1.1893 167.8 -0.278 -0.000 20.78 29062.2 MSCL2_1701240198 0.992058 0.000915 0.991444 0.000932 0.991010 0.000950 0.990791 0.000969 0.990671 0.000989 
7778.002304 1.1868 169.2 -0.014 0.003 21.39 27577.4 MSCL2_1701240199 0.993065 0.000915 0.992390 0.000932 0.992172 0.000950 0.991922 0.000969 0.991981 0.000990 
7778.002929 1.1844 168.2 -0.128 -0.393 20.28 29940.5 MSCL2_1701240200 0.992574 0.000912 0.991545 0.000929 0.991069 0.000947 0.990688 0.000965 0.990456 0.000985 
7778.003554 1.1820 167.3 -0.242 0.000 20.79 32085.9 MSCL2_1701240201 0.995309 0.000915 0.994231 0.000931 0.993599 0.000949 0.992967 0.000968 0.992829 0.000988 
7778.004191 1.1796 165.8 -0.088 -0.036 20.93 31822.8 MSCL2_1701240202 0.996385 0.000915 0.995143 0.000931 0.994313 0.000949 0.993663 0.000968 0.993493 0.000988 
7778.004816 1.1772 164.5 -0.284 0.455 21.02 29214.1 MSCL2_1701240203 0.995181 0.000912 0.994671 0.000929 0.993955 0.000947 0.993539 0.000966 0.993442 0.000986 
7778.005452 1.1749 161.9 -0.024 -0.430 20.04 32334.1 MSCL2_1701240204 0.995839 0.000910 0.995120 0.000926 0.994655 0.000944 0.994183 0.000962 0.994248 0.000982 
7778.006089 1.1725 161.9 -0.434 -0.532 20.06 33078.2 MSCL2_1701240205 0.997224 0.000913 0.996393 0.000930 0.995548 0.000948 0.994640 0.000966 0.994545 0.000986 
7778.006702 1.1703 161.1 0.475 -0.140 20.12 33038.6 MSCL2_1701240206 0.997065 0.000909 0.996046 0.000925 0.995444 0.000943 0.994893 0.000961 0.994900 0.000981 
7778.007339 1.1680 160.3 -0.591 0.090 21.16 30176.0 MSCL2_1701240207 1.000000 0.000911 0.999038 0.000927 0.998426 0.000944 0.998033 0.000963 0.997856 0.000983 
7778.007964 1.1657 158.1 0.016 0.227 20.93 28431.5 MSCL2_1701240208 0.996245 0.000906 0.995139 0.000922 0.994378 0.000939 0.993916 0.000957 0.993849 0.000977 
7778.008577 1.1636 155.9 -0.267 -0.728 20.95 28207.5 MSCL2_1701240209 0.998288 0.000907 0.997579 0.000924 0.997201 0.000942 0.996664 0.000960 0.996499 0.000980 
7778.009202 1.1614 156.8 -0.318 0.471 20.33 31005.8 MSCL2_1701240210 0.998759 0.000908 0.997913 0.000924 0.997528 0.000942 0.997195 0.000961 0.996980 0.000981 
7778.009827 1.1592 157.8 -0.243 -0.028 21.23 29122.6 MSCL2_1701240211 1.000164 0.000908 0.999151 0.000924 0.998655 0.000942 0.998342 0.000961 0.998268 0.000980 
7778.010441 1.1571 158.3 -0.225 -0.511 20.64 30962.8 MSCL2_1701240212 1.001592 0.000907 1.000378 0.000923 0.999550 0.000941 0.999037 0.000959 0.998722 0.000979 
7778.011043 1.1550 157.1 -0.427 0.191 20.58 30285.8 MSCL2_1701240213 1.001503 0.000906 1.000763 0.000923 1.000451 0.000941 0.999982 0.000959 0.999695 0.000979 
7778.011679 1.1529 166.2 0.021 -0.229 20.36 32148.1 MSCL2_1701240214 1.001458 0.000909 1.000582 0.000925 0.999880 0.000943 0.999584 0.000962 0.999528 0.000982 
7778.012304 1.1508 160.5 0.137 -0.469 21.05 29736.5 MSCL2_1701240215 1.003902 0.000908 1.003266 0.000925 1.002509 0.000942 1.002107 0.000961 1.002015 0.000981 
7778.012929 1.1487 174.0 -0.368 -0.319 20.62 34387.1 MSCL2_1701240216 1.004959 0.000912 1.004045 0.000929 1.003082 0.000946 1.002558 0.000965 1.002493 0.000986 
7778.013554 1.1466 160.7 -0.335 0.122 21.44 27265.8 MSCL2_1701240217 1.002317 0.000905 1.001877 0.000922 1.001699 0.000940 1.001321 0.000958 1.001532 0.000979 
7778.014168 1.1446 157.7 0.202 -0.173 21.51 26754.5 MSCL2_1701240218 1.004069 0.000905 1.003430 0.000922 1.002781 0.000939 1.002399 0.000958 1.002418 0.000978 
7778.014781 1.1427 155.5 -0.470 -0.414 22.19 24320.9 MSCL2_1701240219 1.003467 0.000904 1.002894 0.000921 1.002221 0.000938 1.001578 0.000956 1.001414 0.000976 
7778.015406 1.1407 154.6 -0.683 0.181 20.01 29159.7 MSCL2_1701240220 1.003640 0.000903 1.002911 0.000919 1.002262 0.000936 1.002161 0.000955 1.002138 0.000975 
7778.016043 1.1387 152.3 0.028 -0.732 20.45 30136.2 MSCL2_1701240221 1.003040 0.000899 1.002025 0.000915 1.001271 0.000932 1.000978 0.000951 1.000992 0.000970 
7778.016679 1.1367 149.8 -0.855 0.542 20.96 31916.9 MSCL2_1701240222 1.003652 0.000900 1.002831 0.000916 1.002226 0.000934 1.001753 0.000952 1.001636 0.000972 
7778.017293 1.1348 147.6 0.304 -0.566 19.77 32083.1 MSCL2_1701240223 1.003975 0.000899 1.003272 0.000915 1.002725 0.000932 1.002218 0.000951 1.002077 0.000970 
7778.017918 1.1329 146.0 -0.283 0.145 20.85 32907.2 MSCL2_1701240224 1.006166 0.000901 1.005002 0.000918 1.004481 0.000935 1.003838 0.000954 1.003637 0.000973 
7778.018554 1.1309 144.6 -0.393 -0.050 20.38 33854.6 MSCL2_1701240225 1.003961 0.000897 1.003043 0.000914 1.002457 0.000931 1.001667 0.000949 1.001182 0.000968 
7778.019179 1.1291 141.4 -0.339 -0.605 19.97 32030.0 MSCL2_1701240226 1.002927 0.000896 1.002457 0.000912 1.001908 0.000929 1.001580 0.000948 1.001391 0.000967 
7778.019793 1.1272 141.1 -0.190 0.037 20.61 28557.7 MSCL2_1701240227 1.003682 0.000896 1.002992 0.000913 1.002497 0.000930 1.002088 0.000948 1.002267 0.000968 
7778.020429 1.1254 139.3 -0.338 -0.393 20.59 29016.8 MSCL2_1701240228 1.002490 0.000892 1.001465 0.000908 1.000806 0.000925 1.000487 0.000943 1.000469 0.000962 
7778.021054 1.1236 139.4 -1.099 0.151 20.24 28454.1 MSCL2_1701240229 1.003346 0.000895 1.002951 0.000911 1.002469 0.000928 1.002250 0.000947 1.002148 0.000966 
7778.021668 1.1218 137.8 0.723 -0.807 20.53 27995.8 MSCL2_1701240230 1.002281 0.000891 1.001612 0.000907 1.001169 0.000925 1.000791 0.000943 1.000807 0.000962 
7778.022304 1.1200 136.0 -1.171 -0.063 19.86 32193.9 MSCL2_1701240231 1.003173 0.000889 1.002442 0.000905 1.001798 0.000922 1.001632 0.000940 1.001602 0.000959 
7778.022918 1.1182 136.0 0.332 -0.058 20.18 30688.3 MSCL2_1701240232 1.005106 0.000892 1.004263 0.000908 1.003670 0.000925 1.003123 0.000943 1.003090 0.000963 
7778.023554 1.1165 137.0 -0.172 -0.280 20.89 26968.0 MSCL2_1701240233 1.003702 0.000890 1.002814 0.000905 1.001922 0.000922 1.001446 0.000940 1.001276 0.000959 
7778.024179 1.1147 135.2 -0.556 0.113 20.89 26347.7 MSCL2_1701240234 1.003980 0.000890 1.002885 0.000906 1.002230 0.000923 1.001830 0.000941 1.001705 0.000960 
7778.024804 1.1130 134.3 -0.054 -0.277 20.25 32645.0 MSCL2_1701240235 1.004534 0.000890 1.003547 0.000906 1.002859 0.000923 1.002424 0.000941 1.002201 0.000960 
7778.025418 1.1114 133.8 -0.556 -0.362 20.76 28698.3 MSCL2_1701240236 1.004792 0.000891 1.004203 0.000907 1.003511 0.000924 1.003292 0.000942 1.003280 0.000962 
7778.026043 1.1097 134.0 -0.234 0.019 20.86 30764.8 MSCL2_1701240237 1.003444 0.000888 1.002656 0.000904 1.001922 0.000921 1.001717 0.000939 1.001666 0.000959 
7778.026668 1.1081 131.8 -0.448 -0.603 20.87 31948.9 MSCL2_1701240238 1.003179 0.000888 1.002296 0.000904 1.001699 0.000921 1.001324 0.000939 1.001009 0.000958 
7778.027293 1.1064 130.1 -0.360 0.480 20.01 32926.0 MSCL2_1701240239 1.003716 0.000886 1.002628 0.000902 1.002120 0.000919 1.001808 0.000937 1.001490 0.000956 
7778.027929 1.1048 147.6 -0.459 -0.617 21.06 29213.4 MSCL2_1701240240 1.003811 0.000891 1.003127 0.000908 1.002551 0.000926 1.002175 0.000944 1.002151 0.000964 
7778.028554 1.1032 130.8 0.133 -0.433 21.60 29512.2 MSCL2_1701240241 1.003233 0.000885 1.002490 0.000901 1.001973 0.000919 1.001584 0.000937 1.001515 0.000956 
7778.029179 1.1016 127.9 -0.860 -0.111 21.69 30858.7 MSCL2_1701240242 1.004574 0.000884 1.003657 0.000900 1.003045 0.000917 1.002573 0.000935 1.002434 0.000954 
7778.029804 1.1000 127.7 -0.123 0.018 22.48 27041.5 MSCL2_1701240243 1.004953 0.000884 1.004356 0.000900 1.003545 0.000917 1.003096 0.000935 1.003097 0.000954 
7778.030429 1.0985 126.4 -0.520 -0.426 20.74 29762.2 MSCL2_1701240244 1.002419 0.000880 1.001534 0.000896 1.001171 0.000913 1.000710 0.000930 1.000549 0.000949 
7778.031054 1.0969 125.2 -0.488 -0.128 21.81 26027.7 MSCL2_1701240245 1.004289 0.000882 1.003838 0.000898 1.003278 0.000915 1.002914 0.000933 1.002889 0.000952 
7778.031679 1.0954 125.9 0.009 -0.408 20.30 30993.8 MSCL2_1701240246 1.003062 0.000880 1.002497 0.000896 1.002010 0.000913 1.001840 0.000931 1.001885 0.000950 
7778.032304 1.0939 125.5 -1.302 0.368 21.39 23642.1 MSCL2_1701240247 1.003497 0.000881 1.003279 0.000897 1.003004 0.000914 1.002872 0.000932 1.002749 0.000951 
7778.032929 1.0924 124.6 -0.627 -1.271 20.86 26594.9 MSCL2_1701240248 1.003666 0.000880 1.003214 0.000896 1.002826 0.000913 1.002423 0.000931 1.002338 0.000950 
7778.033566 1.0909 123.6 0.227 0.383 20.84 30017.3 MSCL2_1701240249 1.003942 0.000879 1.002955 0.000894 1.002080 0.000911 1.001849 0.000929 1.001687 0.000947 
7778.034190 1.0895 123.8 -0.459 -1.221 19.92 31609.0 MSCL2_1701240250 1.004491 0.000878 1.003772 0.000894 1.003234 0.000911 1.002817 0.000928 1.003064 0.000947 
7778.034815 1.0881 123.7 -0.371 0.365 21.03 28030.1 MSCL2_1701240251 1.002367 0.000877 1.001938 0.000893 1.001601 0.000910 1.001208 0.000928 1.001216 0.000947 
7778.035440 1.0866 124.1 -0.188 -0.423 21.67 27229.7 MSCL2_1701240252 1.003328 0.000877 1.002902 0.000893 1.002534 0.000909 1.002199 0.000927 1.002311 0.000946 
7778.036076 1.0852 122.6 -0.551 -0.275 20.73 27667.6 MSCL2_1701240253 1.001626 0.000877 1.001238 0.000893 1.000768 0.000910 1.000419 0.000927 1.000405 0.000946 
7778.036701 1.0838 120.1 -0.771 -0.419 19.85 28776.0 MSCL2_1701240254 1.002394 0.000875 1.001962 0.000890 1.001580 0.000907 1.001239 0.000925 1.000872 0.000943 
7778.037338 1.0824 120.8 0.301 -0.087 20.22 30652.0 MSCL2_1701240255 1.003792 0.000876 1.003094 0.000892 1.002544 0.000908 1.002153 0.000926 1.002193 0.000945 
7778.037951 1.0811 121.6 -0.634 -0.674 21.04 30312.3 MSCL2_1701240256 1.002524 0.000875 1.002024 0.000891 1.001554 0.000908 1.001302 0.000926 1.001144 0.000945 
7778.038588 1.0798 125.7 -0.450 0.085 21.22 28449.2 MSCL2_1701240257 1.003200 0.000876 1.002598 0.000892 1.002003 0.000909 1.001393 0.000927 1.001153 0.000945 
7778.039213 1.0784 131.6 -0.785 -0.092 22.50 23748.4 MSCL2_1701240258 1.004141 0.000877 1.003697 0.000893 1.003379 0.000911 1.003052 0.000929 1.003075 0.000948 
7778.039838 1.0771 120.7 -0.421 -0.927 21.74 25419.4 MSCL2_1701240259 1.002089 0.000873 1.001634 0.000888 1.001393 0.000905 1.000914 0.000923 1.000909 0.000942 
7778.040474 1.0758 118.5 -0.667 -0.046 19.53 29527.7 MSCL2_1701240260 1.003924 0.000874 1.003157 0.000890 1.002831 0.000907 1.002393 0.000924 1.002161 0.000943 
7778.041099 1.0745 117.3 -0.364 -0.678 20.74 27693.9 MSCL2_1701240261 1.003017 0.000872 1.002166 0.000887 1.001586 0.000904 1.001442 0.000922 1.001617 0.000941 
7778.041724 1.0733 116.1 -0.290 -0.327 20.11 30248.6 MSCL2_1701240262 1.001133 0.000870 1.000572 0.000886 1.000000 0.000902 0.999694 0.000920 0.999659 0.000938 
7778.042361 1.0720 114.2 -0.411 -0.298 20.82 29294.5 MSCL2_1701240263 1.003092 0.000870 1.002720 0.000886 1.002288 0.000902 1.002075 0.000920 1.001824 0.000938 
7778.042986 1.0708 111.9 -0.206 -0.078 20.78 32013.4 MSCL2_1701240264 1.003754 0.000870 1.003054 0.000885 1.002468 0.000902 1.001909 0.000919 1.001876 0.000937 
7778.043611 1.0696 109.4 -0.885 -0.722 20.30 33239.1 MSCL2_1701240265 1.005198 0.000871 1.004464 0.000886 1.004077 0.000903 1.003674 0.000920 1.003404 0.000938 
7778.044236 1.0684 109.7 -0.388 0.190 21.02 29185.2 MSCL2_1701240266 1.002972 0.000867 1.002158 0.000882 1.001720 0.000898 1.001385 0.000916 1.001420 0.000934 
7778.044861 1.0672 109.1 -0.594 -0.693 20.70 33603.6 MSCL2_1701240267 1.003484 0.000868 1.002755 0.000884 1.002205 0.000900 1.001707 0.000917 1.001417 0.000936 
7778.045486 1.0660 108.7 -0.598 -0.552 20.34 33620.8 MSCL2_1701240268 1.003961 0.000867 1.003264 0.000883 1.002935 0.000899 1.002663 0.000917 1.002595 0.000935 
7778.046111 1.0649 107.8 -0.223 -0.080 21.38 29807.1 MSCL2_1701240269 1.004324 0.000870 1.003549 0.000886 1.003166 0.000903 1.002965 0.000920 1.003120 0.000939 
7778.046736 1.0638 105.4 -0.646 -0.355 21.08 31558.5 MSCL2_1701240270 1.002893 0.000866 1.002113 0.000881 1.001658 0.000897 1.001053 0.000914 1.000718 0.000932 
7778.047373 1.0626 104.7 -0.484 -0.351 21.05 27356.8 MSCL2_1701240271 1.003431 0.000867 1.002729 0.000882 1.002219 0.000899 1.001774 0.000916 1.001668 0.000935 
7778.047998 1.0615 104.5 -0.456 -0.430 21.25 24542.7 MSCL2_1701240272 1.003604 0.000867 1.003310 0.000883 1.002949 0.000899 1.002816 0.000917 1.002660 0.000935 
7778.048611 1.0604 102.9 -0.330 -0.241 20.77 29088.8 MSCL2_1701240273 1.001962 0.000866 1.001463 0.000881 1.001312 0.000898 1.000951 0.000915 1.000783 0.000934 
7778.049236 1.0594 102.9 -1.369 -0.714 21.97 22679.6 MSCL2_1701240274 1.003208 0.000867 1.002947 0.000883 1.002758 0.000900 1.002513 0.000917 1.002460 0.000936 
7778.049861 1.0583 104.1 -0.078 -0.608 21.96 25914.3 MSCL2_1701240275 1.004382 0.000866 1.003818 0.000882 1.003167 0.000898 1.002765 0.000915 1.002599 0.000933 
7778.050486 1.0572 103.7 -0.373 0.044 20.38 26969.0 MSCL2_1701240276 1.003192 0.000866 1.003003 0.000881 1.002767 0.000898 1.002328 0.000915 1.002340 0.000934 
7778.051123 1.0562 101.9 -0.524 -1.203 20.67 30799.2 MSCL2_1701240277 1.003144 0.000862 1.002293 0.000877 1.001757 0.000893 1.001218 0.000910 1.000859 0.000928 
7778.051736 1.0552 100.7 -0.755 0.002 20.52 30211.9 MSCL2_1701240278 1.005294 0.000865 1.004325 0.000880 1.003802 0.000896 1.003357 0.000913 1.003013 0.000931 
7778.052361 1.0542 100.3 -0.569 -0.513 21.30 26979.2 MSCL2_1701240279 1.004735 0.000865 1.003909 0.000880 1.003670 0.000897 1.003326 0.000914 1.003353 0.000932 
7778.052986 1.0532 100.8 0.053 -0.269 19.99 29553.6 MSCL2_1701240280 1.003801 0.000863 1.002923 0.000878 1.002049 0.000894 1.001552 0.000911 1.001376 0.000929 
7778.053623 1.0522 99.5 -0.769 -0.611 21.61 28613.8 MSCL2_1701240281 1.003956 0.000862 1.003407 0.000877 1.003102 0.000894 1.002880 0.000911 1.002918 0.000930 
7778.054259 1.0512 99.6 -0.447 -0.956 20.50 29855.4 MSCL2_1701240282 1.005267 0.000863 1.004433 0.000878 1.003802 0.000894 1.003215 0.000911 1.002976 0.000929 
7778.054884 1.0503 98.3 -0.279 0.360 21.09 30838.4 MSCL2_1701240283 1.004962 0.000862 1.004173 0.000877 1.003541 0.000894 1.003253 0.000911 1.002989 0.000929 
7778.055509 1.0493 97.4 -0.330 -1.039 20.77 30134.5 MSCL2_1701240284 1.002747 0.000859 1.002133 0.000874 1.001617 0.000890 1.001012 0.000907 1.000994 0.000925 
7778.056134 1.0484 97.6 -0.965 0.152 20.13 33227.9 MSCL2_1701240285 1.006558 0.000863 1.005617 0.000878 1.005026 0.000894 1.004610 0.000912 1.004839 0.000930 
7778.056759 1.0475 96.7 -0.196 -1.508 21.81 24958.6 MSCL2_1701240286 1.003809 0.000859 1.003316 0.000874 1.002648 0.000890 1.002243 0.000907 1.002300 0.000925 
7778.057384 1.0466 96.5 -1.191 0.999 21.18 29788.3 MSCL2_1701240287 1.004333 0.000860 1.003641 0.000875 1.003071 0.000891 1.002761 0.000908 1.002608 0.000926 
7778.058009 1.0457 96.2 -0.655 -1.150 21.37 25983.3 MSCL2_1701240288 1.003958 0.000858 1.003157 0.000872 1.002577 0.000888 1.001831 0.000905 1.001652 0.000922 
7778.058646 1.0449 93.9 -0.118 -0.581 20.01 37801.7 MSCL2_1701240289 1.004042 0.000857 1.003111 0.000872 1.002442 0.000888 1.001823 0.000905 1.001622 0.000923 
7778.059282 1.0440 94.3 -0.954 -0.062 21.18 26431.5 MSCL2_1701240290 1.003443 0.000858 1.002870 0.000873 1.002350 0.000889 1.001976 0.000906 1.001829 0.000924 
7778.059907 1.0431 94.7 0.397 -1.601 19.76 34039.6 MSCL2_1701240291 1.003691 0.000856 1.002803 0.000871 1.002291 0.000887 1.001447 0.000904 1.001233 0.000922 
7778.060532 1.0423 94.4 -0.671 0.032 20.92 37984.6 MSCL2_1701240292 1.005583 0.000858 1.004472 0.000873 1.003801 0.000889 1.003242 0.000906 1.003041 0.000923 
7778.061157 1.0415 93.0 -0.495 -0.661 21.07 31510.6 MSCL2_1701240293 1.005018 0.000858 1.004189 0.000873 1.003549 0.000889 1.002987 0.000905 1.002881 0.000923 
7778.061794 1.0407 93.7 -0.568 -0.400 20.92 26265.5 MSCL2_1701240294 1.004278 0.000857 1.003533 0.000872 1.003039 0.000888 1.002671 0.000905 1.002662 0.000923 
7778.062396 1.0399 98.9 -1.020 -1.013 21.06 26143.6 MSCL2_1701240295 1.004604 0.000860 1.003840 0.000875 1.003192 0.000892 1.002797 0.000909 1.002748 0.000927 
7778.063032 1.0392 102.7 -0.092 -0.651 20.70 29283.2 MSCL2_1701240296 1.003631 0.000858 1.002683 0.000873 1.002080 0.000890 1.001726 0.000907 1.001421 0.000925 
7778.063657 1.0384 92.5 -0.441 -0.311 20.84 33790.1 MSCL2_1701240297 1.005636 0.000859 1.004740 0.000874 1.003975 0.000890 1.003638 0.000907 1.003529 0.000926 
7778.064294 1.0376 92.7 -0.591 -0.705 21.16 30302.9 MSCL2_1701240298 1.003933 0.000857 1.003068 0.000871 1.002490 0.000887 1.001848 0.000904 1.001687 0.000922 
7778.064919 1.0369 90.7 -0.341 -0.689 20.73 32655.5 MSCL2_1701240299 1.005796 0.000860 1.004688 0.000875 1.003809 0.000891 1.003292 0.000908 1.002859 0.000926 
7778.065555 1.0362 89.8 -0.155 -0.485 18.91 38369.6 MSCL2_1701240300 1.005268 0.000857 1.004265 0.000872 1.003452 0.000887 1.003046 0.000904 1.002857 0.000922 
7778.066180 1.0355 89.7 -1.043 -0.214 20.27 31997.6 MSCL2_1701240301 1.003351 0.000853 1.002517 0.000868 1.001802 0.000883 1.001487 0.000900 1.001406 0.000918 
