# BJD(TDB)-2450000 airmass sky(ADU) dx(pix) dy(pix) fwhm(pix) peak(ADU) frame flux(r=28.0) err(r=28.0) flux(r=30.0) err(r=30.0) flux(r=32.0) err(r=32.0) flux(r=34.0) err(r=34.0) flux(r=36.0) err(r=36.0) 
7777.909506 2.0020 2403.4 -0.935 0.031 20.40 25088.1 MSCL0_1701240051 1.009818 0.001400 1.010042 0.001416 1.010846 0.001434 1.011295 0.001452 1.011341 0.001470 
7777.910247 1.9890 2331.7 -1.152 -0.389 18.66 27535.2 MSCL0_1701240052 1.010929 0.001384 1.011041 0.001399 1.011765 0.001416 1.012088 0.001433 1.012318 0.001451 
7777.910988 1.9762 2285.2 -1.875 -0.652 20.48 24268.0 MSCL0_1701240053 1.008083 0.001366 1.008988 0.001382 1.010027 0.001399 1.010490 0.001416 1.010377 0.001433 
7777.911740 1.9633 2258.8 -0.495 0.616 20.46 23723.2 MSCL0_1701240054 1.007579 0.001354 1.008756 0.001369 1.009470 0.001386 1.009951 0.001403 1.010182 0.001421 
7777.912480 1.9509 2234.5 -1.299 -0.820 21.79 22032.3 MSCL0_1701240055 1.005631 0.001340 1.007031 0.001355 1.008689 0.001373 1.009702 0.001390 1.010018 0.001408 
7777.913232 1.9384 2211.1 -0.912 0.765 20.84 24325.8 MSCL0_1701240056 1.009549 0.001332 1.010616 0.001348 1.011747 0.001365 1.012530 0.001382 1.012799 0.001399 
7777.913984 1.9261 2202.9 -1.234 -0.501 19.99 24663.4 MSCL0_1701240057 1.007475 0.001319 1.007952 0.001334 1.008885 0.001350 1.009630 0.001367 1.009918 0.001385 
7777.914725 1.9142 2194.0 -1.542 -0.512 20.60 23384.1 MSCL0_1701240058 1.010053 0.001314 1.010624 0.001330 1.011571 0.001347 1.011893 0.001364 1.012482 0.001382 
7777.915466 1.9025 2149.1 -1.067 0.865 20.86 24025.2 MSCL0_1701240059 1.006901 0.001295 1.007835 0.001310 1.008747 0.001327 1.009431 0.001343 1.009698 0.001361 
7777.916218 1.8907 2136.9 -0.677 -0.072 19.50 27276.1 MSCL0_1701240060 1.007034 0.001283 1.007230 0.001298 1.007282 0.001313 1.007442 0.001329 1.007863 0.001346 
7777.916959 1.8793 2173.4 -1.143 -0.413 20.10 25210.3 MSCL0_1701240061 1.008389 0.001285 1.008776 0.001300 1.009383 0.001317 1.009824 0.001334 1.009856 0.001352 
7777.917700 1.8680 2072.6 -1.892 1.160 19.76 27666.3 MSCL0_1701240062 1.005610 0.001260 1.006029 0.001275 1.006517 0.001290 1.006922 0.001306 1.007120 0.001323 
7777.918452 1.8567 2040.3 -1.036 -0.068 22.02 21479.8 MSCL0_1701240063 1.005559 0.001250 1.006564 0.001264 1.007780 0.001280 1.008538 0.001296 1.008519 0.001313 
7777.919193 1.8458 2068.6 -0.676 -0.986 20.15 24868.3 MSCL0_1701240064 1.004879 0.001245 1.005515 0.001260 1.006073 0.001276 1.006950 0.001293 1.007173 0.001310 
7777.919922 1.8352 2673.4 -1.390 0.167 20.78 17534.2 MSCL0_1701240065 1.012284 0.001402 1.013936 0.001431 1.015279 0.001462 1.016109 0.001494 1.017172 0.001528 
7777.920674 1.8243 2002.6 -0.630 0.257 19.77 24410.3 MSCL0_1701240066 1.005065 0.001222 1.006149 0.001237 1.007441 0.001253 1.008344 0.001269 1.008800 0.001286 
7777.921415 1.8138 1975.2 -0.865 0.331 20.83 24856.2 MSCL0_1701240067 1.006557 0.001212 1.007769 0.001226 1.008744 0.001242 1.009524 0.001258 1.009778 0.001274 
7777.922156 1.8035 1960.5 -2.635 0.248 20.40 25158.6 MSCL0_1701240068 1.004093 0.001202 1.004899 0.001216 1.006400 0.001232 1.007091 0.001248 1.007488 0.001265 
7777.922896 1.7933 1946.7 0.188 -0.668 20.23 24885.7 MSCL0_1701240069 1.006176 0.001194 1.006881 0.001208 1.007567 0.001223 1.008001 0.001239 1.008176 0.001255 
7777.923637 1.7832 1929.8 -0.606 1.158 20.07 25938.6 MSCL0_1701240070 1.008444 0.001188 1.008979 0.001202 1.009814 0.001217 1.010231 0.001233 1.010708 0.001249 
7777.924389 1.7731 1911.3 -1.405 -0.641 20.59 25533.9 MSCL0_1701240071 1.006683 0.001175 1.007264 0.001189 1.007991 0.001204 1.008606 0.001219 1.008997 0.001235 
7777.925130 1.7633 1907.1 -0.870 0.329 19.32 26297.1 MSCL0_1701240072 1.003816 0.001167 1.004449 0.001181 1.005413 0.001196 1.006326 0.001212 1.006814 0.001229 
7777.925883 1.7534 1896.4 -1.327 -0.158 21.02 24475.9 MSCL0_1701240073 1.004328 0.001160 1.005047 0.001174 1.005782 0.001189 1.006875 0.001205 1.007258 0.001221 
7777.926623 1.7439 1871.1 -0.423 0.353 20.31 23722.4 MSCL0_1701240074 1.006164 0.001152 1.007123 0.001166 1.007858 0.001181 1.008532 0.001196 1.008657 0.001212 
7777.927364 1.7344 1855.7 -0.938 -0.417 20.71 23634.0 MSCL0_1701240075 1.003736 0.001141 1.005033 0.001156 1.006117 0.001171 1.006840 0.001186 1.007395 0.001202 
7777.928116 1.7250 1836.5 -0.891 1.614 20.32 24403.8 MSCL0_1701240076 1.004378 0.001134 1.005004 0.001148 1.005950 0.001163 1.006437 0.001178 1.006627 0.001194 
7777.928857 1.7158 1797.6 -0.526 -1.463 19.06 27145.9 MSCL0_1701240077 1.007520 0.001127 1.007870 0.001140 1.008425 0.001154 1.008961 0.001169 1.009130 0.001185 
7777.929598 1.7067 1778.6 -1.336 1.667 20.65 24469.0 MSCL0_1701240078 1.003394 0.001117 1.003767 0.001130 1.004627 0.001145 1.005379 0.001160 1.005722 0.001176 
7777.930339 1.6978 1765.6 -0.756 -1.323 19.12 27424.3 MSCL0_1701240079 1.007049 0.001113 1.007344 0.001126 1.007703 0.001140 1.008170 0.001155 1.008392 0.001171 
7777.931091 1.6888 1747.7 -0.685 0.820 18.99 26819.8 MSCL0_1701240080 1.005570 0.001104 1.005999 0.001117 1.006416 0.001130 1.007116 0.001145 1.007557 0.001161 
7777.931832 1.6801 1730.6 -0.871 0.394 21.21 22355.5 MSCL0_1701240081 1.003184 0.001094 1.004126 0.001107 1.005356 0.001121 1.006068 0.001136 1.006366 0.001151 
7777.932584 1.6714 1723.5 -0.816 0.109 20.99 23694.1 MSCL0_1701240082 1.004438 0.001091 1.005200 0.001104 1.006264 0.001118 1.006918 0.001133 1.007119 0.001149 
7777.933325 1.6629 1719.3 -1.833 -0.465 19.73 25188.1 MSCL0_1701240083 1.007402 0.001088 1.008193 0.001101 1.009271 0.001116 1.010244 0.001131 1.010616 0.001147 
7777.934042 1.6548 1696.6 0.628 0.878 19.48 27427.1 MSCL0_1701240084 1.004283 0.001078 1.004678 0.001091 1.005560 0.001106 1.005819 0.001121 1.005851 0.001136 
7777.934795 1.6463 1686.9 -1.581 -0.301 20.13 25706.6 MSCL0_1701240085 1.005669 0.001073 1.005997 0.001085 1.006614 0.001099 1.006828 0.001114 1.007218 0.001129 
7777.935535 1.6382 1666.6 0.070 -0.208 20.96 25933.5 MSCL0_1701240086 1.005843 0.001067 1.006275 0.001080 1.006552 0.001093 1.006650 0.001108 1.006913 0.001123 
7777.936276 1.6301 1645.2 -0.931 0.743 18.90 31441.7 MSCL0_1701240087 1.004483 0.001056 1.004128 0.001068 1.004039 0.001081 1.004186 0.001095 1.004175 0.001109 
7777.937017 1.6221 1623.2 -0.486 0.035 18.52 33703.6 MSCL0_1701240088 1.005558 0.001051 1.005639 0.001063 1.005874 0.001077 1.006221 0.001091 1.006219 0.001106 
7777.937769 1.6141 1630.6 -0.601 0.594 20.87 26624.7 MSCL0_1701240089 1.004695 0.001045 1.004647 0.001058 1.004854 0.001071 1.004956 0.001085 1.005203 0.001100 
7777.938510 1.6064 1621.8 -1.057 -0.928 21.13 26892.9 MSCL0_1701240090 1.003187 0.001039 1.003533 0.001052 1.004141 0.001066 1.004385 0.001080 1.004544 0.001095 
7777.939251 1.5987 1615.8 -0.994 0.624 19.30 27941.8 MSCL0_1701240091 1.003748 0.001036 1.003979 0.001049 1.004453 0.001063 1.004651 0.001077 1.004795 0.001092 
7777.939991 1.5911 1587.4 -0.889 -0.731 19.76 28699.3 MSCL0_1701240092 1.002590 0.001027 1.002607 0.001039 1.002643 0.001053 1.003039 0.001067 1.003297 0.001082 
7777.940732 1.5836 1575.2 -0.811 0.630 19.81 27336.0 MSCL0_1701240093 1.000393 0.001019 1.000982 0.001032 1.001698 0.001046 1.002006 0.001060 1.002426 0.001075 
7777.941484 1.5761 1576.4 -1.119 0.160 20.38 27615.5 MSCL0_1701240094 1.002222 0.001017 1.002309 0.001030 1.002873 0.001044 1.003099 0.001058 1.003205 0.001073 
7777.942225 1.5688 1566.7 -0.312 0.852 20.84 25652.1 MSCL0_1701240095 0.999840 0.001012 1.000400 0.001025 1.001079 0.001039 1.001628 0.001054 1.001773 0.001069 
7777.942966 1.5616 1558.3 -0.883 0.151 18.75 30575.9 MSCL0_1701240096 0.999567 0.001004 0.999208 0.001016 0.999490 0.001030 0.999838 0.001045 1.000039 0.001060 
7777.943718 1.5543 1549.1 -0.889 -0.162 19.96 28114.8 MSCL0_1701240097 0.998878 0.000998 0.998712 0.001010 0.998717 0.001024 0.998783 0.001038 0.998699 0.001052 
7777.944471 1.5472 1540.3 -0.525 0.322 19.55 28369.5 MSCL0_1701240098 0.998950 0.000995 0.998737 0.001007 0.999305 0.001021 0.999452 0.001036 0.999364 0.001050 
7777.945211 1.5402 1509.5 -1.111 0.526 19.84 28784.9 MSCL0_1701240099 0.995833 0.000983 0.996009 0.000995 0.996624 0.001008 0.997192 0.001022 0.997386 0.001037 
7777.945940 1.5334 1479.6 -0.162 -0.340 20.00 28409.9 MSCL0_1701240100 0.995066 0.000976 0.995046 0.000988 0.995226 0.001001 0.995314 0.001014 0.995490 0.001029 
7777.946681 1.5266 1458.8 -0.428 0.780 20.65 29708.2 MSCL0_1701240101 0.996183 0.000971 0.996235 0.000982 0.996434 0.000995 0.996448 0.001008 0.996612 0.001022 
7777.947422 1.5199 1451.1 -1.009 -0.255 19.98 30682.9 MSCL0_1701240102 0.993456 0.000968 0.993487 0.000980 0.993649 0.000993 0.993557 0.001007 0.993548 0.001021 
7777.948174 1.5132 1440.7 -0.288 0.064 19.37 34538.2 MSCL0_1701240103 0.995003 0.000962 0.994606 0.000973 0.994564 0.000986 0.994509 0.000999 0.994457 0.001013 
7777.948915 1.5066 1424.5 -1.721 0.375 19.05 32713.7 MSCL0_1701240104 0.992878 0.000955 0.992601 0.000966 0.992938 0.000979 0.993198 0.000993 0.993563 0.001007 
7777.949656 1.5002 1417.7 -0.413 -0.339 18.49 33856.7 MSCL0_1701240105 0.992474 0.000953 0.992254 0.000964 0.992277 0.000977 0.992333 0.000991 0.992539 0.001005 
7777.950385 1.4939 1394.0 -0.503 0.591 18.47 35597.1 MSCL0_1701240106 0.991879 0.000943 0.991016 0.000954 0.990652 0.000966 0.990783 0.000979 0.990626 0.000993 
7777.951137 1.4874 1381.8 -0.452 -0.285 18.70 33829.7 MSCL0_1701240107 0.988630 0.000937 0.988240 0.000948 0.988338 0.000960 0.988418 0.000973 0.988273 0.000987 
7777.951878 1.4812 1500.3 -0.840 0.527 19.05 32331.5 MSCL0_1701240108 0.984393 0.000975 0.983689 0.000989 0.983641 0.001005 0.983438 0.001022 0.983219 0.001039 
7777.952607 1.4751 2059.2 -0.577 0.493 19.30 20220.5 MSCL0_1701240109 0.988530 0.001263 0.988004 0.001300 0.987878 0.001339 0.987786 0.001380 0.988302 0.001422 
7777.953358 1.4689 1852.8 0.034 0.943 18.95 24672.0 MSCL0_1701240110 0.991766 0.001133 0.991494 0.001160 0.991620 0.001189 0.990966 0.001218 0.991123 0.001249 
7777.954088 1.4630 1589.2 -0.836 0.350 18.70 31593.0 MSCL0_1701240111 0.974341 0.000995 0.973865 0.001013 0.973573 0.001031 0.973275 0.001051 0.972850 0.001071 
7777.954828 1.4570 2548.6 -0.147 0.865 19.88 12752.6 MSCL0_1701240112 0.970421 0.001936 0.969421 0.002025 0.969289 0.002119 0.969595 0.002215 0.969631 0.002312 
7777.955569 1.4511 1944.3 -0.569 0.156 19.26 21161.8 MSCL0_1701240113 0.981195 0.001237 0.980774 0.001273 0.980452 0.001311 0.980338 0.001351 0.980803 0.001392 
7777.956321 1.4452 2020.9 -0.540 -0.019 18.63 17611.5 MSCL0_1701240114 0.975792 0.001410 0.975245 0.001460 0.975412 0.001512 0.975110 0.001566 0.974950 0.001621 
7777.957074 1.4394 1338.0 -0.871 0.189 18.46 35606.4 MSCL0_1701240115 0.991819 0.000922 0.991255 0.000933 0.990883 0.000946 0.990529 0.000960 0.990323 0.000974 
7777.957814 1.4337 1276.5 -0.593 0.414 18.95 33705.3 MSCL0_1701240116 0.987912 0.000898 0.987453 0.000909 0.987278 0.000920 0.987008 0.000933 0.987084 0.000946 
7777.958567 1.4280 1336.8 -0.461 -0.534 19.04 31255.0 MSCL0_1701240117 0.992475 0.000923 0.991912 0.000935 0.991848 0.000948 0.992108 0.000963 0.991931 0.000977 
7777.959307 1.4224 1349.5 -0.434 0.900 19.73 32853.7 MSCL0_1701240118 0.980115 0.000914 0.979567 0.000927 0.979543 0.000941 0.979599 0.000956 0.979532 0.000971 
7777.960048 1.4169 1271.5 -0.214 -0.118 19.34 35259.6 MSCL0_1701240119 0.988396 0.000889 0.987940 0.000900 0.987821 0.000912 0.987659 0.000924 0.987935 0.000938 
7777.960789 1.4115 1301.0 -0.877 0.344 18.98 32167.0 MSCL0_1701240120 0.983153 0.000891 0.982872 0.000903 0.983159 0.000915 0.983373 0.000929 0.983469 0.000943 
7777.961530 1.4061 1272.2 0.456 -0.361 19.49 32369.9 MSCL0_1701240121 0.985144 0.000881 0.984675 0.000891 0.984587 0.000903 0.984664 0.000916 0.984380 0.000929 
7777.962270 1.4008 1254.4 -0.804 0.534 19.04 36284.3 MSCL0_1701240122 0.985912 0.000875 0.985251 0.000885 0.984771 0.000896 0.984321 0.000908 0.984224 0.000921 
7777.963011 1.3955 1252.6 -0.424 0.411 18.27 43446.5 MSCL0_1701240123 0.985139 0.000871 0.983955 0.000881 0.983660 0.000893 0.983289 0.000905 0.983035 0.000917 
7777.963763 1.3903 1243.3 -0.171 -0.671 18.65 35842.2 MSCL0_1701240124 0.986183 0.000869 0.985655 0.000879 0.985659 0.000891 0.985486 0.000903 0.985637 0.000915 
7777.964504 1.3851 1220.8 -0.667 1.451 18.52 39874.4 MSCL0_1701240125 0.985094 0.000864 0.984295 0.000875 0.984250 0.000886 0.984039 0.000899 0.983894 0.000911 
7777.965257 1.3800 1205.4 -0.196 -0.689 19.20 36410.2 MSCL0_1701240126 0.982904 0.000860 0.982313 0.000870 0.982330 0.000882 0.982372 0.000894 0.982173 0.000906 
7777.965997 1.3750 1201.8 0.014 0.757 19.05 32163.0 MSCL0_1701240127 0.983642 0.000862 0.983244 0.000873 0.983530 0.000885 0.983909 0.000898 0.984060 0.000911 
7777.966738 1.3700 1178.5 -0.535 -0.159 18.80 32698.4 MSCL0_1701240128 0.984299 0.000859 0.984310 0.000870 0.984775 0.000882 0.984949 0.000895 0.985065 0.000908 
7777.967479 1.3651 1199.7 -0.360 0.473 18.77 36195.8 MSCL0_1701240129 0.986270 0.000876 0.985558 0.000887 0.985436 0.000900 0.985331 0.000914 0.985401 0.000928 
7777.968231 1.3602 1128.1 -0.662 0.081 18.58 38076.1 MSCL0_1701240130 0.984993 0.000848 0.984097 0.000858 0.983673 0.000869 0.983440 0.000881 0.983169 0.000893 
7777.968972 1.3554 1108.9 -0.493 -0.039 18.27 38626.9 MSCL0_1701240131 0.984793 0.000845 0.983858 0.000855 0.983638 0.000866 0.983665 0.000877 0.983610 0.000890 
7777.969713 1.3507 1112.5 0.124 -0.087 18.69 40562.1 MSCL0_1701240132 0.984736 0.000846 0.984067 0.000857 0.983804 0.000868 0.983401 0.000879 0.983202 0.000892 
7777.970465 1.3459 1080.2 -0.438 0.382 18.80 41094.4 MSCL0_1701240133 0.983926 0.000835 0.982984 0.000845 0.982793 0.000855 0.982573 0.000866 0.982419 0.000878 
7777.971206 1.3413 1068.2 -0.195 0.103 18.23 37499.9 MSCL0_1701240134 0.984622 0.000835 0.983921 0.000844 0.983689 0.000855 0.983621 0.000866 0.983422 0.000878 
7777.971958 1.3366 1074.2 -0.281 0.396 17.79 38111.7 MSCL0_1701240135 0.982953 0.000835 0.982096 0.000845 0.981633 0.000855 0.981506 0.000867 0.981461 0.000879 
7777.972699 1.3321 1123.0 -0.142 -0.332 18.68 33885.0 MSCL0_1701240136 0.980682 0.000855 0.980441 0.000867 0.980403 0.000879 0.980344 0.000893 0.980152 0.000907 
7777.973439 1.3276 1123.6 -0.733 0.245 18.71 31446.9 MSCL0_1701240137 0.978632 0.000859 0.978208 0.000871 0.978426 0.000884 0.978443 0.000898 0.978434 0.000913 
7777.974192 1.3231 1040.0 0.080 -0.149 19.22 29536.7 MSCL0_1701240138 0.977935 0.000824 0.978261 0.000834 0.978829 0.000845 0.979202 0.000857 0.979281 0.000869 
7777.974932 1.3187 1099.7 -0.772 0.298 18.84 30573.2 MSCL0_1701240139 0.972689 0.000849 0.972368 0.000861 0.972237 0.000874 0.972395 0.000887 0.972563 0.000902 
7777.975685 1.3143 1202.0 0.062 0.070 18.62 30973.5 MSCL0_1701240140 0.988349 0.000893 0.987884 0.000907 0.988168 0.000923 0.988233 0.000940 0.988071 0.000957 
7777.976437 1.3100 2247.9 0.584 1.208 19.70 9735.7 MSCL0_1701240141 0.959678 0.002348 0.959675 0.002470 0.959772 0.002594 0.958990 0.002717 0.959021 0.002845 
7777.977178 1.3058 2577.5 77.631 -53.593 19.05 3771.0 MSCL0_1701240142 0.959798 0.014905 0.958914 0.015808 0.962211 0.016780 0.964907 0.017793 0.967063 0.018820 
7777.977919 1.3016 2167.8 -2.464 -0.972 19.55 5446.5 MSCL0_1701240143 0.989147 0.005076 0.986753 0.005372 0.986672 0.005685 0.984490 0.005994 0.981674 0.006299 
7777.978659 1.2974 1616.1 -3.881 -0.876 19.21 13463.2 MSCL0_1701240144 0.985766 0.001562 0.985082 0.001623 0.984952 0.001687 0.984664 0.001754 0.984601 0.001821 
7777.979388 1.2934 992.2 -1.823 -0.343 20.63 31100.0 MSCL0_1701240145 0.982950 0.000810 0.982682 0.000820 0.982773 0.000830 0.982946 0.000842 0.983073 0.000854 
7777.980141 1.2893 964.1 0.162 0.278 18.75 41860.5 MSCL0_1701240146 0.982518 0.000798 0.981512 0.000807 0.981075 0.000817 0.980866 0.000827 0.980593 0.000838 
7777.980882 1.2853 960.6 -0.020 -0.527 18.36 39594.2 MSCL0_1701240147 0.980692 0.000795 0.979808 0.000804 0.979325 0.000814 0.979089 0.000824 0.978843 0.000835 
7777.981634 1.2813 957.2 -0.626 0.460 18.16 41177.0 MSCL0_1701240148 0.982841 0.000793 0.981729 0.000802 0.981320 0.000812 0.981340 0.000822 0.981380 0.000833 
7777.982386 1.2773 962.0 0.256 -0.299 18.40 41210.7 MSCL0_1701240149 0.983350 0.000793 0.982474 0.000802 0.981928 0.000812 0.981640 0.000822 0.981424 0.000834 
7777.983127 1.2734 959.1 0.190 0.449 18.09 44627.3 MSCL0_1701240150 0.984657 0.000792 0.983414 0.000801 0.982989 0.000811 0.982728 0.000822 0.982395 0.000833 
7777.983879 1.2695 954.6 -0.873 -0.309 17.55 47559.8 MSCL0_1701240151 0.983330 0.000789 0.981904 0.000797 0.981500 0.000807 0.981230 0.000817 0.980819 0.000828 
7777.984620 1.2657 947.8 0.440 0.456 18.36 42855.7 MSCL0_1701240152 0.983942 0.000788 0.982933 0.000797 0.982488 0.000807 0.982286 0.000817 0.982108 0.000829 
7777.985372 1.2619 941.3 0.188 -0.667 17.30 49831.9 MSCL0_1701240153 0.985555 0.000787 0.984276 0.000795 0.983572 0.000805 0.983114 0.000815 0.982896 0.000826 
7777.986125 1.2582 931.9 -0.632 0.901 18.19 43755.4 MSCL0_1701240154 0.984122 0.000782 0.982901 0.000790 0.982494 0.000800 0.982064 0.000810 0.981819 0.000821 
7777.986865 1.2545 931.5 0.196 -0.346 17.95 41173.3 MSCL0_1701240155 0.983190 0.000783 0.982258 0.000792 0.982040 0.000802 0.981891 0.000812 0.981607 0.000823 
7777.987606 1.2509 927.1 -0.091 0.000 18.33 41829.9 MSCL0_1701240156 0.983595 0.000782 0.982632 0.000790 0.982317 0.000800 0.982097 0.000811 0.981870 0.000822 
7777.988347 1.2473 908.5 -0.437 -0.041 17.84 45323.2 MSCL0_1701240157 0.984133 0.000775 0.982935 0.000783 0.982600 0.000793 0.982441 0.000803 0.982197 0.000814 
7777.989088 1.2438 894.4 0.410 0.004 18.12 44483.1 MSCL0_1701240158 0.984444 0.000770 0.983289 0.000778 0.982801 0.000787 0.982415 0.000797 0.982256 0.000807 
7777.989840 1.2402 883.2 -0.510 0.403 18.39 41361.7 MSCL0_1701240159 0.982839 0.000765 0.981965 0.000773 0.981721 0.000782 0.981461 0.000792 0.981246 0.000802 
7777.990581 1.2368 872.5 0.360 -0.938 16.81 46140.0 MSCL0_1701240160 0.985964 0.000764 0.984843 0.000772 0.984198 0.000780 0.983874 0.000790 0.983502 0.000800 
7777.991321 1.2333 858.9 -0.310 0.783 17.54 48957.9 MSCL0_1701240161 0.985585 0.000760 0.984224 0.000768 0.983751 0.000776 0.983380 0.000786 0.983097 0.000796 
7777.992051 1.2300 850.7 -0.060 -0.722 17.83 45443.4 MSCL0_1701240162 0.984791 0.000757 0.983427 0.000765 0.982769 0.000773 0.982514 0.000783 0.982168 0.000792 
7777.992791 1.2267 839.0 0.262 0.611 17.05 53257.3 MSCL0_1701240163 0.986078 0.000757 0.984543 0.000765 0.983935 0.000774 0.983556 0.000783 0.983237 0.000793 
7777.993543 1.2233 906.0 0.043 -0.234 17.71 47417.1 MSCL0_1701240164 0.987793 0.000799 0.986293 0.000808 0.985413 0.000819 0.984785 0.000831 0.984392 0.000844 
7777.994283 1.2200 825.7 -0.130 0.229 17.51 51548.2 MSCL0_1701240165 0.988248 0.000755 0.986739 0.000763 0.986167 0.000771 0.985679 0.000781 0.985415 0.000790 
7777.995036 1.2167 818.1 0.130 -0.014 17.79 48886.6 MSCL0_1701240166 0.988245 0.000754 0.986863 0.000761 0.986287 0.000770 0.985908 0.000779 0.985518 0.000789 
7777.995776 1.2135 810.9 0.097 0.143 17.59 49743.7 MSCL0_1701240167 0.987266 0.000750 0.985911 0.000757 0.985449 0.000766 0.985241 0.000775 0.985058 0.000784 
7777.996506 1.2104 805.8 -0.219 0.035 17.30 57229.1 MSCL0_1701240168 0.989197 0.000750 0.987530 0.000757 0.986962 0.000765 0.986446 0.000774 0.986035 0.000784 
7777.997246 1.2073 794.7 0.506 0.056 17.37 56383.2 MSCL0_1701240169 0.990706 0.000748 0.989105 0.000755 0.988451 0.000763 0.987926 0.000772 0.987670 0.000781 
7777.997987 1.2042 790.7 -0.143 -0.052 21.45 37826.7 MSCL0_1701240170 0.984761 0.000743 0.984211 0.000751 0.983770 0.000760 0.983688 0.000769 0.983904 0.000779 
7777.998728 1.2011 787.4 0.306 0.087 21.23 35564.7 MSCL0_1701240171 0.985062 0.000744 0.984796 0.000752 0.984718 0.000761 0.984525 0.000770 0.984694 0.000780 
7777.999469 1.1981 786.2 0.135 0.226 21.43 35521.2 MSCL0_1701240172 0.987849 0.000744 0.987456 0.000752 0.987143 0.000761 0.987119 0.000770 0.987113 0.000780 
7778.000221 1.1951 780.1 0.117 -0.118 21.73 34666.8 MSCL0_1701240173 0.986676 0.000741 0.986556 0.000750 0.986479 0.000758 0.986598 0.000768 0.986588 0.000778 
7778.000962 1.1921 770.1 -0.225 0.250 21.63 35147.9 MSCL0_1701240174 0.988512 0.000740 0.988227 0.000748 0.988342 0.000757 0.988235 0.000766 0.988359 0.000776 
7778.001714 1.1891 770.0 -0.027 0.037 21.44 35405.3 MSCL0_1701240175 0.987955 0.000738 0.987738 0.000746 0.987531 0.000755 0.987404 0.000764 0.987514 0.000774 
7778.002455 1.1862 767.1 0.371 0.271 21.70 35024.0 MSCL0_1701240176 0.989943 0.000739 0.989727 0.000747 0.989740 0.000756 0.989621 0.000765 0.989609 0.000775 
7778.003195 1.1834 759.2 0.165 -0.059 20.98 38224.9 MSCL0_1701240177 0.990972 0.000738 0.990396 0.000746 0.990066 0.000755 0.989940 0.000764 0.990070 0.000774 
7778.003948 1.1805 755.2 0.236 0.017 20.94 38587.8 MSCL0_1701240178 0.993214 0.000738 0.992609 0.000745 0.992360 0.000754 0.992304 0.000763 0.992241 0.000773 
7778.004688 1.1777 748.3 -0.096 0.552 21.57 37033.2 MSCL0_1701240179 0.995378 0.000737 0.994641 0.000744 0.994399 0.000753 0.994221 0.000762 0.994256 0.000771 
7778.005429 1.1750 737.3 0.284 -0.229 21.04 38030.5 MSCL0_1701240180 0.993790 0.000734 0.993493 0.000742 0.993255 0.000750 0.993120 0.000759 0.993133 0.000769 
7778.006158 1.1723 727.3 0.061 -0.328 20.75 39087.6 MSCL0_1701240181 0.995206 0.000735 0.994561 0.000742 0.994455 0.000751 0.994460 0.000760 0.994561 0.000770 
7778.006911 1.1695 709.9 0.494 0.069 20.94 37035.3 MSCL0_1701240182 0.995075 0.000732 0.994393 0.000740 0.994027 0.000748 0.993735 0.000757 0.993690 0.000766 
7778.007651 1.1668 703.3 0.000 0.449 21.95 34818.7 MSCL0_1701240183 0.996533 0.000731 0.996117 0.000738 0.995872 0.000747 0.995758 0.000755 0.995726 0.000764 
7778.008404 1.1642 698.4 0.123 -0.465 21.54 34901.1 MSCL0_1701240184 0.996147 0.000730 0.995661 0.000738 0.995465 0.000746 0.995268 0.000755 0.995134 0.000764 
7778.009144 1.1616 693.9 0.180 0.523 21.39 36024.9 MSCL0_1701240185 0.997427 0.000730 0.997201 0.000737 0.997157 0.000746 0.996969 0.000754 0.996836 0.000763 
7778.009897 1.1589 689.7 0.282 0.069 21.95 34983.7 MSCL0_1701240186 0.998165 0.000728 0.997718 0.000735 0.997340 0.000743 0.997440 0.000752 0.997691 0.000761 
7778.010637 1.1564 686.3 -0.076 -0.308 21.52 35573.3 MSCL0_1701240187 0.999395 0.000728 0.998905 0.000736 0.998706 0.000744 0.998607 0.000753 0.998655 0.000762 
7778.011390 1.1538 682.6 0.368 0.092 21.10 37364.9 MSCL0_1701240188 0.999574 0.000726 0.998980 0.000733 0.998511 0.000741 0.998382 0.000750 0.998392 0.000759 
7778.012131 1.1513 679.7 0.481 -0.147 21.74 36354.3 MSCL0_1701240189 1.000211 0.000726 0.999620 0.000733 0.999364 0.000741 0.999237 0.000750 0.999259 0.000759 
7778.012871 1.1489 677.2 0.090 -0.294 21.13 38458.9 MSCL0_1701240190 1.002715 0.000725 1.002035 0.000732 1.001746 0.000740 1.001515 0.000748 1.001478 0.000757 
7778.013612 1.1464 671.3 0.101 0.339 21.79 32889.0 MSCL0_1701240191 0.998622 0.000720 0.998494 0.000727 0.998673 0.000736 0.998735 0.000744 0.998720 0.000753 
7778.014353 1.1440 669.5 0.840 -0.505 21.96 33171.2 MSCL0_1701240192 1.000913 0.000720 1.000934 0.000728 1.000972 0.000736 1.000909 0.000744 1.000980 0.000753 
7778.015094 1.1417 663.9 -0.378 0.667 20.92 36329.9 MSCL0_1701240193 1.000467 0.000718 1.000118 0.000725 0.999996 0.000733 0.999906 0.000742 0.999952 0.000751 
7778.015834 1.1393 660.4 0.617 -0.453 21.41 34918.6 MSCL0_1701240194 0.999749 0.000715 0.999165 0.000722 0.999107 0.000729 0.999216 0.000738 0.999455 0.000747 
7778.016575 1.1370 655.6 -0.202 0.534 21.75 35683.5 MSCL0_1701240195 1.001605 0.000716 1.001009 0.000723 1.000819 0.000731 1.000682 0.000739 1.000643 0.000748 
7778.017327 1.1347 654.0 0.809 -0.477 20.51 39738.4 MSCL0_1701240196 1.001612 0.000715 1.001303 0.000722 1.001151 0.000730 1.001106 0.000738 1.001163 0.000747 
7778.018068 1.1324 652.3 0.215 0.326 21.37 39170.1 MSCL0_1701240197 1.001767 0.000713 1.001019 0.000720 1.000652 0.000727 1.000405 0.000736 1.000354 0.000744 
7778.018809 1.1302 644.7 0.151 -0.405 21.00 38880.9 MSCL0_1701240198 1.002830 0.000714 1.002143 0.000721 1.001992 0.000728 1.001986 0.000737 1.001898 0.000745 
7778.019561 1.1279 644.5 0.322 0.280 20.99 35182.5 MSCL0_1701240199 1.000112 0.000710 0.999916 0.000718 1.000000 0.000725 0.999854 0.000734 0.999709 0.000742 
7778.020302 1.1257 642.6 0.381 -0.378 21.13 35175.0 MSCL0_1701240200 1.001062 0.000710 1.000893 0.000717 1.000925 0.000725 1.000711 0.000733 1.000883 0.000742 
7778.021043 1.1236 640.0 -0.362 0.374 20.98 34342.0 MSCL0_1701240201 1.000731 0.000708 1.000482 0.000715 1.000450 0.000723 1.000372 0.000731 1.000284 0.000740 
7778.021795 1.1214 633.4 0.851 -0.364 21.61 33353.0 MSCL0_1701240202 0.999919 0.000706 0.999803 0.000713 0.999893 0.000721 1.000029 0.000729 1.000039 0.000737 
7778.022547 1.1193 628.9 0.188 -0.121 20.77 40316.4 MSCL0_1701240203 1.002703 0.000705 1.001833 0.000712 1.001498 0.000719 1.001235 0.000727 1.001120 0.000735 
7778.023276 1.1172 628.0 0.206 0.292 21.88 32688.4 MSCL0_1701240204 1.001410 0.000704 1.001117 0.000710 1.000863 0.000718 1.000865 0.000726 1.000949 0.000735 
7778.024006 1.1152 626.7 0.586 -0.191 20.77 34010.7 MSCL0_1701240205 1.001486 0.000703 1.000792 0.000710 1.000485 0.000717 1.000345 0.000726 1.000363 0.000734 
7778.024758 1.1132 624.1 0.513 0.125 20.84 37993.7 MSCL0_1701240206 1.001275 0.000703 1.000764 0.000710 1.000470 0.000717 1.000210 0.000725 1.000271 0.000734 
7778.025487 1.1112 623.0 0.175 0.119 21.41 34207.0 MSCL0_1701240207 1.001155 0.000702 1.000914 0.000709 1.000904 0.000716 1.000897 0.000724 1.001035 0.000733 
7778.026239 1.1092 617.1 0.490 -0.413 21.10 39461.2 MSCL0_1701240208 1.001455 0.000701 1.000724 0.000707 1.000326 0.000715 0.999982 0.000723 0.999816 0.000731 
7778.026980 1.1072 615.4 0.166 0.218 20.85 38882.8 MSCL0_1701240209 1.001676 0.000700 1.000913 0.000707 1.000588 0.000714 1.000352 0.000722 1.000185 0.000730 
7778.027721 1.1053 610.4 0.300 -0.081 21.42 36052.1 MSCL0_1701240210 1.002095 0.000699 1.001491 0.000705 1.001360 0.000713 1.001268 0.000721 1.001298 0.000729 
7778.028473 1.1034 605.0 0.762 -0.406 21.72 37932.9 MSCL0_1701240211 1.001434 0.000697 1.001034 0.000704 1.000776 0.000711 1.000726 0.000719 1.000659 0.000727 
7778.029214 1.1015 597.9 0.090 0.014 22.16 38048.3 MSCL0_1701240212 1.002957 0.000696 1.002444 0.000703 1.002204 0.000710 1.001976 0.000718 1.001950 0.000726 
7778.029955 1.0996 597.3 0.481 0.108 22.41 36267.3 MSCL0_1701240213 0.999581 0.000693 0.999284 0.000700 0.999105 0.000707 0.998918 0.000715 0.998867 0.000723 
7778.030707 1.0978 593.7 0.465 -0.074 22.41 33006.3 MSCL0_1701240214 1.000713 0.000693 1.000566 0.000700 1.000600 0.000707 1.000635 0.000715 1.000645 0.000723 
7778.031448 1.0960 592.3 0.406 -0.445 21.25 37305.5 MSCL0_1701240215 1.001181 0.000693 1.000940 0.000699 1.000958 0.000707 1.000997 0.000715 1.001092 0.000723 
7778.032188 1.0942 591.4 0.034 0.688 22.84 30011.8 MSCL0_1701240216 0.999853 0.000691 1.000424 0.000698 1.000740 0.000705 1.000843 0.000713 1.001010 0.000721 
7778.032929 1.0924 592.7 0.255 -0.805 21.75 31599.4 MSCL0_1701240217 1.000153 0.000690 1.000184 0.000697 1.000416 0.000704 1.000381 0.000712 1.000428 0.000720 
7778.033670 1.0907 586.7 0.798 0.113 21.38 36033.2 MSCL0_1701240218 1.000695 0.000689 1.000350 0.000696 1.000260 0.000703 1.000050 0.000711 0.999943 0.000719 
7778.034398 1.0890 585.5 0.434 -0.591 20.81 35865.6 MSCL0_1701240219 0.998336 0.000687 0.998042 0.000693 0.998204 0.000701 0.998332 0.000708 0.998288 0.000717 
7778.035150 1.0873 583.5 0.373 0.130 22.05 34284.4 MSCL0_1701240220 0.999486 0.000687 0.999470 0.000694 0.999537 0.000702 0.999518 0.000709 0.999356 0.000718 
7778.035891 1.0856 582.8 0.740 -0.342 21.95 32821.9 MSCL0_1701240221 0.998996 0.000687 0.999068 0.000693 0.999282 0.000701 0.999538 0.000709 0.999551 0.000717 
7778.036632 1.0840 579.9 0.002 -0.085 21.16 33933.4 MSCL0_1701240222 0.998945 0.000686 0.999288 0.000693 0.999754 0.000700 1.000000 0.000708 1.000137 0.000716 
7778.037384 1.0823 577.5 1.021 0.016 21.02 37652.1 MSCL0_1701240223 0.999853 0.000686 0.999671 0.000692 0.999616 0.000699 0.999530 0.000707 0.999459 0.000715 
7778.038125 1.0807 577.6 0.653 -0.329 21.99 34487.3 MSCL0_1701240224 0.999880 0.000685 1.000000 0.000691 1.000100 0.000699 1.000172 0.000707 1.000298 0.000715 
7778.038866 1.0792 577.9 -0.052 0.300 22.39 31906.1 MSCL0_1701240225 0.999933 0.000685 1.000065 0.000691 1.000225 0.000699 1.000329 0.000707 1.000491 0.000715 
7778.039630 1.0776 575.8 0.612 -0.865 23.16 29228.6 MSCL0_1701240226 1.000064 0.000685 1.000450 0.000692 1.000704 0.000699 1.001063 0.000707 1.001132 0.000716 
7778.040370 1.0760 568.5 0.395 0.198 21.54 34324.4 MSCL0_1701240227 1.000000 0.000683 1.000047 0.000690 1.000208 0.000697 1.000367 0.000705 1.000471 0.000713 
7778.041111 1.0745 564.8 0.584 -0.426 21.03 34365.2 MSCL0_1701240228 1.001406 0.000683 1.000938 0.000689 1.000738 0.000696 1.000789 0.000704 1.000750 0.000712 
7778.041863 1.0730 561.7 0.832 -0.096 20.44 37009.3 MSCL0_1701240229 1.001358 0.000682 1.001117 0.000689 1.001149 0.000696 1.001247 0.000704 1.001173 0.000712 
7778.042604 1.0715 558.3 0.736 -0.088 21.73 35955.0 MSCL0_1701240230 1.000075 0.000680 1.000174 0.000687 1.000314 0.000694 1.000324 0.000702 1.000289 0.000710 
7778.043333 1.0701 555.4 0.098 -0.414 21.41 39113.1 MSCL0_1701240231 1.001505 0.000680 1.001048 0.000686 1.000820 0.000693 1.000837 0.000701 1.000893 0.000709 
7778.044074 1.0687 551.4 0.401 0.389 21.26 37256.3 MSCL0_1701240232 1.000052 0.000679 0.999810 0.000685 0.999793 0.000692 0.999758 0.000700 0.999817 0.000708 
7778.044815 1.0673 549.0 0.597 -0.718 21.44 38059.4 MSCL0_1701240233 1.001956 0.000679 1.001460 0.000685 1.001362 0.000692 1.001353 0.000700 1.001457 0.000708 
7778.045567 1.0659 543.6 0.353 -0.275 21.68 38455.5 MSCL0_1701240234 1.000842 0.000679 1.000838 0.000685 1.001020 0.000692 1.001041 0.000700 1.001037 0.000708 
7778.046308 1.0645 540.0 0.939 -0.127 21.91 36395.1 MSCL0_1701240235 1.000369 0.000677 1.000310 0.000683 1.000079 0.000690 1.000097 0.000698 1.000000 0.000705 
7778.047060 1.0632 535.9 0.304 0.098 21.90 33949.2 MSCL0_1701240236 1.001089 0.000677 1.000835 0.000684 1.000749 0.000691 1.000688 0.000698 1.000583 0.000706 
7778.047789 1.0619 527.1 0.425 -0.146 22.33 31425.3 MSCL0_1701240237 1.001163 0.000677 1.001093 0.000683 1.001187 0.000690 1.001205 0.000698 1.001221 0.000706 
7778.048530 1.0606 518.1 1.058 -0.289 21.38 35127.3 MSCL0_1701240238 1.002096 0.000676 1.002020 0.000682 1.002236 0.000689 1.002221 0.000697 1.002284 0.000704 
7778.049282 1.0593 514.0 -0.041 -0.683 22.07 30541.4 MSCL0_1701240239 1.000416 0.000675 1.000838 0.000681 1.001043 0.000688 1.001207 0.000696 1.001342 0.000703 
7778.050023 1.0580 508.0 0.620 0.002 22.29 34363.0 MSCL0_1701240240 1.001530 0.000675 1.001580 0.000681 1.001728 0.000688 1.001902 0.000695 1.002098 0.000703 
7778.050764 1.0568 500.6 1.619 -0.314 20.66 37672.4 MSCL0_1701240241 1.002178 0.000672 1.001752 0.000678 1.001623 0.000685 1.001549 0.000692 1.001450 0.000699 
7778.051516 1.0555 489.5 0.420 -0.401 20.74 38403.5 MSCL0_1701240242 1.002094 0.000671 1.001572 0.000677 1.001232 0.000683 1.000969 0.000690 1.000816 0.000698 
7778.052268 1.0543 485.4 0.430 -0.150 22.34 34674.8 MSCL0_1701240243 1.001930 0.000671 1.001882 0.000677 1.001663 0.000683 1.001584 0.000690 1.001644 0.000698 
7778.053021 1.0531 478.3 0.936 -0.130 20.34 37934.4 MSCL0_1701240244 1.001578 0.000670 1.001040 0.000676 1.000813 0.000682 1.000775 0.000689 1.000785 0.000696 
7778.053761 1.0520 473.8 0.464 -0.651 22.50 34995.0 MSCL0_1701240245 1.003611 0.000669 1.002956 0.000675 1.002626 0.000681 1.002430 0.000688 1.002453 0.000695 
7778.054514 1.0508 464.4 0.779 -0.135 20.75 34639.1 MSCL0_1701240246 1.002026 0.000668 1.001650 0.000674 1.001419 0.000680 1.001343 0.000687 1.001332 0.000694 
7778.055255 1.0497 460.5 1.018 -0.883 20.96 37660.7 MSCL0_1701240247 1.001620 0.000666 1.001164 0.000672 1.001002 0.000678 1.000890 0.000685 1.000867 0.000692 
7778.056007 1.0486 454.7 0.457 0.245 21.09 37818.4 MSCL0_1701240248 1.004450 0.000666 1.003712 0.000671 1.003346 0.000677 1.003085 0.000684 1.002945 0.000691 
7778.056748 1.0475 451.1 0.994 -1.277 22.14 32783.7 MSCL0_1701240249 1.002566 0.000665 1.002366 0.000671 1.002255 0.000677 1.002318 0.000684 1.002380 0.000691 
7778.057500 1.0464 447.7 -0.002 0.718 22.08 34971.1 MSCL0_1701240250 1.001512 0.000662 1.001236 0.000668 1.001299 0.000674 1.001282 0.000681 1.001423 0.000688 
7778.058241 1.0454 444.0 0.997 -0.937 22.14 34946.1 MSCL0_1701240251 1.000198 0.000660 0.999922 0.000666 0.999946 0.000672 0.999867 0.000679 0.999860 0.000685 
7778.058993 1.0444 440.5 0.693 0.542 20.95 40645.5 MSCL0_1701240252 1.001957 0.000661 1.001448 0.000666 1.001208 0.000672 1.000990 0.000678 1.001025 0.000685 
7778.059734 1.0434 437.9 1.384 -1.637 20.57 40621.6 MSCL0_1701240253 1.004231 0.000661 1.003351 0.000666 1.002966 0.000672 1.002728 0.000678 1.002654 0.000685 
7778.060474 1.0424 435.8 0.624 -0.007 20.89 42499.5 MSCL0_1701240254 1.003848 0.000661 1.002744 0.000666 1.002315 0.000671 1.002174 0.000678 1.002033 0.000685 
7778.061215 1.0414 432.4 0.725 -0.696 21.48 39338.4 MSCL0_1701240255 1.004229 0.000661 1.003645 0.000666 1.003418 0.000672 1.003285 0.000679 1.003108 0.000685 
7778.061968 1.0405 433.6 0.454 0.121 21.30 32255.4 MSCL0_1701240256 1.002802 0.000660 1.002174 0.000666 1.001823 0.000672 1.001735 0.000678 1.001783 0.000685 
7778.062685 1.0396 434.7 1.018 -1.751 21.90 35799.2 MSCL0_1701240257 1.004076 0.000660 1.003314 0.000666 1.003035 0.000672 1.002909 0.000678 1.002943 0.000685 
7778.063437 1.0387 428.8 0.961 -0.023 21.30 40394.1 MSCL0_1701240258 1.003614 0.000658 1.002901 0.000664 1.002605 0.000669 1.002354 0.000676 1.002253 0.000682 
7778.064178 1.0378 429.4 0.993 -0.458 21.71 36838.2 MSCL0_1701240259 1.001827 0.000658 1.001318 0.000663 1.001182 0.000669 1.001071 0.000676 1.001018 0.000682 
7778.064919 1.0369 430.6 0.896 -0.606 21.23 38456.7 MSCL0_1701240260 1.003908 0.000659 1.003013 0.000664 1.002464 0.000670 1.002245 0.000676 1.002163 0.000683 
7778.065660 1.0361 428.3 1.014 -0.240 19.71 45110.5 MSCL0_1701240261 1.005314 0.000659 1.004137 0.000664 1.003625 0.000670 1.003145 0.000676 1.003094 0.000683 
7778.066412 1.0352 429.2 0.297 -0.778 21.49 36439.5 MSCL0_1701240262 1.002869 0.000658 1.002619 0.000663 1.002471 0.000669 1.002479 0.000675 1.002419 0.000682 
