# BJD(TDB)-2450000 airmass sky(ADU) dx(pix) dy(pix) fwhm(pix) peak(ADU) frame flux(r=28.0) err(r=28.0) flux(r=30.0) err(r=30.0) flux(r=32.0) err(r=32.0) flux(r=34.0) err(r=34.0) flux(r=36.0) err(r=36.0) 
7777.909298 2.0057 896.1 -0.054 -0.136 18.77 23569.4 MSCL1_1701240051 1.004758 0.002424 1.004816 0.002457 1.004596 0.002492 1.005169 0.002530 1.005548 0.002570 
7777.909587 2.0006 895.4 1.236 1.254 19.26 20315.0 MSCL1_1701240052 1.004186 0.002423 1.004834 0.002458 1.005554 0.002496 1.005391 0.002533 1.005738 0.002573 
7777.909877 1.9955 886.2 0.085 -0.773 19.02 21436.0 MSCL1_1701240053 1.004609 0.002410 1.006354 0.002448 1.006855 0.002485 1.007536 0.002524 1.007873 0.002564 
7777.910154 1.9906 869.2 0.250 -0.267 17.84 23147.4 MSCL1_1701240054 1.001420 0.002389 1.001712 0.002422 1.002497 0.002459 1.003276 0.002497 1.003185 0.002535 
7777.910444 1.9856 857.0 0.903 0.744 16.32 28702.4 MSCL1_1701240055 1.004072 0.002385 1.003622 0.002416 1.003289 0.002449 1.003091 0.002484 1.003128 0.002522 
7777.910733 1.9806 845.5 -0.327 1.313 19.17 21154.6 MSCL1_1701240056 1.001389 0.002367 1.002240 0.002400 1.002680 0.002435 1.003004 0.002471 1.003611 0.002510 
7777.911011 1.9758 849.2 -0.814 -1.313 19.38 22330.1 MSCL1_1701240057 1.003360 0.002367 1.004149 0.002401 1.004782 0.002437 1.005208 0.002474 1.005871 0.002513 
7777.911300 1.9708 853.5 1.003 -0.564 18.62 22824.1 MSCL1_1701240058 1.004840 0.002362 1.005642 0.002396 1.005851 0.002431 1.005978 0.002467 1.005786 0.002504 
7777.911578 1.9661 848.1 1.617 1.504 17.79 23667.0 MSCL1_1701240059 1.006074 0.002356 1.006904 0.002390 1.006698 0.002423 1.006520 0.002458 1.006872 0.002497 
7777.911856 1.9614 841.4 0.810 1.430 19.73 19142.5 MSCL1_1701240060 1.004605 0.002348 1.006400 0.002385 1.007648 0.002423 1.008518 0.002461 1.008637 0.002499 
7777.912134 1.9567 835.2 0.584 -1.304 20.17 18677.5 MSCL1_1701240061 1.003422 0.002333 1.004214 0.002366 1.004868 0.002400 1.005503 0.002437 1.005525 0.002473 
7777.912410 1.9520 836.3 0.420 -1.407 20.05 17662.8 MSCL1_1701240062 0.999422 0.002324 1.001160 0.002359 1.002167 0.002395 1.002395 0.002430 1.002292 0.002467 
7777.912688 1.9474 835.4 -0.227 1.190 18.62 20989.1 MSCL1_1701240063 0.997340 0.002309 0.998409 0.002344 0.999020 0.002379 0.998876 0.002413 0.999026 0.002451 
7777.912977 1.9426 836.1 -0.142 1.370 21.30 17054.4 MSCL1_1701240064 1.001190 0.002314 1.002999 0.002350 1.004316 0.002386 1.005360 0.002425 1.006065 0.002464 
7777.913244 1.9382 829.4 1.078 1.085 18.55 21913.7 MSCL1_1701240065 1.005051 0.002313 1.006234 0.002348 1.007407 0.002385 1.008229 0.002423 1.008862 0.002463 
7777.913521 1.9337 823.1 1.147 0.943 19.04 26261.0 MSCL1_1701240066 1.005538 0.002302 1.005473 0.002334 1.005419 0.002367 1.005455 0.002403 1.005150 0.002439 
7777.913811 1.9290 823.9 1.455 0.468 19.23 21044.3 MSCL1_1701240067 1.004142 0.002293 1.004723 0.002326 1.005318 0.002361 1.005397 0.002397 1.005885 0.002435 
7777.914089 1.9245 833.7 -0.135 -0.844 18.80 22624.1 MSCL1_1701240068 1.002272 0.002284 1.003083 0.002319 1.003542 0.002354 1.004087 0.002391 1.004061 0.002428 
7777.914366 1.9200 837.7 -2.089 -0.156 20.95 18551.8 MSCL1_1701240069 1.005210 0.002289 1.005381 0.002322 1.005365 0.002356 1.005333 0.002392 1.005700 0.002431 
7777.914656 1.9153 838.6 -0.266 -0.970 17.71 24231.1 MSCL1_1701240070 1.002689 0.002277 1.002866 0.002310 1.003931 0.002348 1.004544 0.002386 1.005148 0.002426 
7777.914945 1.9107 828.2 1.045 0.002 19.36 19505.1 MSCL1_1701240071 1.000655 0.002258 1.002324 0.002294 1.003134 0.002329 1.003887 0.002367 1.003972 0.002404 
7777.915234 1.9061 815.2 2.159 2.034 18.09 24394.1 MSCL1_1701240072 1.002077 0.002253 1.002145 0.002285 1.002632 0.002320 1.002298 0.002355 1.002261 0.002392 
7777.915512 1.9017 810.6 -0.769 0.374 20.65 20624.7 MSCL1_1701240073 1.000064 0.002239 1.001189 0.002272 1.002394 0.002309 1.002663 0.002344 1.002884 0.002381 
7777.915813 1.8970 802.1 0.512 1.219 17.50 23198.2 MSCL1_1701240074 1.005460 0.002246 1.006225 0.002280 1.006986 0.002315 1.007340 0.002351 1.007473 0.002389 
7777.916091 1.8927 805.0 1.397 0.464 18.90 22033.0 MSCL1_1701240075 0.996699 0.002217 0.997060 0.002249 0.997663 0.002284 0.998315 0.002321 0.998328 0.002358 
7777.916380 1.8882 810.9 0.053 -0.389 17.98 26536.3 MSCL1_1701240076 1.000720 0.002223 1.000962 0.002256 1.000864 0.002290 1.000916 0.002326 1.000909 0.002364 
7777.916658 1.8839 820.6 -0.379 -0.574 17.73 25596.9 MSCL1_1701240077 1.002498 0.002223 1.002829 0.002257 1.002976 0.002291 1.003033 0.002327 1.002820 0.002364 
7777.916947 1.8794 815.8 0.616 -0.157 19.24 22985.0 MSCL1_1701240078 1.000054 0.002212 1.000619 0.002246 1.000971 0.002281 1.001349 0.002318 1.001309 0.002355 
7777.917237 1.8750 899.2 0.824 -0.466 19.49 20838.8 MSCL1_1701240079 1.004578 0.002271 1.005250 0.002310 1.006186 0.002352 1.006900 0.002396 1.006828 0.002439 
7777.917514 1.8708 782.9 1.116 1.436 17.64 27021.9 MSCL1_1701240080 1.000369 0.002191 1.000322 0.002222 1.000464 0.002256 1.000353 0.002290 1.000813 0.002328 
7777.917792 1.8666 782.0 -1.408 2.074 18.52 24195.8 MSCL1_1701240081 1.003501 0.002190 1.003732 0.002221 1.004400 0.002256 1.005018 0.002292 1.005303 0.002329 
7777.918082 1.8623 774.6 -0.495 -1.169 19.73 20165.2 MSCL1_1701240082 1.001507 0.002182 1.002805 0.002216 1.003702 0.002252 1.004437 0.002289 1.005236 0.002327 
7777.918359 1.8581 768.2 1.830 -0.718 20.13 19865.2 MSCL1_1701240083 1.000504 0.002175 1.001637 0.002209 1.002404 0.002244 1.002842 0.002280 1.002825 0.002316 
7777.918649 1.8538 764.0 -1.367 2.097 21.11 17691.1 MSCL1_1701240084 0.998168 0.002162 0.999793 0.002197 1.000944 0.002233 1.001360 0.002268 1.000300 0.002301 
7777.918938 1.8495 765.3 0.015 0.241 18.14 24317.0 MSCL1_1701240085 1.003214 0.002164 1.003946 0.002196 1.004185 0.002230 1.004678 0.002266 1.004776 0.002302 
7777.919204 1.8456 773.2 0.617 -0.884 19.41 21918.9 MSCL1_1701240086 1.002344 0.002165 1.003468 0.002199 1.004030 0.002234 1.004438 0.002271 1.004857 0.002309 
7777.919494 1.8414 956.0 1.645 -2.326 19.50 18076.5 MSCL1_1701240087 1.003626 0.002266 1.005297 0.002312 1.007295 0.002362 1.008492 0.002412 1.009106 0.002463 
7777.919783 1.8372 1110.5 1.184 0.725 19.89 16634.1 MSCL1_1701240088 0.994306 0.002339 0.996243 0.002395 0.997556 0.002453 0.998768 0.002513 0.999032 0.002573 
7777.920049 1.8333 1670.0 -1.236 0.680 17.79 14699.3 MSCL1_1701240089 1.020160 0.003234 1.022180 0.003373 1.022889 0.003511 1.024034 0.003655 1.024895 0.003801 
7777.920327 1.8293 772.5 -0.806 1.105 18.04 22168.2 MSCL1_1701240090 1.005234 0.002150 1.006771 0.002185 1.008077 0.002222 1.008709 0.002260 1.008823 0.002298 
7777.920605 1.8253 756.9 2.021 0.335 19.21 19208.1 MSCL1_1701240091 1.002837 0.002138 1.004515 0.002173 1.005741 0.002209 1.007064 0.002247 1.007469 0.002285 
7777.920894 1.8212 743.9 -0.407 -0.220 17.86 21778.2 MSCL1_1701240092 1.002306 0.002125 1.003482 0.002159 1.004578 0.002194 1.005506 0.002231 1.005751 0.002268 
7777.921172 1.8173 743.0 -1.364 0.672 18.81 21921.5 MSCL1_1701240093 0.998825 0.002107 0.999159 0.002138 0.999718 0.002172 1.000628 0.002208 1.001118 0.002246 
7777.921450 1.8133 741.0 0.772 -0.040 18.53 21737.5 MSCL1_1701240094 1.001011 0.002110 1.002584 0.002145 1.003357 0.002180 1.003230 0.002214 1.003559 0.002252 
7777.921727 1.8094 739.0 2.217 1.113 18.23 25180.9 MSCL1_1701240095 1.004439 0.002110 1.005186 0.002144 1.004975 0.002176 1.004809 0.002211 1.004641 0.002247 
7777.922017 1.8054 733.4 0.705 0.036 16.59 27475.4 MSCL1_1701240096 0.998981 0.002089 0.999438 0.002121 0.999819 0.002155 1.000102 0.002190 1.000167 0.002226 
7777.922283 1.8017 735.4 -3.110 1.082 20.14 18798.1 MSCL1_1701240097 1.001338 0.002096 1.002839 0.002130 1.003937 0.002166 1.004287 0.002201 1.004758 0.002239 
7777.922572 1.7977 736.9 0.292 0.949 18.89 21129.5 MSCL1_1701240098 1.000294 0.002086 1.001031 0.002118 1.002110 0.002153 1.002267 0.002188 1.002594 0.002225 
7777.922850 1.7939 732.7 1.915 -0.892 18.90 21592.1 MSCL1_1701240099 0.997633 0.002071 0.998568 0.002104 0.999004 0.002137 0.999952 0.002174 1.000894 0.002212 
7777.923151 1.7898 726.4 0.316 -0.966 18.66 24846.9 MSCL1_1701240100 1.001873 0.002071 1.002341 0.002103 1.002830 0.002137 1.002984 0.002171 1.003201 0.002208 
7777.923417 1.7861 726.3 0.865 1.994 18.37 22993.2 MSCL1_1701240101 1.003255 0.002072 1.003821 0.002104 1.004132 0.002138 1.004308 0.002173 1.004428 0.002209 
7777.923707 1.7822 725.7 0.950 1.548 19.26 21030.4 MSCL1_1701240102 1.002782 0.002065 1.003297 0.002097 1.003898 0.002132 1.003903 0.002166 1.004296 0.002203 
7777.923984 1.7785 718.1 0.230 0.002 18.70 23042.7 MSCL1_1701240103 0.999416 0.002049 0.999616 0.002080 1.000048 0.002113 1.000719 0.002149 1.000482 0.002184 
7777.924274 1.7746 718.0 -0.415 -0.176 19.67 20674.6 MSCL1_1701240104 0.999658 0.002043 1.000180 0.002075 1.001093 0.002109 1.001576 0.002144 1.001685 0.002180 
7777.924552 1.7709 718.5 -0.780 -0.900 16.47 26265.2 MSCL1_1701240105 1.003030 0.002056 1.003364 0.002088 1.003963 0.002123 1.003776 0.002157 1.003739 0.002193 
7777.924841 1.7671 717.1 1.020 1.394 17.29 25665.6 MSCL1_1701240106 1.000090 0.002034 0.999974 0.002064 1.000507 0.002097 1.000846 0.002132 1.001088 0.002168 
7777.925130 1.7632 718.4 0.668 0.709 17.54 25837.4 MSCL1_1701240107 1.002521 0.002037 1.002884 0.002068 1.003314 0.002102 1.003204 0.002136 1.003733 0.002174 
7777.925396 1.7598 721.1 0.214 -0.482 18.48 21913.4 MSCL1_1701240108 1.005424 0.002041 1.006334 0.002074 1.006776 0.002108 1.007534 0.002144 1.007671 0.002181 
7777.925674 1.7561 721.0 0.636 0.626 19.52 21079.1 MSCL1_1701240109 1.001734 0.002029 1.001961 0.002060 1.002606 0.002095 1.002831 0.002130 1.002892 0.002166 
7777.925952 1.7525 717.2 0.048 -0.436 17.88 24147.6 MSCL1_1701240110 0.996625 0.002009 0.997035 0.002041 0.997909 0.002075 0.997790 0.002109 0.997699 0.002144 
7777.926230 1.7489 712.3 -1.212 0.120 21.14 17241.1 MSCL1_1701240111 0.997986 0.002007 0.999244 0.002039 1.000539 0.002074 1.000935 0.002109 1.000892 0.002143 
7777.926519 1.7452 707.1 1.535 0.672 19.41 20929.1 MSCL1_1701240112 1.001481 0.002015 1.002158 0.002047 1.002561 0.002081 1.003257 0.002117 1.003742 0.002155 
7777.926797 1.7416 708.3 0.604 0.278 17.38 23650.2 MSCL1_1701240113 1.002457 0.002012 1.002919 0.002044 1.003832 0.002079 1.004079 0.002114 1.004262 0.002151 
7777.927086 1.7380 708.1 -0.402 -0.781 17.29 23118.9 MSCL1_1701240114 1.003441 0.002014 1.004931 0.002048 1.006043 0.002084 1.006231 0.002120 1.005867 0.002156 
7777.927364 1.7344 705.9 1.272 -0.457 19.41 20348.1 MSCL1_1701240115 0.998803 0.001992 0.999837 0.002025 1.000774 0.002060 1.000809 0.002094 1.000943 0.002130 
7777.927653 1.7308 698.3 -0.754 0.293 19.44 21008.5 MSCL1_1701240116 1.003026 0.001996 1.003538 0.002027 1.004502 0.002062 1.005590 0.002100 1.006225 0.002137 
7777.927943 1.7272 694.5 0.878 1.142 18.85 23942.8 MSCL1_1701240117 1.001598 0.001984 1.001371 0.002014 1.000956 0.002045 1.001102 0.002080 1.000666 0.002114 
7777.928221 1.7237 697.8 -0.121 2.468 18.28 23493.1 MSCL1_1701240118 1.000442 0.001979 1.000288 0.002009 1.000528 0.002042 1.000878 0.002077 1.001732 0.002116 
7777.928510 1.7201 691.9 0.113 -0.488 19.20 23099.1 MSCL1_1701240119 1.005920 0.001985 1.006430 0.002017 1.006488 0.002049 1.007152 0.002085 1.007602 0.002123 
7777.928788 1.7167 680.9 -0.309 -1.276 18.50 21845.8 MSCL1_1701240120 1.001851 0.001969 1.003126 0.002002 1.004318 0.002037 1.004399 0.002071 1.005025 0.002108 
7777.929054 1.7134 676.5 1.592 -1.387 16.59 27807.6 MSCL1_1701240121 1.004132 0.001967 1.004317 0.001998 1.004850 0.002032 1.004537 0.002065 1.004329 0.002100 
7777.929343 1.7098 671.7 -0.356 1.107 19.46 22328.9 MSCL1_1701240122 0.999258 0.001950 1.000290 0.001982 1.000858 0.002015 1.000979 0.002048 1.001407 0.002084 
7777.929633 1.7063 672.5 0.321 2.601 19.54 20170.1 MSCL1_1701240123 0.998609 0.001946 1.000261 0.001979 1.000805 0.002011 1.001160 0.002045 1.001606 0.002081 
7777.929922 1.7028 672.7 -1.160 -0.406 18.94 21053.4 MSCL1_1701240124 1.002718 0.001949 1.003670 0.001980 1.004459 0.002014 1.004874 0.002048 1.004703 0.002082 
7777.930211 1.6993 666.6 1.072 -1.257 16.82 25018.0 MSCL1_1701240125 1.002075 0.001944 1.002307 0.001974 1.002576 0.002006 1.003070 0.002041 1.002788 0.002075 
7777.930501 1.6959 672.5 -0.024 -1.085 17.76 23697.5 MSCL1_1701240126 0.999595 0.001935 1.000000 0.001966 0.999907 0.001997 1.000414 0.002032 1.000004 0.002066 
7777.930778 1.6925 672.0 1.266 0.160 17.99 22945.5 MSCL1_1701240127 1.003324 0.001941 1.003986 0.001974 1.004496 0.002008 1.003578 0.002039 1.003376 0.002075 
7777.931068 1.6891 665.1 -0.553 1.931 16.52 26096.8 MSCL1_1701240128 0.999173 0.001924 0.999755 0.001955 0.999580 0.001986 0.999469 0.002019 0.999464 0.002054 
7777.931334 1.6860 663.8 0.711 0.081 18.50 22577.0 MSCL1_1701240129 1.001447 0.001928 1.002353 0.001960 1.003092 0.001994 1.003395 0.002029 1.003929 0.002066 
7777.931623 1.6826 661.2 -0.091 1.684 18.70 21509.1 MSCL1_1701240130 1.001029 0.001922 1.001790 0.001954 1.002413 0.001987 1.002758 0.002022 1.003073 0.002058 
7777.931901 1.6793 658.8 0.668 -0.103 19.70 20029.6 MSCL1_1701240131 1.002323 0.001923 1.003647 0.001956 1.004555 0.001990 1.005508 0.002026 1.005283 0.002061 
7777.932179 1.6761 661.2 -0.358 -1.063 17.95 22214.8 MSCL1_1701240132 0.998986 0.001908 0.999770 0.001940 1.000124 0.001973 0.999965 0.002006 1.000358 0.002042 
7777.932457 1.6728 660.3 -0.701 -0.833 18.41 22608.7 MSCL1_1701240133 1.001832 0.001913 1.002681 0.001945 1.003067 0.001978 1.003888 0.002014 1.004432 0.002051 
7777.932734 1.6696 657.5 1.423 1.272 19.88 21329.2 MSCL1_1701240134 1.002238 0.001910 1.003493 0.001943 1.003893 0.001976 1.003863 0.002010 1.004326 0.002046 
7777.933001 1.6666 662.0 0.202 2.437 18.75 22891.1 MSCL1_1701240135 1.000491 0.001904 1.000751 0.001936 1.001162 0.001969 1.000552 0.002002 1.000480 0.002037 
7777.933278 1.6634 665.4 -1.314 -0.654 17.76 24545.3 MSCL1_1701240136 1.006828 0.001911 1.007377 0.001942 1.008093 0.001977 1.008314 0.002011 1.008740 0.002048 
7777.933545 1.6604 661.1 -0.698 -2.224 17.47 23404.3 MSCL1_1701240137 1.002849 0.001900 1.003397 0.001932 1.003568 0.001965 1.003555 0.001999 1.004355 0.002037 
7777.933811 1.6574 653.4 2.539 0.063 17.86 23351.1 MSCL1_1701240138 1.000637 0.001888 1.001305 0.001919 1.001230 0.001951 1.000946 0.001984 1.000983 0.002020 
7777.934100 1.6541 653.0 1.787 1.724 19.34 21956.2 MSCL1_1701240139 1.003219 0.001890 1.004223 0.001922 1.004542 0.001955 1.004415 0.001988 1.004665 0.002024 
7777.934378 1.6510 655.0 -0.639 0.898 17.77 24765.0 MSCL1_1701240140 1.003374 0.001889 1.003855 0.001921 1.004274 0.001955 1.004543 0.001990 1.004855 0.002027 
7777.934667 1.6478 651.0 -0.278 -0.377 18.55 22884.6 MSCL1_1701240141 1.002282 0.001886 1.002497 0.001918 1.002688 0.001952 1.003149 0.001988 1.002992 0.002024 
7777.934945 1.6447 647.7 -0.824 -0.159 18.78 22108.5 MSCL1_1701240142 1.003215 0.001878 1.003891 0.001910 1.005105 0.001945 1.005624 0.001980 1.005540 0.002015 
7777.935234 1.6415 644.5 0.673 -0.613 19.38 23073.4 MSCL1_1701240143 0.997764 0.001866 0.998194 0.001898 0.998948 0.001932 0.999744 0.001968 1.000548 0.002006 
7777.935512 1.6384 639.1 1.221 -0.169 19.37 22554.9 MSCL1_1701240144 0.999188 0.001857 0.999611 0.001888 0.999944 0.001921 1.000086 0.001955 1.000443 0.001991 
7777.935802 1.6353 634.4 0.892 0.215 18.87 23718.0 MSCL1_1701240145 1.002957 0.001867 1.003701 0.001899 1.003909 0.001932 1.004405 0.001968 1.004669 0.002004 
7777.936091 1.6321 630.7 0.568 0.345 18.90 24799.5 MSCL1_1701240146 1.005840 0.001865 1.005687 0.001895 1.006032 0.001927 1.005843 0.001961 1.006204 0.001997 
7777.936357 1.6292 627.4 -0.564 1.151 17.00 28734.1 MSCL1_1701240147 0.998768 0.001845 0.998444 0.001874 0.998404 0.001906 0.998305 0.001939 0.997786 0.001973 
7777.936623 1.6264 624.0 0.885 -0.737 16.54 32851.3 MSCL1_1701240148 1.003119 0.001850 1.002509 0.001879 1.002028 0.001910 1.001713 0.001943 1.001944 0.001979 
7777.936913 1.6232 620.3 -0.091 -0.638 16.96 29090.5 MSCL1_1701240149 1.005112 0.001847 1.004523 0.001876 1.004450 0.001908 1.004494 0.001941 1.004345 0.001976 
7777.937190 1.6203 617.2 0.214 0.788 17.95 28594.5 MSCL1_1701240150 1.001096 0.001833 1.001128 0.001863 1.000750 0.001893 1.000901 0.001927 1.000844 0.001961 
7777.937480 1.6172 622.7 0.126 1.335 18.62 26960.4 MSCL1_1701240151 1.003457 0.001841 1.002998 0.001870 1.002773 0.001902 1.002885 0.001936 1.002353 0.001970 
7777.937758 1.6142 626.5 0.400 0.843 19.45 23356.7 MSCL1_1701240152 1.001444 0.001834 1.001761 0.001865 1.001866 0.001897 1.001874 0.001931 1.002718 0.001968 
7777.938035 1.6113 624.5 0.400 -0.205 19.11 23319.4 MSCL1_1701240153 1.001100 0.001833 1.001351 0.001864 1.001870 0.001898 1.002600 0.001934 1.002600 0.001970 
7777.938325 1.6083 621.3 0.596 -1.175 18.54 26414.3 MSCL1_1701240154 1.001534 0.001823 1.002169 0.001855 1.001964 0.001886 1.001240 0.001918 1.000979 0.001952 
7777.938602 1.6054 622.4 -0.226 -0.780 20.79 21268.2 MSCL1_1701240155 0.999278 0.001819 1.000348 0.001852 1.001001 0.001885 1.001408 0.001920 1.001661 0.001956 
7777.938892 1.6024 621.6 -0.642 1.135 17.90 26950.9 MSCL1_1701240156 0.998620 0.001817 0.998595 0.001848 0.999258 0.001881 0.999243 0.001915 0.999301 0.001951 
7777.939181 1.5994 624.8 -0.422 1.077 17.78 24647.5 MSCL1_1701240157 0.998231 0.001812 0.998757 0.001843 0.998795 0.001875 0.999369 0.001911 0.999645 0.001947 
7777.939447 1.5966 618.1 0.733 -0.316 17.87 26137.8 MSCL1_1701240158 1.002095 0.001811 1.002483 0.001842 1.002287 0.001873 1.002017 0.001906 1.001576 0.001940 
7777.939737 1.5937 613.8 0.357 -0.672 18.79 22851.4 MSCL1_1701240159 0.998697 0.001803 0.999562 0.001835 1.000069 0.001868 1.000752 0.001903 1.000943 0.001939 
7777.940014 1.5909 607.3 0.058 -1.271 18.55 27037.4 MSCL1_1701240160 1.001704 0.001804 1.001547 0.001833 1.001881 0.001866 1.001954 0.001900 1.002248 0.001936 
7777.940292 1.5880 604.4 -0.340 1.081 16.35 29670.2 MSCL1_1701240161 0.997356 0.001788 0.997933 0.001819 0.997747 0.001850 0.997543 0.001882 0.997673 0.001917 
7777.940582 1.5851 602.9 0.360 1.786 16.96 25504.8 MSCL1_1701240162 0.997556 0.001787 0.997806 0.001817 0.997948 0.001849 0.998064 0.001882 0.998690 0.001918 
7777.940859 1.5823 602.7 0.238 -0.853 17.60 27121.8 MSCL1_1701240163 0.998583 0.001787 0.998598 0.001818 0.998664 0.001850 0.998957 0.001884 0.999907 0.001922 
7777.941149 1.5794 607.2 -0.170 -0.258 19.93 22603.7 MSCL1_1701240164 0.997946 0.001783 0.997882 0.001812 0.997816 0.001843 0.998076 0.001877 0.998279 0.001912 
7777.941438 1.5765 606.7 -0.165 -0.541 18.88 25826.3 MSCL1_1701240165 1.002062 0.001791 1.001809 0.001822 1.001890 0.001855 1.001819 0.001889 1.001777 0.001924 
7777.941716 1.5738 604.1 -0.399 0.446 18.27 25691.7 MSCL1_1701240166 1.000000 0.001782 0.999579 0.001812 0.999992 0.001845 0.999831 0.001879 1.000047 0.001915 
7777.942005 1.5709 600.3 1.610 0.905 19.34 22651.6 MSCL1_1701240167 0.997018 0.001779 0.997876 0.001811 0.998702 0.001846 0.998682 0.001880 0.998667 0.001916 
7777.942283 1.5682 604.7 -0.251 0.981 19.85 21829.6 MSCL1_1701240168 0.998223 0.001775 0.998912 0.001808 0.999633 0.001842 1.000140 0.001877 1.000322 0.001913 
7777.942561 1.5655 608.1 -0.374 -0.271 17.43 25934.8 MSCL1_1701240169 0.994872 0.001770 0.994788 0.001801 0.995310 0.001835 0.995462 0.001870 0.995530 0.001905 
7777.942839 1.5628 603.2 -0.162 -1.212 16.97 27903.3 MSCL1_1701240170 0.995985 0.001765 0.995783 0.001796 0.995251 0.001827 0.995199 0.001861 0.995207 0.001897 
7777.943116 1.5601 598.3 0.341 0.941 17.65 25925.2 MSCL1_1701240171 0.995328 0.001757 0.995564 0.001788 0.995892 0.001821 0.995578 0.001854 0.995912 0.001890 
7777.943394 1.5574 596.7 -0.434 0.747 19.74 22372.3 MSCL1_1701240172 0.997275 0.001758 0.997210 0.001788 0.997376 0.001820 0.996910 0.001853 0.997309 0.001889 
7777.943683 1.5546 598.7 0.056 -0.025 18.67 25249.6 MSCL1_1701240173 0.993313 0.001747 0.992879 0.001777 0.993004 0.001809 0.993293 0.001843 0.993715 0.001879 
7777.943973 1.5519 596.6 -0.271 -1.184 17.98 26821.0 MSCL1_1701240174 1.001801 0.001764 1.001874 0.001795 1.001536 0.001827 1.001525 0.001862 1.001520 0.001898 
7777.944262 1.5491 595.3 -0.277 0.285 18.81 23086.5 MSCL1_1701240175 0.997204 0.001752 0.997325 0.001783 0.997274 0.001815 0.997467 0.001849 0.998116 0.001886 
7777.944528 1.5466 597.4 0.740 0.705 18.12 28366.7 MSCL1_1701240176 0.996630 0.001748 0.996622 0.001779 0.996417 0.001811 0.996359 0.001845 0.996380 0.001881 
7777.944818 1.5439 591.6 0.454 -0.453 17.50 27947.3 MSCL1_1701240177 0.999182 0.001746 0.998910 0.001776 0.999570 0.001809 0.999503 0.001843 0.999168 0.001877 
7777.945096 1.5413 584.4 0.112 1.124 18.89 24109.9 MSCL1_1701240178 0.991409 0.001729 0.991825 0.001760 0.991947 0.001792 0.992206 0.001826 0.992682 0.001862 
7777.945350 1.5389 577.6 -0.675 0.640 20.10 22677.7 MSCL1_1701240179 0.993081 0.001722 0.993147 0.001752 0.993470 0.001783 0.993598 0.001816 0.993321 0.001849 
7777.945628 1.5363 571.8 0.917 -1.190 19.13 25058.2 MSCL1_1701240180 0.995899 0.001725 0.996154 0.001755 0.996284 0.001787 0.996589 0.001820 0.996791 0.001855 
7777.945894 1.5339 569.9 0.708 -1.009 17.66 28449.8 MSCL1_1701240181 0.993258 0.001716 0.993564 0.001747 0.993587 0.001778 0.993897 0.001812 0.994369 0.001847 
7777.946172 1.5313 563.9 0.116 0.676 18.37 27755.2 MSCL1_1701240182 0.991628 0.001712 0.991536 0.001742 0.991135 0.001772 0.990897 0.001805 0.990878 0.001840 
7777.946461 1.5287 559.9 -0.068 1.266 18.23 29140.4 MSCL1_1701240183 0.994898 0.001708 0.994928 0.001737 0.995391 0.001769 0.995012 0.001801 0.994596 0.001833 
7777.946727 1.5262 560.0 0.867 0.494 21.09 21840.3 MSCL1_1701240184 0.990874 0.001701 0.991813 0.001732 0.992447 0.001764 0.992731 0.001796 0.993158 0.001831 
7777.947005 1.5237 554.5 0.378 -0.382 17.76 28746.8 MSCL1_1701240185 0.991280 0.001696 0.991134 0.001725 0.990534 0.001754 0.989926 0.001785 0.990176 0.001819 
7777.947295 1.5211 556.3 -0.984 0.199 19.59 23515.6 MSCL1_1701240186 0.990928 0.001697 0.990797 0.001726 0.991053 0.001757 0.990687 0.001789 0.990908 0.001824 
7777.947561 1.5187 557.6 0.110 -0.175 18.86 26327.2 MSCL1_1701240187 0.991072 0.001694 0.991148 0.001724 0.991214 0.001755 0.991011 0.001787 0.990980 0.001821 
7777.947850 1.5161 557.6 0.568 -0.734 18.25 28211.4 MSCL1_1701240188 0.991936 0.001694 0.991593 0.001723 0.990756 0.001752 0.990956 0.001786 0.991239 0.001821 
7777.948139 1.5135 554.3 0.931 -0.078 18.06 30115.9 MSCL1_1701240189 0.993100 0.001695 0.993037 0.001725 0.993015 0.001756 0.993519 0.001791 0.993193 0.001824 
7777.948417 1.5110 551.3 0.154 0.663 16.67 35802.1 MSCL1_1701240190 0.991599 0.001683 0.990681 0.001711 0.990874 0.001743 0.990382 0.001774 0.990100 0.001807 
7777.948707 1.5085 549.2 -0.272 1.108 18.24 29182.0 MSCL1_1701240191 0.987447 0.001674 0.987266 0.001703 0.987258 0.001734 0.987244 0.001767 0.987482 0.001801 
7777.948996 1.5059 549.6 -1.034 0.065 17.04 31108.9 MSCL1_1701240192 0.989218 0.001675 0.988939 0.001704 0.988671 0.001734 0.988503 0.001767 0.988694 0.001801 
7777.949285 1.5034 551.7 -0.845 -0.480 18.30 27750.2 MSCL1_1701240193 0.988055 0.001670 0.987716 0.001699 0.987741 0.001730 0.987733 0.001762 0.987589 0.001796 
7777.949563 1.5010 551.6 0.515 -0.542 16.09 29644.4 MSCL1_1701240194 0.987934 0.001670 0.987950 0.001700 0.987800 0.001731 0.988143 0.001765 0.988086 0.001798 
7777.949852 1.4985 546.6 0.378 0.224 17.91 29138.8 MSCL1_1701240195 0.991290 0.001671 0.990841 0.001700 0.990946 0.001731 0.990942 0.001764 0.991257 0.001799 
7777.950142 1.4960 539.4 0.845 1.003 17.12 30876.3 MSCL1_1701240196 0.991655 0.001668 0.991596 0.001698 0.991875 0.001729 0.991874 0.001762 0.991687 0.001795 
7777.950420 1.4936 539.9 -0.582 0.343 17.01 31792.6 MSCL1_1701240197 0.990000 0.001658 0.989256 0.001686 0.989251 0.001716 0.989335 0.001749 0.989345 0.001782 
7777.950697 1.4912 532.9 0.416 0.132 17.81 32798.8 MSCL1_1701240198 0.989801 0.001653 0.989107 0.001681 0.988809 0.001711 0.988537 0.001743 0.988964 0.001777 
7777.950987 1.4887 530.9 -0.050 -0.517 17.90 28983.5 MSCL1_1701240199 0.991126 0.001655 0.990771 0.001684 0.990749 0.001715 0.990765 0.001747 0.990520 0.001780 
7777.951264 1.4864 537.3 0.204 -0.182 16.26 32063.2 MSCL1_1701240200 0.985403 0.001646 0.984676 0.001674 0.984530 0.001704 0.984143 0.001736 0.984045 0.001769 
7777.951542 1.4840 536.7 1.215 0.391 16.53 35959.9 MSCL1_1701240201 0.987010 0.001645 0.986197 0.001673 0.986596 0.001704 0.986505 0.001737 0.986223 0.001770 
7777.951820 1.4817 604.4 -1.036 0.672 18.58 27167.7 MSCL1_1701240202 0.983418 0.001707 0.982857 0.001741 0.982862 0.001778 0.982731 0.001817 0.982940 0.001858 
7777.952109 1.4793 721.2 -0.154 0.333 17.03 28637.3 MSCL1_1701240203 0.988281 0.001862 0.987716 0.001910 0.987559 0.001960 0.987495 0.002013 0.987732 0.002069 
7777.952387 1.4769 687.7 -0.382 0.945 18.10 25319.1 MSCL1_1701240204 0.981105 0.001784 0.981284 0.001828 0.981105 0.001872 0.981205 0.001920 0.981227 0.001968 
7777.952665 1.4746 1116.0 0.896 0.165 17.09 17123.1 MSCL1_1701240205 0.978762 0.002597 0.977937 0.002707 0.978639 0.002826 0.978415 0.002944 0.979396 0.003071 
7777.952942 1.4723 1908.9 -0.160 -0.983 18.44 5957.3 MSCL1_1701240206 0.972375 0.010282 0.976387 0.011061 0.980964 0.011871 0.987674 0.012752 0.988770 0.013501 
7777.953220 1.4701 1160.3 -0.543 0.120 17.41 15162.0 MSCL1_1701240207 1.023390 0.003234 1.022727 0.003392 1.023012 0.003559 1.024406 0.003735 1.024303 0.003903 
7777.953509 1.4677 566.7 0.990 1.142 17.15 31576.5 MSCL1_1701240208 0.989835 0.001664 0.989214 0.001696 0.989396 0.001730 0.989092 0.001765 0.988670 0.001801 
7777.953787 1.4654 582.6 0.762 1.316 17.33 33848.5 MSCL1_1701240209 0.987280 0.001673 0.986251 0.001705 0.986181 0.001741 0.985477 0.001777 0.985349 0.001815 
7777.954076 1.4631 716.1 0.190 -0.058 16.80 30912.1 MSCL1_1701240210 0.984434 0.001808 0.983745 0.001854 0.983492 0.001901 0.983223 0.001951 0.982580 0.002002 
7777.954365 1.4607 903.2 -1.715 -0.563 17.95 19623.9 MSCL1_1701240211 0.968754 0.002100 0.968386 0.002173 0.967045 0.002245 0.967104 0.002323 0.966055 0.002400 
7777.954643 1.4585 1772.2 1.666 -0.778 17.77 8887.5 MSCL1_1701240212 0.949621 0.006280 0.950986 0.006699 0.948642 0.007073 0.946777 0.007449 0.948561 0.007873 
7777.954909 1.4564 1663.5 0.496 0.741 17.70 9119.8 MSCL1_1701240213 1.014291 0.005954 1.015045 0.006335 1.012971 0.006678 1.012155 0.007036 1.010050 0.007386 
7777.955199 1.4541 790.6 0.369 1.067 18.05 21368.3 MSCL1_1701240214 0.995360 0.001952 0.994385 0.002008 0.994406 0.002069 0.994725 0.002133 0.994226 0.002196 
7777.955476 1.4519 854.4 -0.398 0.383 16.55 25045.6 MSCL1_1701240215 0.977150 0.002052 0.976421 0.002119 0.976779 0.002193 0.977434 0.002269 0.977472 0.002346 
7777.955754 1.4497 1347.3 0.934 0.189 18.41 12344.4 MSCL1_1701240216 0.971615 0.003809 0.971276 0.004020 0.969798 0.004223 0.971067 0.004452 0.972065 0.004685 
7777.956044 1.4474 1336.4 -1.026 -1.353 17.87 11558.2 MSCL1_1701240217 0.987672 0.004232 0.986978 0.004469 0.989064 0.004732 0.990575 0.004993 0.990687 0.005247 
7777.956333 1.4451 1025.0 0.277 -0.478 17.36 16504.6 MSCL1_1701240218 0.982984 0.002525 0.983138 0.002634 0.982547 0.002742 0.983967 0.002863 0.984080 0.002979 
7777.956611 1.4430 895.6 0.768 1.146 16.65 22429.8 MSCL1_1701240219 0.992268 0.002274 0.991459 0.002359 0.990989 0.002447 0.991184 0.002540 0.991260 0.002635 
7777.956900 1.4407 561.8 0.120 0.853 17.02 31264.2 MSCL1_1701240220 0.992509 0.001659 0.992222 0.001693 0.991754 0.001728 0.991450 0.001765 0.991123 0.001803 
7777.957178 1.4386 525.8 -0.438 0.020 17.42 30109.8 MSCL1_1701240221 0.985609 0.001609 0.985569 0.001640 0.985746 0.001672 0.985183 0.001704 0.985051 0.001739 
7777.957456 1.4364 502.4 -0.243 -1.022 16.94 33524.9 MSCL1_1701240222 0.986919 0.001588 0.986687 0.001616 0.986624 0.001647 0.986587 0.001678 0.986458 0.001711 
7777.957733 1.4343 496.7 0.383 -0.307 17.78 31768.6 MSCL1_1701240223 0.985972 0.001586 0.985571 0.001615 0.985125 0.001644 0.985093 0.001676 0.984837 0.001709 
7777.958011 1.4322 496.1 -0.633 1.513 17.67 30855.8 MSCL1_1701240224 0.984088 0.001578 0.983523 0.001606 0.983159 0.001635 0.983060 0.001667 0.982806 0.001699 
7777.958289 1.4301 499.1 0.169 1.245 17.25 28185.1 MSCL1_1701240225 0.982491 0.001573 0.981729 0.001600 0.981682 0.001630 0.981898 0.001662 0.981986 0.001694 
7777.958555 1.4280 509.0 0.097 -1.341 16.93 32820.4 MSCL1_1701240226 0.990008 0.001600 0.989727 0.001630 0.988716 0.001660 0.988754 0.001694 0.988612 0.001728 
7777.958845 1.4259 683.7 0.203 -0.988 16.91 24990.9 MSCL1_1701240227 0.984963 0.001824 0.984753 0.001873 0.984840 0.001926 0.984713 0.001980 0.984951 0.002037 
7777.959111 1.4239 648.0 0.042 0.376 17.18 26430.1 MSCL1_1701240228 0.981367 0.001744 0.980957 0.001787 0.980760 0.001833 0.980882 0.001882 0.981008 0.001932 
7777.959388 1.4218 534.2 -0.112 0.798 18.29 28757.5 MSCL1_1701240229 0.983772 0.001606 0.983500 0.001637 0.983512 0.001671 0.983526 0.001706 0.983233 0.001742 
7777.959678 1.4196 496.9 -0.121 1.217 18.07 31134.9 MSCL1_1701240230 0.983625 0.001561 0.983410 0.001589 0.983374 0.001619 0.983108 0.001650 0.982674 0.001682 
7777.959956 1.4176 497.3 0.431 -0.199 17.12 32326.1 MSCL1_1701240231 0.982747 0.001565 0.982573 0.001593 0.982577 0.001624 0.982480 0.001656 0.982775 0.001690 
7777.960245 1.4155 503.4 0.433 -0.572 17.69 31111.4 MSCL1_1701240232 0.985682 0.001568 0.985418 0.001596 0.985511 0.001627 0.985780 0.001660 0.985916 0.001694 
7777.960534 1.4133 524.6 0.263 -0.944 18.09 29512.7 MSCL1_1701240233 0.981801 0.001578 0.981401 0.001608 0.981272 0.001640 0.981116 0.001673 0.981271 0.001709 
7777.960801 1.4114 544.9 -1.333 0.397 18.84 24361.8 MSCL1_1701240234 0.982412 0.001603 0.982678 0.001636 0.983004 0.001671 0.982812 0.001706 0.982721 0.001743 
7777.961090 1.4093 501.8 -0.509 1.270 16.92 31107.0 MSCL1_1701240235 0.983345 0.001559 0.982616 0.001587 0.982473 0.001617 0.982640 0.001650 0.982449 0.001683 
7777.961379 1.4072 501.6 1.092 0.393 18.49 27310.6 MSCL1_1701240236 0.983744 0.001558 0.983559 0.001587 0.983695 0.001618 0.983422 0.001649 0.983743 0.001683 
7777.961669 1.4051 497.1 0.860 -0.969 17.87 30419.2 MSCL1_1701240237 0.982311 0.001549 0.981910 0.001577 0.981781 0.001607 0.981556 0.001638 0.981143 0.001670 
7777.961958 1.4030 489.5 -0.252 -0.530 17.80 30952.7 MSCL1_1701240238 0.984172 0.001549 0.983733 0.001577 0.983291 0.001607 0.983112 0.001638 0.983063 0.001671 
7777.962236 1.4010 486.9 -0.819 0.367 17.76 29786.2 MSCL1_1701240239 0.987111 0.001551 0.986947 0.001580 0.986515 0.001610 0.986445 0.001641 0.986426 0.001675 
7777.962513 1.3991 484.7 0.630 1.075 17.16 33660.1 MSCL1_1701240240 0.982838 0.001536 0.982074 0.001563 0.981662 0.001592 0.981390 0.001622 0.981175 0.001654 
7777.962791 1.3971 486.5 0.163 0.744 16.63 39318.4 MSCL1_1701240241 0.983762 0.001539 0.982987 0.001566 0.982764 0.001596 0.982617 0.001628 0.982777 0.001661 
7777.963057 1.3952 490.4 -0.317 0.158 17.03 37563.6 MSCL1_1701240242 0.985895 0.001545 0.984615 0.001572 0.984143 0.001602 0.983446 0.001632 0.982915 0.001664 
7777.963347 1.3932 487.6 0.196 -0.371 16.48 36158.1 MSCL1_1701240243 0.984561 0.001538 0.983836 0.001566 0.983588 0.001595 0.983640 0.001627 0.983427 0.001660 
7777.963625 1.3912 488.4 0.281 -1.305 16.86 33793.9 MSCL1_1701240244 0.987837 0.001542 0.987685 0.001571 0.987346 0.001600 0.987198 0.001632 0.986923 0.001664 
7777.963914 1.3892 483.9 -0.108 -0.749 17.55 28454.0 MSCL1_1701240245 0.981331 0.001532 0.981081 0.001559 0.981245 0.001590 0.981893 0.001623 0.981792 0.001655 
7777.964192 1.3873 480.3 -0.505 1.567 17.27 33009.8 MSCL1_1701240246 0.983180 0.001530 0.982748 0.001559 0.982403 0.001588 0.982019 0.001619 0.981771 0.001652 
7777.964470 1.3854 477.6 -0.401 1.837 17.18 34734.7 MSCL1_1701240247 0.985198 0.001532 0.984231 0.001559 0.984170 0.001590 0.984032 0.001622 0.983789 0.001654 
7777.964759 1.3834 471.6 0.356 -0.026 15.86 36653.3 MSCL1_1701240248 0.982384 0.001521 0.981876 0.001549 0.981426 0.001578 0.981072 0.001608 0.980630 0.001640 
7777.965037 1.3815 473.0 0.519 -1.536 17.00 35940.6 MSCL1_1701240249 0.984909 0.001521 0.984112 0.001548 0.982768 0.001575 0.982728 0.001606 0.982509 0.001637 
7777.965326 1.3795 476.4 0.461 -0.310 17.25 32795.9 MSCL1_1701240250 0.982570 0.001521 0.982282 0.001549 0.982347 0.001580 0.982108 0.001610 0.982062 0.001643 
7777.965615 1.3776 478.4 -0.362 0.532 17.69 29735.4 MSCL1_1701240251 0.983296 0.001528 0.982953 0.001557 0.982947 0.001588 0.982479 0.001619 0.982209 0.001651 
7777.965893 1.3757 482.6 -0.343 0.985 17.74 28050.1 MSCL1_1701240252 0.981500 0.001524 0.981372 0.001552 0.981456 0.001583 0.981325 0.001615 0.981393 0.001648 
7777.966171 1.3738 478.5 1.090 0.272 17.81 27158.0 MSCL1_1701240253 0.982045 0.001525 0.981979 0.001554 0.982049 0.001585 0.982114 0.001617 0.982502 0.001651 
7777.966449 1.3719 477.2 -0.426 -0.847 17.55 27865.9 MSCL1_1701240254 0.982093 0.001520 0.982602 0.001550 0.983401 0.001582 0.983222 0.001614 0.983489 0.001648 
7777.966726 1.3701 477.0 -0.105 -1.376 18.43 28584.6 MSCL1_1701240255 0.979885 0.001514 0.979970 0.001543 0.979892 0.001573 0.979864 0.001605 0.979768 0.001637 
7777.967016 1.3682 470.1 0.091 1.636 17.20 29282.2 MSCL1_1701240256 0.984901 0.001519 0.984502 0.001547 0.984157 0.001577 0.983989 0.001609 0.983998 0.001642 
7777.967305 1.3663 468.7 0.200 1.127 16.87 34700.6 MSCL1_1701240257 0.985874 0.001522 0.984856 0.001550 0.984136 0.001579 0.983749 0.001611 0.983375 0.001644 
7777.967583 1.3644 526.6 -0.167 -0.165 17.12 30363.9 MSCL1_1701240258 0.982389 0.001593 0.981977 0.001628 0.981920 0.001666 0.981789 0.001705 0.981111 0.001743 
7777.967872 1.3625 489.3 0.660 -1.189 16.68 33532.9 MSCL1_1701240259 0.983993 0.001546 0.983857 0.001578 0.983132 0.001610 0.983103 0.001645 0.983098 0.001682 
7777.968150 1.3607 453.8 -0.564 -0.962 16.07 39103.0 MSCL1_1701240260 0.984383 0.001507 0.984100 0.001535 0.983673 0.001565 0.983129 0.001596 0.982830 0.001628 
7777.968439 1.3588 448.2 -0.873 1.694 17.01 37489.5 MSCL1_1701240261 0.983960 0.001503 0.983018 0.001530 0.982897 0.001560 0.982575 0.001591 0.982401 0.001624 
7777.968717 1.3570 447.9 -0.369 1.441 17.47 33338.5 MSCL1_1701240262 0.982486 0.001497 0.981899 0.001524 0.981632 0.001553 0.981452 0.001584 0.981030 0.001615 
7777.968995 1.3553 445.9 -0.435 -0.637 17.49 33512.0 MSCL1_1701240263 0.982856 0.001495 0.982301 0.001522 0.982326 0.001552 0.982258 0.001584 0.981535 0.001614 
7777.969273 1.3535 446.5 0.343 -0.803 17.10 36095.8 MSCL1_1701240264 0.982313 0.001494 0.981612 0.001521 0.981255 0.001551 0.980659 0.001581 0.980123 0.001612 
7777.969562 1.3516 466.1 0.780 -0.401 16.10 39081.0 MSCL1_1701240265 0.982009 0.001511 0.981055 0.001540 0.980676 0.001571 0.980061 0.001603 0.979617 0.001637 
7777.969840 1.3499 445.8 0.087 0.000 16.95 34191.8 MSCL1_1701240266 0.986537 0.001498 0.985825 0.001525 0.985531 0.001555 0.985444 0.001586 0.985146 0.001618 
7777.970118 1.3481 438.9 0.256 0.676 16.55 36346.2 MSCL1_1701240267 0.984542 0.001491 0.984259 0.001519 0.984226 0.001549 0.983739 0.001579 0.983781 0.001612 
7777.970407 1.3463 431.0 -0.293 0.070 17.37 34859.4 MSCL1_1701240268 0.983731 0.001485 0.983243 0.001512 0.983267 0.001542 0.982803 0.001572 0.983306 0.001605 
7777.970685 1.3445 426.7 0.000 0.273 16.75 38452.5 MSCL1_1701240269 0.982725 0.001479 0.982239 0.001506 0.982064 0.001535 0.982044 0.001565 0.982419 0.001598 
7777.970963 1.3428 426.8 0.409 0.573 16.70 32748.6 MSCL1_1701240270 0.982466 0.001477 0.981771 0.001503 0.981470 0.001532 0.981345 0.001562 0.981366 0.001593 
7777.971252 1.3410 430.8 0.094 -0.001 17.82 31507.4 MSCL1_1701240271 0.983068 0.001481 0.982703 0.001508 0.982614 0.001537 0.982678 0.001568 0.982799 0.001600 
7777.971530 1.3393 435.1 -0.147 -0.406 16.69 35786.4 MSCL1_1701240272 0.981758 0.001479 0.980694 0.001505 0.980313 0.001534 0.979986 0.001565 0.979706 0.001597 
7777.971819 1.3375 437.3 -0.578 0.173 15.72 38605.6 MSCL1_1701240273 0.983561 0.001487 0.982833 0.001514 0.982401 0.001544 0.982062 0.001576 0.981640 0.001608 
7777.972097 1.3358 440.6 0.469 0.167 17.48 30208.3 MSCL1_1701240274 0.979825 0.001482 0.979156 0.001509 0.979230 0.001540 0.979406 0.001572 0.979641 0.001605 
7777.972375 1.3341 453.7 -0.221 0.420 17.20 28921.0 MSCL1_1701240275 0.983465 0.001503 0.983334 0.001532 0.983398 0.001564 0.983591 0.001597 0.983475 0.001631 
7777.972652 1.3324 521.6 0.593 -0.659 16.13 30440.4 MSCL1_1701240276 0.980946 0.001597 0.980711 0.001635 0.981119 0.001676 0.981178 0.001718 0.981584 0.001763 
7777.972942 1.3306 474.9 0.372 -0.098 17.53 30768.9 MSCL1_1701240277 0.982937 0.001523 0.982506 0.001554 0.982471 0.001588 0.982333 0.001623 0.982172 0.001660 
7777.973220 1.3289 529.0 -0.625 0.305 17.54 27741.5 MSCL1_1701240278 0.974383 0.001591 0.974176 0.001630 0.974599 0.001672 0.974535 0.001714 0.974368 0.001757 
7777.973486 1.3273 497.1 -1.340 0.405 17.52 24940.0 MSCL1_1701240279 0.984751 0.001585 0.985158 0.001623 0.984982 0.001661 0.984930 0.001702 0.985140 0.001744 
7777.973775 1.3256 421.2 1.059 -0.240 17.07 29555.9 MSCL1_1701240280 0.980496 0.001465 0.980262 0.001493 0.980109 0.001522 0.980016 0.001553 0.980028 0.001585 
7777.974053 1.3239 419.8 0.045 -0.754 17.01 28035.6 MSCL1_1701240281 0.980381 0.001463 0.980491 0.001491 0.981070 0.001522 0.980929 0.001552 0.980575 0.001583 
7777.974342 1.3222 422.3 0.534 0.323 19.56 20727.1 MSCL1_1701240282 0.976533 0.001460 0.977979 0.001489 0.979001 0.001520 0.979467 0.001551 0.979774 0.001584 
7777.974632 1.3205 435.8 0.213 0.600 16.75 27189.5 MSCL1_1701240283 0.984246 0.001498 0.984022 0.001528 0.983997 0.001560 0.984525 0.001594 0.985137 0.001631 
7777.974909 1.3189 436.0 -1.002 0.214 17.86 26075.1 MSCL1_1701240284 0.979554 0.001483 0.979420 0.001512 0.979915 0.001545 0.979922 0.001578 0.979887 0.001612 
7777.975187 1.3172 635.5 -0.505 -0.244 16.76 24181.9 MSCL1_1701240285 0.966970 0.001764 0.966226 0.001817 0.966458 0.001874 0.966559 0.001934 0.966498 0.001995 
7777.975465 1.3156 839.2 0.075 -0.874 17.02 17148.9 MSCL1_1701240286 0.996262 0.002277 0.996433 0.002372 0.997669 0.002473 0.998757 0.002577 0.998300 0.002676 
7777.975754 1.3139 434.3 0.066 0.056 16.76 31031.4 MSCL1_1701240287 0.985150 0.001470 0.984656 0.001498 0.984335 0.001528 0.984578 0.001560 0.984605 0.001594 
7777.976032 1.3123 464.8 0.671 1.283 16.53 33756.6 MSCL1_1701240288 0.980876 0.001501 0.979983 0.001531 0.979970 0.001565 0.979369 0.001599 0.979204 0.001635 
7777.976310 1.3107 1128.4 0.973 1.237 18.45 7973.5 MSCL1_1701240289 0.957940 0.004440 0.957014 0.004694 0.956638 0.004954 0.958408 0.005237 0.960648 0.005529 
7777.976599 1.3091 0.0 270.864 444.927 0.00 1940.0 MSCL1_1701240290 0.000000 0.000000 0.000000 0.000000 0.000000 0.000000 0.000000 0.000000 0.000000 0.000000 
7777.976877 1.3075 1872.8 78.761 -56.300 18.83 3331.5 MSCL1_1701240291 0.437475 0.007285 0.440700 0.007809 0.439485 0.008287 0.439363 0.008792 0.443365 0.009418 
7777.977155 1.3059 0.0 270.864 444.927 0.00 1767.8 MSCL1_1701240292 0.000000 0.000000 0.000000 0.000000 0.000000 0.000000 0.000000 0.000000 0.000000 0.000000 
7777.977444 1.3043 1772.2 75.247 -55.565 18.40 2997.5 MSCL1_1701240293 0.464213 0.007559 0.464893 0.008082 0.465225 0.008624 0.463174 0.009113 0.464116 0.009679 
7777.977722 1.3027 1379.9 -2.274 -0.866 19.38 5156.6 MSCL1_1701240294 0.978051 0.008485 0.978294 0.009039 0.976208 0.009551 0.974979 0.010076 0.979571 0.010725 
7777.978000 1.3011 1422.1 -2.074 -1.353 18.36 3985.9 MSCL1_1701240295 0.993822 0.015460 0.999089 0.016677 0.994654 0.017576 0.997710 0.018714 0.994189 0.019653 
7777.978277 1.2996 1341.1 -2.750 -1.869 16.49 5215.3 MSCL1_1701240296 1.024312 0.011509 1.025578 0.012288 1.026528 0.013082 1.034672 0.014061 1.037824 0.014916 
7777.978555 1.2980 910.7 -3.256 -1.087 17.57 11356.6 MSCL1_1701240297 0.981549 0.003585 0.980435 0.003774 0.979317 0.003963 0.979221 0.004163 0.980640 0.004377 
7777.978845 1.2964 923.3 -3.991 -0.760 18.02 12149.0 MSCL1_1701240298 1.003082 0.002981 1.004451 0.003138 1.004847 0.003293 1.005454 0.003451 1.006915 0.003619 
7777.979122 1.2949 459.4 -3.483 -0.404 18.12 25443.7 MSCL1_1701240299 0.987995 0.001530 0.988220 0.001565 0.988350 0.001602 0.987890 0.001638 0.988341 0.001679 
7777.979412 1.2933 393.0 -1.140 -0.596 19.05 27684.2 MSCL1_1701240300 0.982727 0.001427 0.982218 0.001453 0.982306 0.001481 0.981769 0.001510 0.981774 0.001541 
7777.979689 1.2918 385.9 0.080 0.011 17.02 34646.1 MSCL1_1701240301 0.980922 0.001417 0.980042 0.001442 0.979681 0.001470 0.979710 0.001499 0.979616 0.001529 
7777.979979 1.2902 385.4 1.429 0.494 17.69 36792.2 MSCL1_1701240302 0.982664 0.001416 0.982241 0.001442 0.981757 0.001469 0.981474 0.001497 0.981327 0.001527 
7777.980245 1.2887 384.9 0.076 0.266 16.68 38940.4 MSCL1_1701240303 0.983547 0.001420 0.982800 0.001446 0.982188 0.001473 0.981795 0.001502 0.981485 0.001532 
7777.980534 1.2872 385.6 -1.279 -0.309 16.75 39168.2 MSCL1_1701240304 0.983191 0.001419 0.982286 0.001444 0.981612 0.001472 0.981466 0.001501 0.980654 0.001530 
7777.980824 1.2856 385.3 0.284 -1.133 16.09 35263.9 MSCL1_1701240305 0.981295 0.001412 0.980574 0.001438 0.980381 0.001465 0.980054 0.001494 0.980220 0.001525 
7777.981101 1.2841 381.0 0.934 0.233 16.69 36171.2 MSCL1_1701240306 0.981025 0.001410 0.980287 0.001436 0.980373 0.001464 0.980020 0.001493 0.979614 0.001523 
7777.981379 1.2826 379.1 0.625 0.560 16.91 36604.9 MSCL1_1701240307 0.981896 0.001408 0.981162 0.001433 0.981165 0.001461 0.980598 0.001489 0.980278 0.001519 
7777.981657 1.2811 379.3 -0.865 0.551 16.01 39144.7 MSCL1_1701240308 0.982957 0.001408 0.981900 0.001433 0.981836 0.001461 0.981377 0.001489 0.981093 0.001519 
7777.981935 1.2797 379.5 -0.945 0.135 16.79 34499.7 MSCL1_1701240309 0.982734 0.001411 0.981845 0.001437 0.982307 0.001466 0.982403 0.001496 0.982250 0.001526 
7777.982213 1.2782 380.2 0.051 -0.018 17.07 34912.1 MSCL1_1701240310 0.979976 0.001405 0.979527 0.001431 0.979317 0.001458 0.979160 0.001488 0.979009 0.001518 
7777.982490 1.2767 381.6 0.923 -0.531 16.92 36238.7 MSCL1_1701240311 0.984547 0.001411 0.983593 0.001436 0.982907 0.001463 0.983124 0.001493 0.983203 0.001524 
7777.982780 1.2752 380.0 -0.061 0.055 16.75 39250.3 MSCL1_1701240312 0.983644 0.001409 0.982575 0.001435 0.982022 0.001462 0.981478 0.001491 0.981197 0.001521 
7777.983057 1.2738 376.9 0.568 0.706 16.41 37764.2 MSCL1_1701240313 0.983035 0.001404 0.982094 0.001430 0.981901 0.001458 0.981818 0.001487 0.981797 0.001517 
7777.983347 1.2723 378.0 0.684 0.368 15.66 42144.0 MSCL1_1701240314 0.984952 0.001404 0.983938 0.001429 0.983301 0.001456 0.982896 0.001485 0.982574 0.001515 
7777.983625 1.2708 377.4 -0.875 0.127 15.93 44870.9 MSCL1_1701240315 0.981488 0.001400 0.980046 0.001425 0.979258 0.001452 0.978969 0.001481 0.978509 0.001511 
7777.983902 1.2694 375.6 -0.951 -0.032 16.75 41099.4 MSCL1_1701240316 0.984036 0.001405 0.983512 0.001431 0.982979 0.001459 0.982754 0.001488 0.982554 0.001518 
7777.984169 1.2680 375.7 -0.119 -0.714 15.84 41910.7 MSCL1_1701240317 0.985730 0.001406 0.984867 0.001432 0.984542 0.001460 0.984043 0.001488 0.983341 0.001518 
7777.984458 1.2666 373.7 0.655 -0.041 15.98 40480.3 MSCL1_1701240318 0.983826 0.001399 0.983019 0.001425 0.982455 0.001452 0.982005 0.001480 0.981576 0.001510 
7777.984736 1.2652 373.0 0.517 1.130 17.38 38072.2 MSCL1_1701240319 0.983519 0.001398 0.982830 0.001423 0.982626 0.001451 0.982639 0.001480 0.982441 0.001510 
7777.985025 1.2637 371.4 0.063 -0.438 16.05 44815.5 MSCL1_1701240320 0.985885 0.001405 0.985164 0.001431 0.984675 0.001459 0.984374 0.001488 0.983493 0.001517 
7777.985303 1.2623 370.4 0.270 -1.151 16.07 46166.5 MSCL1_1701240321 0.985619 0.001402 0.984458 0.001427 0.984006 0.001455 0.983871 0.001485 0.983794 0.001515 
7777.985592 1.2608 369.8 0.660 -0.267 16.39 43135.7 MSCL1_1701240322 0.985391 0.001401 0.984179 0.001427 0.983426 0.001454 0.983148 0.001484 0.982683 0.001514 
7777.985870 1.2595 365.8 -1.235 0.458 16.48 39462.5 MSCL1_1701240323 0.985321 0.001394 0.983898 0.001418 0.983459 0.001445 0.983002 0.001474 0.982743 0.001503 
7777.986148 1.2581 364.5 -0.094 1.068 16.77 38672.6 MSCL1_1701240324 0.984431 0.001391 0.983411 0.001416 0.983081 0.001443 0.982790 0.001472 0.982337 0.001501 
7777.986426 1.2567 365.8 -0.358 0.717 16.86 38525.5 MSCL1_1701240325 0.984214 0.001393 0.983207 0.001418 0.982996 0.001446 0.982373 0.001475 0.982114 0.001505 
7777.986703 1.2553 367.4 0.459 -0.076 16.08 38714.2 MSCL1_1701240326 0.982704 0.001396 0.981980 0.001422 0.981493 0.001450 0.981442 0.001480 0.981164 0.001510 
7777.986981 1.2540 368.2 0.206 -0.489 15.61 37924.3 MSCL1_1701240327 0.983962 0.001403 0.983589 0.001430 0.983294 0.001459 0.982964 0.001488 0.982528 0.001519 
7777.987259 1.2526 369.7 -0.037 -0.916 16.73 37539.2 MSCL1_1701240328 0.984791 0.001397 0.984221 0.001424 0.983791 0.001452 0.983374 0.001481 0.982789 0.001510 
7777.987548 1.2512 367.0 0.469 0.262 17.87 33707.0 MSCL1_1701240329 0.983659 0.001394 0.983036 0.001421 0.982306 0.001448 0.981968 0.001477 0.981811 0.001508 
7777.987826 1.2498 368.9 -0.186 0.025 17.07 35894.2 MSCL1_1701240330 0.983560 0.001389 0.982434 0.001414 0.982043 0.001442 0.982062 0.001471 0.981843 0.001502 
7777.988104 1.2485 366.8 -0.558 0.469 16.29 40409.7 MSCL1_1701240331 0.985238 0.001387 0.984069 0.001412 0.983500 0.001439 0.982677 0.001467 0.982103 0.001497 
7777.988393 1.2471 356.5 -0.981 -0.733 16.39 39266.3 MSCL1_1701240332 0.980992 0.001373 0.979647 0.001397 0.978935 0.001424 0.978576 0.001452 0.978872 0.001483 
7777.988671 1.2458 351.6 1.424 0.404 15.94 42213.4 MSCL1_1701240333 0.985233 0.001377 0.984108 0.001402 0.983994 0.001429 0.983799 0.001458 0.983463 0.001487 
7777.988960 1.2444 346.9 0.436 0.216 15.97 41812.0 MSCL1_1701240334 0.982610 0.001372 0.981867 0.001397 0.981708 0.001425 0.981535 0.001453 0.981452 0.001483 
7777.989238 1.2431 344.4 0.144 -0.169 16.74 36849.7 MSCL1_1701240335 0.981326 0.001367 0.980600 0.001391 0.979751 0.001417 0.979652 0.001445 0.979471 0.001474 
7777.989516 1.2418 340.3 -0.141 -0.719 17.03 31059.6 MSCL1_1701240336 0.981721 0.001364 0.981470 0.001389 0.981610 0.001416 0.982016 0.001445 0.982139 0.001474 
7777.989794 1.2404 342.7 -0.500 0.732 16.38 38273.7 MSCL1_1701240337 0.984339 0.001371 0.983055 0.001395 0.982715 0.001422 0.982166 0.001449 0.982102 0.001479 
7777.990071 1.2391 338.3 -0.507 0.601 16.14 38535.8 MSCL1_1701240338 0.982292 0.001364 0.981356 0.001388 0.980658 0.001414 0.980351 0.001441 0.980331 0.001471 
7777.990349 1.2378 336.8 -0.192 -0.606 15.05 44706.7 MSCL1_1701240339 0.984008 0.001363 0.983095 0.001387 0.982664 0.001414 0.982414 0.001442 0.982411 0.001471 
7777.990627 1.2366 334.6 0.583 -1.469 15.52 43651.9 MSCL1_1701240340 0.987159 0.001366 0.985920 0.001389 0.985434 0.001416 0.985331 0.001444 0.985274 0.001473 
7777.990905 1.2353 333.9 0.387 0.132 16.74 35421.1 MSCL1_1701240341 0.983894 0.001360 0.983152 0.001384 0.983031 0.001411 0.982356 0.001438 0.982016 0.001466 
7777.991182 1.2340 329.2 -0.241 0.700 16.78 41953.7 MSCL1_1701240342 0.985233 0.001356 0.983848 0.001379 0.983424 0.001405 0.982833 0.001431 0.982438 0.001459 
7777.991472 1.2327 327.3 -0.305 0.809 15.31 44347.0 MSCL1_1701240343 0.981734 0.001344 0.980374 0.001366 0.980191 0.001392 0.980190 0.001419 0.979387 0.001446 
7777.991738 1.2314 328.6 0.154 -0.766 15.59 44079.9 MSCL1_1701240344 0.985522 0.001352 0.984204 0.001375 0.983784 0.001401 0.983399 0.001428 0.983062 0.001456 
7777.992027 1.2301 326.7 0.403 -1.100 16.00 43707.4 MSCL1_1701240345 0.982363 0.001345 0.981197 0.001368 0.981022 0.001394 0.980482 0.001421 0.980175 0.001449 
7777.992317 1.2288 325.3 -0.910 0.022 16.50 44432.4 MSCL1_1701240346 0.983429 0.001346 0.982474 0.001370 0.982314 0.001396 0.982338 0.001424 0.982002 0.001452 
7777.992595 1.2275 322.7 -0.082 0.949 15.50 51007.2 MSCL1_1701240347 0.982071 0.001340 0.980801 0.001363 0.980141 0.001387 0.979525 0.001413 0.979743 0.001442 
7777.992872 1.2263 321.1 0.452 0.404 15.76 47322.9 MSCL1_1701240348 0.987130 0.001350 0.985914 0.001373 0.985855 0.001399 0.985226 0.001426 0.984771 0.001454 
7777.993162 1.2250 321.2 0.310 0.070 15.98 47906.1 MSCL1_1701240349 0.984449 0.001345 0.983675 0.001369 0.983481 0.001396 0.983118 0.001423 0.983035 0.001451 
7777.993439 1.2238 392.0 0.044 -0.916 15.71 46271.6 MSCL1_1701240350 0.984961 0.001450 0.983885 0.001482 0.983032 0.001515 0.982848 0.001550 0.982894 0.001588 
7777.993728 1.2225 414.2 0.074 0.155 16.40 38297.5 MSCL1_1701240351 0.988650 0.001511 0.987329 0.001547 0.986559 0.001585 0.985738 0.001624 0.985416 0.001665 
7777.994006 1.2212 320.0 -0.212 0.872 15.88 47343.1 MSCL1_1701240352 0.985062 0.001342 0.983785 0.001365 0.983423 0.001391 0.983336 0.001419 0.982592 0.001446 
7777.994283 1.2200 321.8 -0.177 0.083 16.38 45851.8 MSCL1_1701240353 0.985335 0.001340 0.984232 0.001363 0.983869 0.001389 0.983333 0.001415 0.983085 0.001443 
7777.994561 1.2188 317.3 0.135 -0.604 16.59 46202.4 MSCL1_1701240354 0.986672 0.001343 0.985530 0.001367 0.985160 0.001393 0.984998 0.001420 0.984988 0.001449 
7777.994850 1.2175 318.1 -0.069 0.082 17.52 37416.3 MSCL1_1701240355 0.984295 0.001335 0.983074 0.001357 0.982726 0.001383 0.982206 0.001409 0.981811 0.001436 
7777.995128 1.2163 318.0 0.396 0.075 15.98 47279.1 MSCL1_1701240356 0.986299 0.001340 0.985425 0.001364 0.984853 0.001390 0.984428 0.001417 0.984133 0.001445 
7777.995418 1.2151 314.0 -0.640 -0.755 16.02 49911.1 MSCL1_1701240357 0.986010 0.001336 0.985025 0.001360 0.984619 0.001385 0.984207 0.001412 0.984129 0.001440 
7777.995695 1.2139 320.9 -0.241 0.070 15.75 43440.6 MSCL1_1701240358 0.985791 0.001335 0.984550 0.001358 0.984043 0.001384 0.983755 0.001410 0.983708 0.001439 
7777.995985 1.2126 317.6 0.516 0.469 16.38 40323.1 MSCL1_1701240359 0.987198 0.001341 0.986487 0.001365 0.985936 0.001391 0.985424 0.001418 0.985541 0.001448 
7777.996251 1.2115 315.1 -0.043 0.261 15.17 57659.4 MSCL1_1701240360 0.988593 0.001339 0.987712 0.001364 0.987072 0.001389 0.986676 0.001416 0.986003 0.001444 
7777.996540 1.2103 312.4 -0.151 -0.033 16.14 47995.2 MSCL1_1701240361 0.984975 0.001330 0.983502 0.001353 0.982976 0.001378 0.982591 0.001405 0.982324 0.001432 
7777.996818 1.2091 310.9 -0.354 -0.490 15.59 51553.9 MSCL1_1701240362 0.985876 0.001329 0.984603 0.001352 0.984264 0.001377 0.983778 0.001404 0.983266 0.001431 
7777.997096 1.2079 308.3 0.218 -0.273 14.56 59857.4 MSCL1_1701240363 0.988261 0.001335 0.987150 0.001358 0.986365 0.001383 0.985633 0.001410 0.985284 0.001438 
7777.997385 1.2067 304.7 0.559 0.463 15.57 54820.2 MSCL1_1701240364 0.985532 0.001325 0.984470 0.001348 0.984004 0.001373 0.983586 0.001399 0.983450 0.001427 
7777.997663 1.2055 303.2 0.241 0.368 20.04 32550.4 MSCL1_1701240365 0.986171 0.001324 0.985663 0.001348 0.985326 0.001373 0.984986 0.001399 0.984853 0.001426 
7777.997941 1.2044 303.0 -0.830 0.125 20.64 33819.2 MSCL1_1701240366 0.983889 0.001319 0.983084 0.001342 0.982342 0.001367 0.981514 0.001392 0.980998 0.001419 
7777.998230 1.2032 303.5 0.158 -0.865 20.52 30072.5 MSCL1_1701240367 0.984807 0.001322 0.984819 0.001347 0.984783 0.001373 0.984988 0.001400 0.985311 0.001429 
7777.998519 1.2020 304.1 0.366 -0.454 20.26 28975.9 MSCL1_1701240368 0.988623 0.001332 0.988398 0.001357 0.988105 0.001382 0.988062 0.001410 0.987758 0.001438 
7777.998797 1.2008 303.3 0.114 0.142 19.80 30586.9 MSCL1_1701240369 0.984106 0.001319 0.983973 0.001343 0.983618 0.001368 0.983155 0.001393 0.982509 0.001420 
7777.999087 1.1997 302.6 -0.342 0.475 19.80 32498.6 MSCL1_1701240370 0.986051 0.001323 0.985089 0.001346 0.984895 0.001372 0.984410 0.001398 0.984326 0.001426 
7777.999376 1.1985 301.9 -0.254 -0.233 18.71 32956.9 MSCL1_1701240371 0.985297 0.001323 0.984439 0.001346 0.984146 0.001372 0.983767 0.001398 0.983468 0.001426 
7777.999654 1.1974 300.0 0.675 0.027 20.52 31774.4 MSCL1_1701240372 0.989275 0.001324 0.988688 0.001348 0.988334 0.001374 0.988402 0.001401 0.988472 0.001430 
7777.999920 1.1963 300.6 -0.906 -0.176 20.55 29003.7 MSCL1_1701240373 0.988267 0.001323 0.987790 0.001347 0.987700 0.001372 0.987857 0.001400 0.987698 0.001427 
7778.000209 1.1951 299.0 0.132 0.138 20.17 30895.8 MSCL1_1701240374 0.987368 0.001317 0.987116 0.001341 0.986953 0.001366 0.986915 0.001393 0.986756 0.001421 
7778.000499 1.1940 296.6 0.589 -0.445 19.95 30388.0 MSCL1_1701240375 0.988553 0.001321 0.988081 0.001345 0.987879 0.001370 0.987581 0.001397 0.987355 0.001425 
7778.000776 1.1928 294.8 -0.015 -0.501 19.56 31953.6 MSCL1_1701240376 0.991411 0.001323 0.991036 0.001347 0.990928 0.001373 0.990790 0.001400 0.990726 0.001428 
7778.001066 1.1917 292.9 -0.888 0.449 20.38 30279.4 MSCL1_1701240377 0.986290 0.001315 0.985862 0.001338 0.985928 0.001364 0.985803 0.001391 0.985620 0.001419 
7778.001344 1.1906 293.5 0.378 0.533 19.64 30327.2 MSCL1_1701240378 0.989421 0.001317 0.989136 0.001341 0.988624 0.001366 0.988194 0.001392 0.988140 0.001419 
7778.001633 1.1895 294.7 -0.158 0.305 19.82 29744.7 MSCL1_1701240379 0.985780 0.001314 0.985621 0.001338 0.985315 0.001364 0.984773 0.001390 0.985043 0.001418 
7778.001899 1.1884 293.4 -0.545 -0.637 19.73 32413.5 MSCL1_1701240380 0.988290 0.001313 0.988033 0.001337 0.987634 0.001362 0.987237 0.001388 0.987292 0.001415 
7778.002177 1.1873 295.3 -0.417 -0.167 21.48 26309.9 MSCL1_1701240381 0.988878 0.001316 0.988701 0.001341 0.988718 0.001367 0.988730 0.001394 0.988578 0.001422 
7778.002466 1.1862 293.4 0.842 0.240 19.23 32129.5 MSCL1_1701240382 0.991599 0.001318 0.991407 0.001342 0.991236 0.001368 0.990829 0.001394 0.990666 0.001422 
7778.002744 1.1851 293.7 -0.093 -0.179 19.89 30069.7 MSCL1_1701240383 0.987252 0.001311 0.986698 0.001334 0.986730 0.001360 0.986792 0.001387 0.986854 0.001415 
7778.003022 1.1840 290.3 -0.191 -0.521 19.57 31822.0 MSCL1_1701240384 0.989506 0.001313 0.989107 0.001337 0.988405 0.001361 0.988062 0.001388 0.987711 0.001415 
7778.003300 1.1830 289.2 -0.139 0.043 19.17 34484.3 MSCL1_1701240385 0.992295 0.001317 0.991649 0.001341 0.991360 0.001367 0.991180 0.001394 0.991016 0.001422 
7778.003577 1.1819 289.9 -0.030 0.124 20.80 32814.9 MSCL1_1701240386 0.991005 0.001310 0.990419 0.001334 0.989941 0.001359 0.989179 0.001384 0.988858 0.001411 
7778.003867 1.1808 287.6 -0.367 -0.005 19.42 35039.9 MSCL1_1701240387 0.990797 0.001311 0.990419 0.001335 0.989893 0.001360 0.988969 0.001386 0.988523 0.001413 
7778.004144 1.1798 287.6 0.718 -0.208 19.75 33847.2 MSCL1_1701240388 0.991493 0.001309 0.990983 0.001333 0.990305 0.001357 0.989969 0.001383 0.989991 0.001411 
7778.004445 1.1786 286.2 -0.468 -0.039 19.98 34027.5 MSCL1_1701240389 0.994981 0.001315 0.994424 0.001338 0.994069 0.001364 0.993848 0.001391 0.993784 0.001419 
7778.004723 1.1776 283.5 -0.525 0.832 19.95 31434.6 MSCL1_1701240390 0.994797 0.001313 0.994032 0.001336 0.993561 0.001361 0.993224 0.001387 0.993363 0.001415 
7778.005012 1.1765 284.8 0.187 0.214 20.69 30644.4 MSCL1_1701240391 0.992395 0.001308 0.991874 0.001332 0.991378 0.001357 0.990811 0.001383 0.990560 0.001410 
7778.005290 1.1755 278.0 0.181 -0.457 19.48 33418.4 MSCL1_1701240392 0.993184 0.001307 0.992777 0.001331 0.992671 0.001356 0.992508 0.001382 0.992134 0.001409 
7778.005568 1.1744 281.6 0.140 -0.139 19.78 33795.6 MSCL1_1701240393 0.993190 0.001308 0.992915 0.001332 0.992615 0.001357 0.992436 0.001384 0.992152 0.001411 
7778.005857 1.1734 278.9 -0.469 -0.158 19.80 32133.4 MSCL1_1701240394 0.995044 0.001312 0.994546 0.001336 0.994349 0.001361 0.994141 0.001388 0.993943 0.001416 
7778.006135 1.1723 277.6 -0.642 -0.622 19.20 35377.4 MSCL1_1701240395 0.995159 0.001307 0.994353 0.001330 0.994095 0.001355 0.993630 0.001380 0.993400 0.001408 
7778.006413 1.1713 277.0 0.235 -0.126 19.34 33585.1 MSCL1_1701240396 0.995323 0.001308 0.994897 0.001331 0.994614 0.001356 0.994382 0.001383 0.994493 0.001411 
7778.006679 1.1704 272.7 0.990 -0.302 18.40 36975.2 MSCL1_1701240397 0.995919 0.001307 0.995110 0.001330 0.994632 0.001355 0.994426 0.001381 0.994263 0.001409 
7778.006969 1.1693 270.3 -0.049 0.364 20.59 32508.2 MSCL1_1701240398 0.996226 0.001303 0.995938 0.001326 0.995519 0.001350 0.995132 0.001376 0.995110 0.001403 
7778.007258 1.1683 268.7 -0.505 -0.351 19.98 32612.2 MSCL1_1701240399 0.992847 0.001298 0.992207 0.001320 0.991576 0.001344 0.991576 0.001370 0.991276 0.001397 
7778.007536 1.1673 269.6 -0.518 0.553 20.00 31957.6 MSCL1_1701240400 0.998380 0.001305 0.997753 0.001328 0.997541 0.001353 0.997017 0.001378 0.996678 0.001405 
7778.007802 1.1663 269.4 0.247 0.473 20.53 29614.5 MSCL1_1701240401 0.994789 0.001301 0.993839 0.001324 0.993625 0.001349 0.993156 0.001374 0.993104 0.001402 
7778.008091 1.1653 267.3 0.205 0.178 19.29 31144.0 MSCL1_1701240402 0.995817 0.001302 0.995280 0.001325 0.994853 0.001350 0.994701 0.001376 0.994976 0.001404 
7778.008369 1.1643 266.4 -0.401 -0.502 20.06 29292.7 MSCL1_1701240403 0.995831 0.001300 0.994893 0.001322 0.994468 0.001347 0.994169 0.001373 0.993814 0.001399 
7778.008658 1.1633 268.9 0.105 -0.835 20.56 29120.7 MSCL1_1701240404 0.996710 0.001303 0.996340 0.001326 0.996271 0.001352 0.996142 0.001378 0.995851 0.001406 
7778.008936 1.1623 268.4 0.347 0.522 20.16 29542.4 MSCL1_1701240405 0.995610 0.001301 0.995641 0.001326 0.995494 0.001351 0.995138 0.001377 0.994979 0.001405 
7778.009214 1.1613 266.0 0.020 0.532 20.08 34335.3 MSCL1_1701240406 0.999187 0.001303 0.998566 0.001326 0.998588 0.001351 0.998200 0.001377 0.998299 0.001405 
7778.009492 1.1603 264.3 -0.757 -0.072 19.52 31571.1 MSCL1_1701240407 1.000691 0.001305 1.000309 0.001328 1.000417 0.001354 1.000402 0.001380 1.000554 0.001408 
7778.009769 1.1594 264.0 -0.029 -0.020 20.88 30552.5 MSCL1_1701240408 0.998306 0.001299 0.998208 0.001323 0.997846 0.001347 0.997743 0.001374 0.997843 0.001402 
7778.010059 1.1584 261.5 0.349 0.173 20.29 31506.5 MSCL1_1701240409 1.000486 0.001302 0.999780 0.001325 0.999566 0.001350 0.999626 0.001377 0.999489 0.001404 
7778.010337 1.1574 261.9 0.137 -0.344 19.85 34949.2 MSCL1_1701240410 1.004418 0.001304 1.004047 0.001328 1.003750 0.001353 1.003996 0.001380 1.003663 0.001407 
7778.010614 1.1565 263.4 -0.524 -0.515 20.23 32691.9 MSCL1_1701240411 1.000026 0.001299 0.999469 0.001322 0.999185 0.001347 0.999163 0.001373 0.999021 0.001400 
7778.010892 1.1555 262.5 -0.368 0.138 20.70 29605.4 MSCL1_1701240412 0.999255 0.001298 0.998591 0.001321 0.998666 0.001347 0.998697 0.001374 0.998704 0.001402 
7778.011158 1.1546 260.5 -0.215 0.260 18.88 35420.7 MSCL1_1701240413 0.998689 0.001294 0.997971 0.001317 0.997792 0.001342 0.997712 0.001368 0.997362 0.001395 
7778.011448 1.1536 263.8 -0.028 -0.189 19.96 32189.9 MSCL1_1701240414 0.999408 0.001296 0.998679 0.001319 0.998534 0.001345 0.998592 0.001371 0.998514 0.001399 
7778.011725 1.1527 264.7 0.215 -0.189 20.09 31626.3 MSCL1_1701240415 1.002507 0.001300 1.002073 0.001324 1.002114 0.001349 1.002143 0.001376 1.002246 0.001404 
7778.012015 1.1517 261.9 -0.329 -0.151 20.36 32786.0 MSCL1_1701240416 1.001462 0.001298 1.001166 0.001321 1.000673 0.001346 1.000349 0.001372 1.000497 0.001400 
7778.012293 1.1508 260.2 0.529 -0.121 20.31 32127.9 MSCL1_1701240417 1.002067 0.001296 1.001287 0.001319 1.000914 0.001344 1.000902 0.001371 1.000834 0.001398 
7778.012582 1.1498 263.6 -0.009 -0.816 19.29 35152.1 MSCL1_1701240418 1.002305 0.001296 1.001232 0.001318 1.000760 0.001342 1.000472 0.001368 1.000262 0.001395 
7778.012860 1.1489 266.8 -0.259 -0.211 19.42 36266.0 MSCL1_1701240419 1.000831 0.001295 0.999959 0.001318 0.999491 0.001343 0.999226 0.001369 0.998945 0.001397 
7778.013149 1.1480 261.3 -0.292 -0.161 19.32 34290.1 MSCL1_1701240420 1.004259 0.001298 1.003790 0.001321 1.003609 0.001347 1.003276 0.001373 1.003207 0.001400 
7778.013427 1.1471 258.0 -0.178 0.454 20.31 31853.5 MSCL1_1701240421 1.001205 0.001291 1.000374 0.001314 0.999774 0.001338 0.999801 0.001364 0.999496 0.001391 
7778.013716 1.1461 257.2 -0.347 0.143 21.41 24990.0 MSCL1_1701240422 1.001548 0.001294 1.001913 0.001319 1.002394 0.001345 1.002501 0.001372 1.002260 0.001399 
7778.014006 1.1452 257.4 0.295 0.067 20.38 27732.6 MSCL1_1701240423 1.000892 0.001289 1.000458 0.001312 0.999850 0.001336 0.999553 0.001362 0.999855 0.001390 
7778.014272 1.1443 254.8 0.490 -0.102 20.25 29504.4 MSCL1_1701240424 1.001334 0.001289 1.000693 0.001312 1.000251 0.001336 0.999966 0.001362 0.999733 0.001389 
7778.014550 1.1434 255.8 0.325 -1.368 20.22 31716.2 MSCL1_1701240425 1.001563 0.001290 1.001521 0.001314 1.001644 0.001339 1.002040 0.001366 1.002149 0.001394 
7778.014839 1.1425 256.3 -0.524 -0.020 21.70 26599.7 MSCL1_1701240426 1.003509 0.001289 1.003528 0.001313 1.003526 0.001337 1.003827 0.001364 1.004049 0.001392 
7778.015128 1.1416 251.8 -0.750 1.064 19.07 34431.4 MSCL1_1701240427 1.002568 0.001286 1.002087 0.001309 1.001755 0.001334 1.001698 0.001360 1.001924 0.001387 
7778.015406 1.1407 255.2 -0.794 0.459 18.84 33652.6 MSCL1_1701240428 1.005392 0.001292 1.004581 0.001314 1.004693 0.001340 1.004777 0.001367 1.004647 0.001394 
7778.015695 1.1398 252.7 0.628 -0.261 19.98 27595.3 MSCL1_1701240429 0.999697 0.001283 0.999509 0.001306 0.999738 0.001331 0.999970 0.001357 0.999760 0.001384 
7778.015973 1.1389 251.9 0.139 -0.762 19.63 32712.2 MSCL1_1701240430 1.001903 0.001283 1.001232 0.001306 1.001033 0.001331 1.000566 0.001356 1.000504 0.001383 
7778.016262 1.1380 251.0 -0.041 -0.340 20.50 29224.9 MSCL1_1701240431 1.001438 0.001281 1.000810 0.001303 1.000542 0.001328 1.000354 0.001353 1.000294 0.001380 
7778.016540 1.1371 249.3 -0.137 0.799 20.76 30810.3 MSCL1_1701240432 1.001976 0.001281 1.000889 0.001304 1.000573 0.001328 1.000040 0.001353 0.999949 0.001380 
7778.016818 1.1362 252.4 -1.361 0.642 19.18 37336.9 MSCL1_1701240433 1.003372 0.001283 1.002697 0.001306 1.002598 0.001331 1.002643 0.001357 1.002694 0.001384 
7778.017107 1.1354 249.6 0.301 -0.132 18.31 36175.9 MSCL1_1701240434 1.002894 0.001282 1.002657 0.001305 1.002189 0.001329 1.001917 0.001355 1.001672 0.001381 
7778.017397 1.1345 248.1 0.840 -0.776 19.06 32745.9 MSCL1_1701240435 1.001650 0.001277 1.001160 0.001300 1.000997 0.001324 1.000530 0.001349 1.000498 0.001376 
7778.017675 1.1336 253.1 0.004 -0.398 19.11 36062.5 MSCL1_1701240436 1.003784 0.001284 1.003516 0.001308 1.003305 0.001333 1.002919 0.001359 1.002959 0.001387 
7778.017964 1.1327 250.0 0.074 0.396 19.80 36412.3 MSCL1_1701240437 1.003253 0.001278 1.002224 0.001300 1.001517 0.001324 1.000988 0.001349 1.000629 0.001375 
7778.018253 1.1319 250.3 -0.180 0.158 19.53 33571.8 MSCL1_1701240438 1.003051 0.001278 1.002647 0.001301 1.002185 0.001326 1.001878 0.001351 1.001880 0.001378 
7778.018531 1.1310 245.8 0.243 0.149 20.27 34593.4 MSCL1_1701240439 1.003711 0.001280 1.003142 0.001303 1.002802 0.001327 1.002694 0.001353 1.002469 0.001380 
7778.018809 1.1302 246.0 -0.529 -0.537 18.56 37645.5 MSCL1_1701240440 1.004054 0.001277 1.003253 0.001299 1.002906 0.001323 1.002325 0.001348 1.002040 0.001374 
7778.019098 1.1293 247.0 -0.035 -0.833 19.46 33287.1 MSCL1_1701240441 1.002297 0.001272 1.001963 0.001295 1.001639 0.001318 1.001312 0.001343 1.001368 0.001370 
7778.019376 1.1285 246.1 -0.111 0.117 19.66 30815.5 MSCL1_1701240442 0.998969 0.001271 0.999132 0.001294 0.999254 0.001319 0.999203 0.001345 0.999359 0.001373 
7778.019642 1.1277 245.7 -0.196 0.598 19.89 26750.7 MSCL1_1701240443 1.002035 0.001275 1.002260 0.001299 1.002430 0.001324 1.002367 0.001350 1.002245 0.001377 
7778.019920 1.1269 244.3 0.477 -0.026 19.57 33650.9 MSCL1_1701240444 1.003588 0.001273 1.003436 0.001296 1.003262 0.001321 1.003531 0.001347 1.003545 0.001374 
7778.020209 1.1260 241.6 0.152 -1.055 18.31 35407.6 MSCL1_1701240445 1.002241 0.001272 1.001696 0.001295 1.001263 0.001319 1.001224 0.001344 1.001595 0.001372 
7778.020475 1.1252 245.5 0.023 -0.342 19.31 32621.2 MSCL1_1701240446 1.000592 0.001272 0.999951 0.001294 0.999514 0.001319 0.999421 0.001345 0.999662 0.001372 
7778.020753 1.1244 241.4 -1.440 1.193 18.14 35286.2 MSCL1_1701240447 1.000040 0.001268 0.999953 0.001291 0.999572 0.001315 0.999338 0.001341 0.999107 0.001367 
7778.021043 1.1236 244.8 -1.001 0.570 19.40 31794.9 MSCL1_1701240448 1.003557 0.001273 1.002972 0.001295 1.002596 0.001320 1.002191 0.001345 1.002138 0.001372 
7778.021320 1.1228 240.5 0.183 -0.701 20.50 27026.5 MSCL1_1701240449 1.003157 0.001269 1.003476 0.001292 1.002771 0.001315 1.002747 0.001341 1.002468 0.001367 
7778.021598 1.1220 241.5 1.234 -0.989 18.75 33254.7 MSCL1_1701240450 1.001971 0.001266 1.001567 0.001288 1.001657 0.001313 1.001394 0.001338 1.001290 0.001364 
7778.021887 1.1212 241.4 0.218 -0.177 20.40 28504.9 MSCL1_1701240451 1.002292 0.001267 1.001944 0.001290 1.001818 0.001314 1.001908 0.001340 1.001706 0.001366 
7778.022165 1.1204 238.1 -1.051 0.227 19.00 33702.2 MSCL1_1701240452 1.001302 0.001261 1.000751 0.001283 1.000767 0.001308 1.000302 0.001332 1.000165 0.001358 
7778.022443 1.1196 238.0 -0.929 -0.015 18.51 36464.6 MSCL1_1701240453 1.004251 0.001268 1.003517 0.001291 1.003523 0.001316 1.003091 0.001341 1.002757 0.001367 
7778.022732 1.1188 236.0 0.658 -0.353 18.56 38860.4 MSCL1_1701240454 1.001918 0.001264 1.001218 0.001286 1.000556 0.001310 1.000416 0.001335 1.000103 0.001361 
7778.023022 1.1180 237.0 0.772 0.384 19.88 29952.9 MSCL1_1701240455 1.003407 0.001264 1.002269 0.001285 1.001799 0.001309 1.001981 0.001335 1.001839 0.001361 
7778.023300 1.1172 237.3 -1.356 0.271 19.76 30701.3 MSCL1_1701240456 1.001893 0.001260 1.001091 0.001282 1.000969 0.001306 1.000387 0.001331 0.999711 0.001356 
7778.023589 1.1164 238.3 0.409 -0.057 19.87 32831.9 MSCL1_1701240457 1.001396 0.001261 1.000728 0.001284 1.000453 0.001308 1.000219 0.001333 1.000149 0.001359 
7778.023867 1.1156 236.0 0.929 -0.828 17.92 38753.0 MSCL1_1701240458 1.001747 0.001257 1.001224 0.001280 1.000915 0.001304 1.000647 0.001329 1.000252 0.001354 
7778.024156 1.1148 238.4 -0.763 -0.182 20.59 27923.8 MSCL1_1701240459 1.002285 0.001258 1.001583 0.001279 1.001408 0.001304 1.001245 0.001329 1.001203 0.001355 
7778.024434 1.1140 236.3 -0.453 1.446 20.72 30360.8 MSCL1_1701240460 1.000995 0.001258 1.000315 0.001280 0.999949 0.001304 0.999825 0.001329 1.000227 0.001357 
7778.024723 1.1133 240.0 0.224 0.189 19.75 36831.0 MSCL1_1701240461 1.000814 0.001257 0.999568 0.001279 0.999169 0.001302 0.998893 0.001327 0.998849 0.001354 
7778.025001 1.1125 236.5 0.102 -1.127 18.90 35615.1 MSCL1_1701240462 1.006087 0.001265 1.005490 0.001288 1.005246 0.001312 1.004982 0.001338 1.004704 0.001364 
7778.025279 1.1118 239.8 -0.490 -1.152 19.28 32537.6 MSCL1_1701240463 1.003542 0.001263 1.003667 0.001286 1.003713 0.001311 1.003740 0.001337 1.003913 0.001365 
7778.025556 1.1110 236.9 -0.228 0.642 19.63 30337.6 MSCL1_1701240464 1.000912 0.001256 1.000174 0.001278 0.999967 0.001302 0.999676 0.001327 0.999521 0.001353 
7778.025857 1.1102 236.9 -0.118 0.717 19.70 31884.6 MSCL1_1701240465 1.002660 0.001260 1.002003 0.001283 1.002056 0.001308 1.001538 0.001333 1.001220 0.001359 
7778.026135 1.1095 235.2 0.175 -0.134 19.84 34463.3 MSCL1_1701240466 1.002746 0.001259 1.001776 0.001281 1.001144 0.001304 1.000556 0.001329 1.000422 0.001355 
7778.026413 1.1087 232.8 -0.011 -0.897 18.81 37662.8 MSCL1_1701240467 1.003225 0.001256 1.002641 0.001278 1.002165 0.001302 1.002124 0.001327 1.002222 0.001354 
7778.026702 1.1080 235.7 0.121 -0.352 20.48 34402.8 MSCL1_1701240468 1.002713 0.001257 1.001910 0.001280 1.001718 0.001304 1.001281 0.001329 1.001249 0.001356 
7778.026992 1.1072 232.8 -0.661 0.032 18.90 33389.0 MSCL1_1701240469 1.005188 0.001262 1.004492 0.001284 1.003883 0.001308 1.003799 0.001334 1.003224 0.001359 
7778.027269 1.1065 231.0 -0.461 0.754 17.95 37748.8 MSCL1_1701240470 1.003342 0.001253 1.002460 0.001275 1.002227 0.001298 1.001538 0.001322 1.001066 0.001347 
7778.027547 1.1058 233.7 0.208 0.171 19.83 33633.6 MSCL1_1701240471 1.003787 0.001255 1.003099 0.001278 1.002795 0.001302 1.002634 0.001327 1.002385 0.001353 
7778.027837 1.1050 238.0 -0.364 -0.223 21.22 28779.5 MSCL1_1701240472 1.004463 0.001259 1.004203 0.001282 1.004052 0.001307 1.004033 0.001333 1.004260 0.001360 
7778.028126 1.1043 234.3 -0.292 -0.720 18.92 32961.7 MSCL1_1701240473 1.002467 0.001252 1.001921 0.001274 1.001919 0.001298 1.001929 0.001324 1.001959 0.001350 
7778.028392 1.1036 232.6 0.016 -0.554 20.58 29841.4 MSCL1_1701240474 1.003964 0.001255 1.003776 0.001277 1.003180 0.001301 1.002983 0.001326 1.002878 0.001352 
7778.028681 1.1028 225.5 0.651 -0.070 20.96 34485.1 MSCL1_1701240475 1.003463 0.001250 1.002621 0.001272 1.001872 0.001295 1.001590 0.001320 1.001755 0.001347 
7778.028959 1.1021 223.6 -0.551 -0.031 21.72 29760.9 MSCL1_1701240476 0.999555 0.001242 0.998929 0.001263 0.998391 0.001286 0.998148 0.001311 0.997806 0.001336 
7778.029237 1.1014 222.9 -0.470 0.013 20.23 34463.8 MSCL1_1701240477 1.003390 0.001247 1.002730 0.001269 1.002077 0.001292 1.001287 0.001316 1.000816 0.001341 
7778.029515 1.1007 224.3 0.133 0.196 20.83 32863.8 MSCL1_1701240478 1.003146 0.001247 1.002495 0.001269 1.002292 0.001293 1.002256 0.001318 1.002127 0.001344 
7778.029793 1.1000 223.5 0.016 0.110 21.00 28904.0 MSCL1_1701240479 1.002002 0.001243 1.001936 0.001265 1.001841 0.001289 1.001954 0.001314 1.001370 0.001339 
7778.030082 1.0993 222.3 -0.440 -0.038 20.44 36578.7 MSCL1_1701240480 1.003041 0.001244 1.002489 0.001266 1.002784 0.001291 1.002386 0.001315 1.002538 0.001342 
7778.030360 1.0986 222.2 -0.683 -0.309 20.49 28652.0 MSCL1_1701240481 1.003205 0.001245 1.002715 0.001267 1.002593 0.001291 1.002172 0.001315 1.002241 0.001341 
7778.030649 1.0979 223.1 0.364 0.033 19.42 32223.8 MSCL1_1701240482 1.002716 0.001243 1.002345 0.001266 1.001961 0.001289 1.001885 0.001314 1.002018 0.001341 
7778.030927 1.0972 221.8 -0.103 0.295 21.95 23898.4 MSCL1_1701240483 1.000473 0.001242 1.000518 0.001265 1.000627 0.001289 1.000691 0.001314 1.001147 0.001341 
7778.031205 1.0966 221.5 -0.598 -0.322 20.63 29617.6 MSCL1_1701240484 0.999997 0.001240 0.999735 0.001262 0.999696 0.001286 0.999480 0.001310 0.999487 0.001336 
7778.031482 1.0959 220.8 -0.176 -0.281 19.23 33607.2 MSCL1_1701240485 1.001186 0.001241 1.000697 0.001263 1.000353 0.001287 1.000171 0.001311 1.000161 0.001338 
7778.031760 1.0952 220.6 0.573 -0.405 19.64 31318.1 MSCL1_1701240486 1.000039 0.001235 0.999761 0.001257 0.999586 0.001280 0.999462 0.001305 0.999149 0.001330 
7778.032050 1.0945 220.6 0.318 0.688 22.27 24176.5 MSCL1_1701240487 1.000375 0.001241 1.000871 0.001264 1.001332 0.001289 1.001519 0.001314 1.001681 0.001341 
7778.032327 1.0939 222.7 -1.203 0.834 20.58 27468.7 MSCL1_1701240488 1.002053 0.001243 1.002462 0.001266 1.002840 0.001291 1.003008 0.001316 1.002932 0.001342 
7778.032605 1.0932 221.1 -1.380 -0.776 20.26 27057.1 MSCL1_1701240489 1.000911 0.001235 1.000765 0.001257 1.000760 0.001281 1.000797 0.001306 1.000843 0.001331 
7778.032894 1.0925 221.2 -0.073 -1.825 20.28 28803.5 MSCL1_1701240490 0.999963 0.001234 1.000062 0.001256 0.999778 0.001279 0.999669 0.001304 0.999518 0.001329 
7778.033184 1.0918 221.2 -0.128 0.610 19.57 28870.6 MSCL1_1701240491 0.998566 0.001231 0.998611 0.001253 0.998693 0.001276 0.998694 0.001301 0.998603 0.001326 
7778.033450 1.0912 219.2 0.922 1.116 18.88 32611.6 MSCL1_1701240492 1.001110 0.001235 1.001095 0.001258 1.001150 0.001282 1.000795 0.001306 1.000450 0.001331 
7778.033728 1.0906 219.9 0.056 -0.129 20.75 29835.9 MSCL1_1701240493 1.004257 0.001241 1.003817 0.001264 1.003403 0.001287 1.003160 0.001312 1.003215 0.001338 
7778.034016 1.0899 215.1 -0.197 -0.699 19.59 33466.5 MSCL1_1701240494 1.001299 0.001233 1.000931 0.001255 1.000716 0.001278 1.000539 0.001302 1.000743 0.001328 
7778.034294 1.0893 220.8 -0.315 -1.360 19.16 34474.4 MSCL1_1701240495 1.002211 0.001235 1.002022 0.001257 1.002189 0.001282 1.002175 0.001306 1.002223 0.001332 
7778.034583 1.0886 218.0 -0.292 0.331 19.34 30613.7 MSCL1_1701240496 1.002597 0.001237 1.001813 0.001258 1.001920 0.001282 1.001623 0.001306 1.001559 0.001332 
7778.034861 1.0880 215.9 0.038 0.539 20.59 28465.1 MSCL1_1701240497 1.001692 0.001235 1.001845 0.001258 1.001962 0.001282 1.001858 0.001307 1.001959 0.001333 
7778.035139 1.0873 217.7 -0.803 0.451 20.05 31896.4 MSCL1_1701240498 1.001654 0.001234 1.001267 0.001256 1.001469 0.001280 1.001444 0.001305 1.001253 0.001330 
7778.035428 1.0867 214.9 0.332 -0.090 20.40 28419.7 MSCL1_1701240499 1.001632 0.001234 1.002064 0.001258 1.001695 0.001281 1.001506 0.001306 1.001527 0.001332 
7778.035706 1.0860 214.2 0.356 -0.178 20.50 29816.6 MSCL1_1701240500 0.999806 0.001229 1.000333 0.001252 1.000407 0.001275 1.000228 0.001300 1.000373 0.001325 
7778.035984 1.0854 217.0 0.019 -0.535 20.80 27878.1 MSCL1_1701240501 1.001219 0.001236 1.001155 0.001259 1.001215 0.001283 1.001303 0.001309 1.001261 0.001335 
7778.036273 1.0848 215.7 -0.966 0.742 20.69 28881.7 MSCL1_1701240502 0.999703 0.001231 1.000239 0.001254 1.000540 0.001278 1.000674 0.001303 1.000535 0.001329 
7778.036551 1.0842 215.8 -1.211 -0.280 19.58 29784.9 MSCL1_1701240503 1.002669 0.001235 1.002576 0.001257 1.002851 0.001281 1.002934 0.001306 1.002761 0.001332 
7778.036829 1.0836 213.3 -0.059 0.048 20.76 26985.4 MSCL1_1701240504 1.000998 0.001231 1.001717 0.001255 1.002188 0.001279 1.002031 0.001303 1.002132 0.001329 
7778.037106 1.0829 213.9 0.346 0.141 19.98 30439.3 MSCL1_1701240505 1.002529 0.001233 1.002651 0.001256 1.002672 0.001280 1.002843 0.001306 1.002949 0.001332 
7778.037396 1.0823 212.2 0.770 0.165 20.45 30561.9 MSCL1_1701240506 1.001817 0.001230 1.001463 0.001252 1.001293 0.001276 1.001236 0.001300 1.001209 0.001326 
7778.037674 1.0817 211.3 -0.382 -0.130 19.66 33724.9 MSCL1_1701240507 1.001711 0.001234 1.001128 0.001256 1.000710 0.001279 1.000515 0.001304 1.000344 0.001330 
7778.037963 1.0811 211.8 -0.670 -0.659 20.74 29129.3 MSCL1_1701240508 1.000032 0.001228 0.999992 0.001250 1.000257 0.001274 1.000363 0.001299 1.000262 0.001324 
7778.038241 1.0805 214.3 0.875 -0.168 19.06 35301.6 MSCL1_1701240509 1.002605 0.001231 1.002212 0.001253 1.002051 0.001277 1.001711 0.001301 1.001329 0.001326 
7778.038518 1.0799 211.1 0.089 0.349 20.47 28906.9 MSCL1_1701240510 1.000385 0.001232 1.000235 0.001255 0.999959 0.001278 1.000000 0.001304 0.999552 0.001329 
7778.038808 1.0793 219.3 -0.674 0.435 20.68 29673.7 MSCL1_1701240511 1.001478 0.001232 1.001280 0.001255 1.001216 0.001279 1.001362 0.001304 1.001408 0.001331 
7778.039074 1.0787 216.8 -0.454 0.281 20.74 26775.5 MSCL1_1701240512 1.002810 0.001231 1.002841 0.001254 1.002890 0.001278 1.002841 0.001303 1.002613 0.001328 
7778.039363 1.0781 216.1 -0.098 -0.067 22.43 25435.5 MSCL1_1701240513 0.999776 0.001225 1.000001 0.001248 1.000305 0.001272 1.000758 0.001297 1.000987 0.001324 
7778.039641 1.0775 212.0 -0.010 -1.326 20.95 26441.7 MSCL1_1701240514 1.001213 0.001226 1.001377 0.001249 1.001544 0.001273 1.001521 0.001297 1.001406 0.001323 
7778.039919 1.0770 213.2 -0.280 -0.318 19.98 31198.0 MSCL1_1701240515 1.002859 0.001227 1.002789 0.001250 1.002374 0.001273 1.002566 0.001298 1.002447 0.001323 
7778.040208 1.0764 209.6 0.883 0.665 20.52 33136.2 MSCL1_1701240516 1.000916 0.001226 1.001009 0.001248 1.001229 0.001272 1.001185 0.001297 1.000628 0.001322 
7778.040486 1.0758 209.6 -1.437 -0.079 19.99 29994.7 MSCL1_1701240517 1.001626 0.001226 1.001579 0.001249 1.001674 0.001272 1.001365 0.001297 1.001708 0.001323 
7778.040775 1.0752 205.4 -0.452 0.004 20.01 30834.5 MSCL1_1701240518 1.002144 0.001224 1.001545 0.001246 1.001158 0.001269 1.000830 0.001293 1.000829 0.001319 
7778.041053 1.0746 206.2 -0.188 -0.637 19.42 32109.8 MSCL1_1701240519 1.003435 0.001227 1.003079 0.001249 1.002743 0.001272 1.002521 0.001297 1.002728 0.001323 
7778.041331 1.0741 208.6 0.028 -0.255 20.50 29106.3 MSCL1_1701240520 1.001674 0.001223 1.001272 0.001245 1.001366 0.001269 1.001190 0.001293 1.001422 0.001320 
7778.041609 1.0735 206.1 -0.167 0.283 20.55 29158.7 MSCL1_1701240521 1.000754 0.001222 1.000463 0.001244 1.000340 0.001267 1.000026 0.001292 0.999986 0.001317 
7778.041886 1.0730 205.1 0.195 -0.537 18.24 35404.3 MSCL1_1701240522 1.001662 0.001223 1.001797 0.001246 1.001779 0.001269 1.001783 0.001294 1.001680 0.001320 
7778.042164 1.0724 203.3 0.331 0.190 19.26 34957.8 MSCL1_1701240523 1.002018 0.001223 1.001666 0.001244 1.001555 0.001268 1.001595 0.001293 1.001310 0.001318 
7778.042442 1.0719 203.7 -0.588 -0.353 19.94 29714.7 MSCL1_1701240524 1.002538 0.001223 1.003001 0.001246 1.003296 0.001270 1.003660 0.001295 1.003760 0.001321 
7778.042731 1.0713 203.8 0.488 0.350 19.66 35553.5 MSCL1_1701240525 1.002626 0.001221 1.002259 0.001243 1.002370 0.001267 1.002532 0.001292 1.002402 0.001317 
7778.043009 1.0707 202.6 -0.023 0.057 20.18 32742.7 MSCL1_1701240526 1.001753 0.001220 1.001244 0.001242 1.000631 0.001264 1.000232 0.001288 1.000000 0.001313 
7778.043287 1.0702 202.9 -0.752 -0.035 20.01 34431.7 MSCL1_1701240527 1.003014 0.001220 1.002404 0.001242 1.002075 0.001265 1.001954 0.001289 1.001501 0.001314 
7778.043576 1.0696 201.5 -0.500 -0.755 20.33 35246.9 MSCL1_1701240528 1.004852 0.001224 1.004392 0.001245 1.004145 0.001269 1.003835 0.001293 1.004010 0.001319 
7778.043866 1.0691 202.5 -0.168 0.006 19.12 32427.7 MSCL1_1701240529 1.001124 0.001216 1.000322 0.001236 0.999979 0.001259 0.999701 0.001282 0.999314 0.001307 
7778.044132 1.0686 201.4 -0.312 1.138 21.44 29016.8 MSCL1_1701240530 1.000688 0.001216 1.000406 0.001238 1.000249 0.001261 0.999862 0.001285 0.999636 0.001310 
7778.044421 1.0680 203.9 0.555 -0.450 19.23 34170.9 MSCL1_1701240531 1.002553 0.001217 1.001992 0.001239 1.001491 0.001261 1.001108 0.001285 1.000921 0.001310 
7778.044711 1.0675 198.6 -0.231 -0.393 19.27 37389.4 MSCL1_1701240532 1.002050 0.001216 1.001465 0.001237 1.001083 0.001259 1.001199 0.001284 1.000739 0.001308 
7778.044988 1.0670 202.4 -0.556 -0.536 20.19 31978.5 MSCL1_1701240533 1.001112 0.001214 1.000622 0.001236 1.000407 0.001259 1.000271 0.001283 1.000420 0.001309 
7778.045278 1.0664 199.0 -0.210 -0.710 19.85 37453.3 MSCL1_1701240534 1.003826 0.001219 1.003229 0.001241 1.002625 0.001263 1.002279 0.001288 1.002223 0.001313 
7778.045555 1.0659 196.8 -0.146 -0.038 18.93 39418.9 MSCL1_1701240535 0.999781 0.001215 0.999593 0.001238 0.999411 0.001261 0.999318 0.001285 0.999192 0.001311 
7778.045845 1.0654 196.9 -0.907 0.191 20.33 30667.6 MSCL1_1701240536 1.000626 0.001212 1.000616 0.001233 1.000712 0.001256 1.000360 0.001279 1.000053 0.001304 
7778.046111 1.0649 196.1 0.130 0.375 20.46 32144.3 MSCL1_1701240537 1.004354 0.001218 1.003706 0.001240 1.003726 0.001263 1.003972 0.001288 1.003556 0.001313 
7778.046400 1.0644 197.3 0.489 -0.019 20.85 32250.4 MSCL1_1701240538 1.002923 0.001219 1.003042 0.001242 1.002824 0.001265 1.002673 0.001290 1.002647 0.001316 
7778.046678 1.0639 196.8 -0.203 -0.421 19.91 33514.7 MSCL1_1701240539 1.004586 0.001217 1.004039 0.001238 1.003639 0.001261 1.003582 0.001285 1.003519 0.001310 
7778.046956 1.0634 199.2 -0.735 0.580 20.66 30637.7 MSCL1_1701240540 1.003841 0.001217 1.003300 0.001239 1.003227 0.001262 1.002784 0.001286 1.002502 0.001311 
7778.047234 1.0629 197.4 -0.308 0.084 19.59 30345.3 MSCL1_1701240541 1.002549 0.001216 1.002325 0.001238 1.002098 0.001262 1.001727 0.001286 1.001286 0.001310 
7778.047523 1.0623 193.2 0.004 -0.416 20.73 29323.9 MSCL1_1701240542 1.002821 0.001214 1.002564 0.001236 1.002254 0.001259 1.001929 0.001282 1.002057 0.001308 
7778.047801 1.0619 194.8 -0.576 0.482 21.32 29743.4 MSCL1_1701240543 1.002957 0.001216 1.002606 0.001237 1.003128 0.001261 1.003089 0.001286 1.002971 0.001311 
7778.048079 1.0614 192.1 -0.132 -0.384 21.05 22940.8 MSCL1_1701240544 1.000037 0.001210 1.000160 0.001232 1.000076 0.001255 1.000030 0.001279 1.000035 0.001305 
7778.048368 1.0609 190.8 1.548 -0.410 17.77 37110.8 MSCL1_1701240545 1.000737 0.001210 1.000434 0.001232 1.000000 0.001254 1.000035 0.001278 1.000124 0.001304 
7778.048646 1.0604 191.6 -0.541 -0.181 20.02 29889.3 MSCL1_1701240546 0.999927 0.001210 0.999768 0.001231 1.000001 0.001255 0.999906 0.001279 0.999937 0.001304 
7778.048924 1.0599 188.1 -0.881 1.112 19.82 26782.0 MSCL1_1701240547 1.000065 0.001210 1.000049 0.001231 1.000743 0.001256 1.000684 0.001280 1.000581 0.001305 
7778.049213 1.0594 191.4 -1.613 -0.427 22.05 23255.7 MSCL1_1701240548 1.002509 0.001214 1.003113 0.001237 1.003274 0.001260 1.003014 0.001284 1.002766 0.001308 
7778.049491 1.0589 186.3 -0.231 -1.837 20.56 31513.0 MSCL1_1701240549 1.002693 0.001211 1.002679 0.001233 1.002700 0.001256 1.002261 0.001280 1.002250 0.001305 
7778.049768 1.0584 187.9 0.245 -0.893 20.43 30260.6 MSCL1_1701240550 1.004047 0.001213 1.003607 0.001235 1.003044 0.001257 1.002838 0.001281 1.002448 0.001306 
7778.050046 1.0580 185.8 0.304 0.570 21.64 28991.2 MSCL1_1701240551 1.002484 0.001210 1.002518 0.001232 1.002561 0.001255 1.002534 0.001279 1.002764 0.001305 
7778.050324 1.0575 187.0 -1.820 0.318 20.86 28769.9 MSCL1_1701240552 1.001274 0.001211 1.001969 0.001234 1.002684 0.001259 1.003025 0.001284 1.003120 0.001309 
7778.050602 1.0570 183.4 1.342 0.128 18.50 34521.0 MSCL1_1701240553 1.002083 0.001208 1.001652 0.001229 1.001549 0.001253 1.001318 0.001276 1.001170 0.001302 
7778.050891 1.0566 182.3 0.756 -0.607 19.51 32955.1 MSCL1_1701240554 1.002091 0.001204 1.001361 0.001225 1.000713 0.001246 1.000323 0.001269 1.000226 0.001294 
7778.051169 1.0561 181.3 -0.676 -1.027 20.64 31137.9 MSCL1_1701240555 1.001327 0.001206 1.001060 0.001228 1.001151 0.001251 1.001368 0.001276 1.001223 0.001301 
7778.051458 1.0556 180.0 -0.185 -0.549 19.79 31548.8 MSCL1_1701240556 1.001901 0.001205 1.001228 0.001226 1.000983 0.001248 1.000753 0.001272 1.000835 0.001297 
7778.051736 1.0552 176.9 -0.344 0.538 18.71 34321.9 MSCL1_1701240557 1.003330 0.001203 1.002810 0.001223 1.002467 0.001245 1.002004 0.001268 1.001618 0.001292 
7778.052025 1.0547 178.3 -0.893 0.237 21.18 31461.1 MSCL1_1701240558 1.002732 0.001205 1.002465 0.001226 1.002489 0.001248 1.002260 0.001272 1.002080 0.001296 
7778.052292 1.0543 175.4 0.049 0.379 20.98 27741.6 MSCL1_1701240559 1.002022 0.001202 1.001529 0.001223 1.001365 0.001245 1.001002 0.001268 1.000391 0.001292 
7778.052569 1.0539 176.9 -0.395 -1.312 20.68 28738.2 MSCL1_1701240560 1.002879 0.001204 1.002587 0.001225 1.002409 0.001247 1.002136 0.001270 1.002275 0.001295 
7778.052859 1.0534 178.0 0.873 -0.718 19.62 33737.1 MSCL1_1701240561 1.003182 0.001204 1.002672 0.001225 1.002268 0.001247 1.002030 0.001271 1.002164 0.001296 
7778.053136 1.0530 174.6 0.043 0.833 19.39 32191.6 MSCL1_1701240562 1.000933 0.001201 1.000586 0.001222 1.000301 0.001244 0.999891 0.001267 0.999295 0.001290 
7778.053426 1.0525 177.0 -0.905 0.062 19.76 33043.7 MSCL1_1701240563 1.004252 0.001206 1.003497 0.001227 1.002996 0.001249 1.002755 0.001273 1.002537 0.001297 
7778.053704 1.0521 172.8 -0.093 -0.447 21.86 27890.3 MSCL1_1701240564 1.002440 0.001201 1.001815 0.001222 1.001521 0.001244 1.000986 0.001267 1.000749 0.001291 
7778.053993 1.0516 174.7 -0.550 -0.393 21.12 31840.7 MSCL1_1701240565 1.005724 0.001206 1.004715 0.001226 1.004169 0.001248 1.003841 0.001272 1.003686 0.001296 
7778.054259 1.0512 173.2 -0.158 -0.895 19.01 36869.7 MSCL1_1701240566 1.002530 0.001198 1.001724 0.001218 1.001224 0.001240 1.001139 0.001263 1.001288 0.001288 
7778.054549 1.0508 172.2 -0.289 0.108 20.09 26075.8 MSCL1_1701240567 1.002714 0.001202 1.002050 0.001222 1.001687 0.001245 1.001502 0.001268 1.001560 0.001293 
7778.054826 1.0504 170.3 0.184 0.964 19.95 34584.0 MSCL1_1701240568 1.001285 0.001197 1.000550 0.001217 1.000369 0.001239 1.000107 0.001262 1.000008 0.001286 
7778.055116 1.0499 171.0 0.118 -0.656 20.22 31862.3 MSCL1_1701240569 1.001982 0.001198 1.001653 0.001219 1.001771 0.001242 1.001888 0.001266 1.002122 0.001291 
7778.055393 1.0495 170.5 0.039 -1.087 20.08 32241.6 MSCL1_1701240570 1.003189 0.001200 1.002556 0.001220 1.002662 0.001243 1.002489 0.001266 1.002545 0.001291 
7778.055671 1.0491 170.0 -0.057 -0.449 20.77 29345.3 MSCL1_1701240571 1.002452 0.001195 1.002250 0.001216 1.002319 0.001238 1.002115 0.001261 1.001910 0.001284 
7778.055949 1.0487 166.6 -0.472 1.061 19.29 36281.5 MSCL1_1701240572 1.002611 0.001193 1.001794 0.001212 1.001403 0.001234 1.001162 0.001256 1.000883 0.001280 
7778.056238 1.0483 168.4 -0.557 0.008 19.89 36883.3 MSCL1_1701240573 1.002442 0.001196 1.001749 0.001216 1.001602 0.001239 1.001161 0.001262 1.000779 0.001286 
7778.056516 1.0479 165.6 -0.548 -0.663 19.93 33654.4 MSCL1_1701240574 1.002894 0.001193 1.002651 0.001214 1.002456 0.001236 1.002235 0.001258 1.002059 0.001282 
7778.056805 1.0474 166.2 0.176 -1.445 20.43 26647.8 MSCL1_1701240575 1.001533 0.001192 1.001439 0.001213 1.001328 0.001235 1.001286 0.001259 1.001169 0.001283 
7778.057095 1.0470 166.6 0.378 0.003 21.38 25754.2 MSCL1_1701240576 1.001907 0.001192 1.001453 0.001212 1.001212 0.001233 1.000974 0.001256 1.001252 0.001281 
7778.057373 1.0466 163.9 -0.948 1.849 20.18 33687.7 MSCL1_1701240577 1.000972 0.001189 1.000745 0.001209 1.000757 0.001230 1.000188 0.001252 1.000155 0.001276 
7778.057650 1.0462 166.1 -0.866 0.266 21.73 28570.1 MSCL1_1701240578 1.002775 0.001193 1.002083 0.001213 1.001816 0.001234 1.001540 0.001257 1.001568 0.001281 
7778.057928 1.0458 162.0 -0.075 -1.296 19.75 32869.2 MSCL1_1701240579 1.000854 0.001188 1.000599 0.001208 1.000587 0.001230 1.000252 0.001253 1.000092 0.001276 
7778.058206 1.0455 163.6 -0.255 -0.434 21.26 28713.1 MSCL1_1701240580 1.003510 0.001191 1.003152 0.001211 1.003143 0.001233 1.003193 0.001256 1.003048 0.001279 
7778.058484 1.0451 161.7 0.371 -0.747 20.36 34353.6 MSCL1_1701240581 1.004386 0.001190 1.003916 0.001210 1.003671 0.001232 1.003367 0.001254 1.003185 0.001278 
7778.058761 1.0447 161.8 0.060 0.032 18.21 45296.6 MSCL1_1701240582 1.005612 0.001191 1.004618 0.001210 1.004091 0.001231 1.003693 0.001253 1.003308 0.001277 
7778.059051 1.0443 159.9 -0.090 1.356 19.70 32236.8 MSCL1_1701240583 1.003198 0.001192 1.002598 0.001212 1.002496 0.001234 1.002230 0.001256 1.002131 0.001280 
7778.059329 1.0439 162.2 -1.209 -0.150 20.21 29322.7 MSCL1_1701240584 1.003540 0.001190 1.003205 0.001211 1.003150 0.001232 1.003104 0.001255 1.003352 0.001280 
7778.059618 1.0435 158.6 0.755 -1.252 19.02 37982.6 MSCL1_1701240585 1.001650 0.001183 1.000577 0.001202 1.000132 0.001223 0.999848 0.001245 0.999597 0.001268 
7778.059896 1.0432 161.7 0.748 -1.601 19.02 38562.6 MSCL1_1701240586 1.002762 0.001188 1.001998 0.001208 1.001508 0.001229 1.001167 0.001251 1.001204 0.001275 
7778.060185 1.0428 161.7 -0.071 -0.130 18.95 37995.6 MSCL1_1701240587 1.003163 0.001188 1.002221 0.001207 1.001688 0.001228 1.001516 0.001251 1.001407 0.001275 
7778.060463 1.0424 158.9 -0.613 0.564 20.66 38257.0 MSCL1_1701240588 1.004418 0.001190 1.003255 0.001209 1.002864 0.001230 1.002411 0.001253 1.002002 0.001276 
7778.060741 1.0420 160.2 0.343 -0.158 19.45 41592.5 MSCL1_1701240589 1.004948 0.001195 1.003706 0.001215 1.002969 0.001237 1.002263 0.001259 1.001903 0.001283 
7778.061030 1.0417 159.0 0.156 -0.246 19.40 35148.7 MSCL1_1701240590 1.004188 0.001190 1.003453 0.001210 1.003250 0.001232 1.002847 0.001254 1.002737 0.001278 
7778.061308 1.0413 158.6 -0.489 -0.419 20.64 32172.7 MSCL1_1701240591 1.001803 0.001185 1.001134 0.001205 1.000933 0.001226 1.000686 0.001249 1.000406 0.001272 
7778.061597 1.0409 159.1 -0.002 -1.088 18.91 34376.4 MSCL1_1701240592 1.002778 0.001187 1.002074 0.001207 1.001460 0.001228 1.001061 0.001250 1.001047 0.001274 
7778.061886 1.0406 158.7 -0.140 0.330 20.12 26822.1 MSCL1_1701240593 1.003201 0.001187 1.002742 0.001208 1.002535 0.001229 1.002239 0.001252 1.002272 0.001276 
7778.062164 1.0402 161.0 -1.123 1.047 19.07 30997.9 MSCL1_1701240594 1.003753 0.001190 1.003218 0.001210 1.002803 0.001231 1.002639 0.001254 1.002831 0.001278 
7778.062454 1.0399 162.3 -0.514 -1.065 21.21 31416.9 MSCL1_1701240595 1.003638 0.001188 1.003312 0.001209 1.003074 0.001230 1.003040 0.001253 1.002691 0.001277 
7778.062731 1.0395 166.6 0.421 -2.112 20.07 31648.6 MSCL1_1701240596 1.002679 0.001188 1.002082 0.001208 1.001695 0.001230 1.001768 0.001253 1.001898 0.001278 
7778.063021 1.0392 163.2 0.215 0.229 19.82 33424.7 MSCL1_1701240597 1.001986 0.001185 1.001271 0.001205 1.001161 0.001227 1.001329 0.001251 1.001096 0.001274 
7778.063310 1.0388 159.1 -0.077 0.171 18.80 35747.9 MSCL1_1701240598 1.003082 0.001185 1.002199 0.001204 1.001864 0.001226 1.001684 0.001248 1.001467 0.001272 
7778.063588 1.0385 155.6 -0.121 0.107 20.73 36983.2 MSCL1_1701240599 1.003210 0.001186 1.002200 0.001205 1.001778 0.001227 1.001503 0.001250 1.001427 0.001273 
7778.063866 1.0382 158.5 0.108 0.002 19.55 36735.1 MSCL1_1701240600 1.004243 0.001187 1.003356 0.001207 1.003056 0.001229 1.002988 0.001252 1.002752 0.001275 
7778.064132 1.0378 157.6 0.559 -0.567 20.00 30720.4 MSCL1_1701240601 1.001824 0.001185 1.001732 0.001206 1.001707 0.001228 1.001416 0.001250 1.001453 0.001274 
7778.064410 1.0375 157.6 -0.607 -0.266 20.42 36135.8 MSCL1_1701240602 1.003425 0.001186 1.002816 0.001207 1.002438 0.001228 1.002000 0.001250 1.002006 0.001274 
7778.064687 1.0372 157.4 -0.649 -0.056 20.50 30245.4 MSCL1_1701240603 1.002482 0.001185 1.001725 0.001205 1.001415 0.001226 1.001290 0.001249 1.001171 0.001273 
7778.064977 1.0368 157.8 0.421 -0.539 19.26 39554.5 MSCL1_1701240604 1.001367 0.001184 1.000394 0.001204 0.999909 0.001225 0.999301 0.001247 0.999329 0.001271 
7778.065255 1.0365 157.2 -0.025 -0.564 19.23 38866.6 MSCL1_1701240605 1.003486 0.001184 1.002293 0.001203 1.001736 0.001223 1.001283 0.001245 1.001142 0.001269 
7778.065544 1.0362 155.9 0.498 -0.410 18.33 41701.9 MSCL1_1701240606 1.005179 0.001186 1.004278 0.001206 1.003572 0.001227 1.003042 0.001249 1.002491 0.001271 
7778.065822 1.0359 154.8 -0.114 0.668 17.19 46014.1 MSCL1_1701240607 1.005673 0.001188 1.004224 0.001207 1.003876 0.001228 1.003411 0.001250 1.003067 0.001274 
7778.066111 1.0356 157.2 -0.673 0.085 18.76 39243.9 MSCL1_1701240608 1.001634 0.001179 1.000610 0.001198 1.000255 0.001219 1.000226 0.001242 0.999630 0.001264 
