# BJD(TDB)-2450000 airmass sky(ADU) dx(pix) dy(pix) fwhm(pix) peak(ADU) frame flux(r=28.0) err(r=28.0) flux(r=30.0) err(r=30.0) flux(r=32.0) err(r=32.0) flux(r=34.0) err(r=34.0) flux(r=36.0) err(r=36.0) 
7777.909298 2.0057 895.1 -0.054 -0.136 18.80 23569.4 MSCL1_1701240051 1.001825 0.002170 1.001471 0.002179 1.001705 0.002190 1.001952 0.002202 1.002273 0.002214 
7777.909587 2.0006 894.1 1.236 1.254 18.88 20315.0 MSCL1_1701240052 1.000665 0.002159 1.000811 0.002169 1.001085 0.002180 1.001742 0.002192 1.002327 0.002205 
7777.909877 1.9955 885.1 0.085 -0.773 18.92 21436.0 MSCL1_1701240053 1.004739 0.002159 1.004954 0.002169 1.005211 0.002180 1.005648 0.002192 1.005903 0.002204 
7777.910154 1.9906 868.1 0.250 -0.267 17.87 23147.4 MSCL1_1701240054 1.003723 0.002148 1.003819 0.002157 1.004226 0.002168 1.004312 0.002179 1.004691 0.002192 
7777.910444 1.9856 856.0 0.903 0.744 16.19 28702.4 MSCL1_1701240055 1.005775 0.002142 1.005238 0.002150 1.005433 0.002160 1.005612 0.002172 1.005516 0.002183 
7777.910733 1.9806 844.4 -0.327 1.313 19.04 21154.6 MSCL1_1701240056 0.999461 0.002120 0.999676 0.002130 1.000146 0.002141 1.000275 0.002152 1.000614 0.002164 
7777.911011 1.9758 848.0 -0.814 -1.313 19.48 22330.1 MSCL1_1701240057 1.004184 0.002122 1.004439 0.002132 1.004821 0.002143 1.005308 0.002155 1.005793 0.002167 
7777.911300 1.9708 852.6 1.003 -0.564 18.63 22824.1 MSCL1_1701240058 1.004160 0.002115 1.004167 0.002125 1.004258 0.002135 1.004684 0.002147 1.004968 0.002159 
7777.911578 1.9661 846.9 1.617 1.504 17.88 23667.0 MSCL1_1701240059 1.002906 0.002103 1.002900 0.002113 1.003253 0.002124 1.003313 0.002135 1.003297 0.002146 
7777.911856 1.9614 840.4 0.810 1.430 19.84 19142.5 MSCL1_1701240060 1.003702 0.002098 1.004696 0.002109 1.005356 0.002120 1.005891 0.002132 1.006469 0.002145 
7777.912134 1.9567 834.5 0.584 -1.304 20.32 18677.5 MSCL1_1701240061 1.000884 0.002085 1.001556 0.002096 1.002237 0.002107 1.003063 0.002120 1.003705 0.002132 
7777.912410 1.9520 835.9 0.420 -1.407 20.14 17662.8 MSCL1_1701240062 1.001517 0.002081 1.002875 0.002093 1.004410 0.002106 1.005386 0.002119 1.005994 0.002132 
7777.912688 1.9474 834.2 -0.227 1.190 18.65 20989.1 MSCL1_1701240063 0.996951 0.002062 0.997641 0.002073 0.998125 0.002084 0.998651 0.002095 0.998876 0.002107 
7777.912977 1.9426 834.6 -0.142 1.370 21.43 17054.4 MSCL1_1701240064 0.998659 0.002058 1.000000 0.002070 1.001284 0.002083 1.002404 0.002096 1.002826 0.002108 
7777.913244 1.9382 828.5 1.078 1.085 18.64 21913.7 MSCL1_1701240065 0.999591 0.002052 1.000055 0.002062 1.000857 0.002074 1.001425 0.002086 1.002123 0.002099 
7777.913521 1.9337 822.0 1.147 0.943 18.80 26261.0 MSCL1_1701240066 1.004059 0.002053 1.003873 0.002062 1.003467 0.002071 1.003516 0.002082 1.003884 0.002094 
7777.913811 1.9290 822.8 1.455 0.468 19.05 21044.3 MSCL1_1701240067 1.001963 0.002044 1.002203 0.002054 1.002573 0.002065 1.002838 0.002077 1.003196 0.002089 
7777.914089 1.9245 832.6 -0.135 -0.844 18.92 22624.1 MSCL1_1701240068 1.002280 0.002037 1.002561 0.002048 1.003143 0.002059 1.003489 0.002071 1.003871 0.002083 
7777.914366 1.9200 836.7 -2.089 -0.156 20.81 18551.8 MSCL1_1701240069 1.002385 0.002032 1.002596 0.002042 1.002747 0.002052 1.002724 0.002063 1.003018 0.002076 
7777.914656 1.9153 837.2 -0.266 -0.970 17.70 24231.1 MSCL1_1701240070 1.003147 0.002025 1.003230 0.002035 1.003600 0.002046 1.004088 0.002058 1.004419 0.002071 
7777.914945 1.9107 827.1 1.045 0.002 19.41 19505.1 MSCL1_1701240071 1.008503 0.002029 1.009288 0.002040 1.010412 0.002053 1.011207 0.002066 1.011390 0.002078 
7777.915234 1.9061 814.2 2.159 2.034 18.09 24394.1 MSCL1_1701240072 1.001944 0.002006 1.001799 0.002015 1.001881 0.002025 1.001986 0.002036 1.002005 0.002047 
7777.915512 1.9017 809.8 -0.769 0.374 20.77 20624.7 MSCL1_1701240073 1.002981 0.002001 1.003742 0.002012 1.004587 0.002024 1.004981 0.002036 1.005395 0.002048 
7777.915813 1.8970 801.2 0.512 1.219 17.43 23198.2 MSCL1_1701240074 1.006073 0.002000 1.005868 0.002009 1.006087 0.002020 1.006598 0.002032 1.006606 0.002043 
7777.916091 1.8927 804.0 1.397 0.464 18.95 22033.0 MSCL1_1701240075 1.003731 0.001988 1.003619 0.001997 1.003589 0.002007 1.003735 0.002018 1.004145 0.002031 
7777.916380 1.8882 810.1 0.053 -0.389 17.91 26536.3 MSCL1_1701240076 1.000263 0.001974 0.999892 0.001983 0.999388 0.001992 0.999213 0.002002 0.999352 0.002014 
7777.916658 1.8839 819.7 -0.379 -0.574 17.80 25596.9 MSCL1_1701240077 1.004392 0.001978 1.004458 0.001988 1.004353 0.001998 1.004882 0.002011 1.004677 0.002022 
7777.916947 1.8794 814.6 0.616 -0.157 19.41 22985.0 MSCL1_1701240078 1.003961 0.001970 1.004167 0.001980 1.004462 0.001991 1.004375 0.002002 1.004489 0.002014 
7777.917237 1.8750 897.9 0.824 -0.466 19.46 20838.8 MSCL1_1701240079 1.001006 0.001976 1.001326 0.001988 1.001897 0.002001 1.002331 0.002015 1.002656 0.002029 
7777.917514 1.8708 781.8 1.116 1.436 17.55 27021.9 MSCL1_1701240080 0.996228 0.001938 0.995806 0.001946 0.995770 0.001956 0.996171 0.001968 0.996299 0.001980 
7777.917792 1.8666 781.0 -1.408 2.074 18.17 24195.8 MSCL1_1701240081 1.001117 0.001941 1.001710 0.001951 1.002395 0.001963 1.002702 0.001974 1.003197 0.001987 
7777.918082 1.8623 773.8 -0.495 -1.169 19.96 20165.2 MSCL1_1701240082 1.002017 0.001938 1.002978 0.001949 1.003648 0.001961 1.004378 0.001973 1.004847 0.001986 
7777.918359 1.8581 767.3 1.830 -0.718 20.30 19865.2 MSCL1_1701240083 1.000015 0.001926 1.000721 0.001936 1.001350 0.001947 1.001971 0.001959 1.002151 0.001971 
7777.918649 1.8538 763.3 -1.367 2.097 20.95 17691.1 MSCL1_1701240084 0.998333 0.001916 0.999118 0.001927 1.000000 0.001939 1.000845 0.001951 1.001323 0.001963 
7777.918938 1.8495 764.2 0.015 0.241 17.98 24317.0 MSCL1_1701240085 1.002493 0.001915 1.003072 0.001926 1.003662 0.001937 1.003851 0.001947 1.003949 0.001959 
7777.919204 1.8456 772.1 0.617 -0.884 19.33 21918.9 MSCL1_1701240086 0.998491 0.001904 0.999063 0.001914 0.999653 0.001926 1.000396 0.001938 1.000804 0.001950 
7777.919494 1.8414 956.1 1.645 -2.326 19.30 18076.5 MSCL1_1701240087 1.000591 0.001940 1.001613 0.001955 1.002397 0.001970 1.003519 0.001987 1.003997 0.002003 
7777.919783 1.8372 1113.1 1.184 0.725 19.94 16634.1 MSCL1_1701240088 0.996556 0.001962 0.998283 0.001981 0.999595 0.002001 1.000263 0.002020 1.000627 0.002040 
7777.920049 1.8333 1671.7 -1.236 0.680 17.54 14699.3 MSCL1_1701240089 1.018465 0.002318 1.018969 0.002367 1.018782 0.002416 1.018428 0.002466 1.018802 0.002522 
7777.920327 1.8293 771.3 -0.806 1.105 17.98 22168.2 MSCL1_1701240090 1.004927 0.001893 1.005711 0.001904 1.006438 0.001916 1.006891 0.001928 1.006858 0.001939 
7777.920605 1.8253 756.1 2.021 0.335 18.88 19208.1 MSCL1_1701240091 0.997998 0.001873 0.999009 0.001884 1.000319 0.001896 1.001579 0.001909 1.002576 0.001923 
7777.920894 1.8212 742.9 -0.407 -0.220 18.05 21778.2 MSCL1_1701240092 0.997023 0.001864 0.997875 0.001875 0.999196 0.001887 0.999816 0.001899 1.000598 0.001912 
7777.921172 1.8173 741.9 -1.364 0.672 18.80 21921.5 MSCL1_1701240093 0.999647 0.001863 1.000234 0.001873 1.001051 0.001885 1.001556 0.001896 1.001958 0.001909 
7777.921450 1.8133 740.1 0.772 -0.040 18.23 21737.5 MSCL1_1701240094 0.999897 0.001856 1.000687 0.001867 1.001344 0.001878 1.001952 0.001890 1.002286 0.001902 
7777.921727 1.8094 738.2 2.217 1.113 18.33 25180.9 MSCL1_1701240095 1.004921 0.001860 1.004691 0.001869 1.004882 0.001879 1.005165 0.001890 1.005387 0.001902 
7777.922017 1.8054 732.7 0.705 0.036 16.61 27475.4 MSCL1_1701240096 0.999809 0.001844 0.999466 0.001852 0.999633 0.001863 0.999932 0.001874 1.000027 0.001885 
7777.922283 1.8017 734.2 -3.110 1.082 20.29 18798.1 MSCL1_1701240097 0.999438 0.001839 1.000141 0.001849 1.000929 0.001860 1.001493 0.001872 1.001657 0.001883 
7777.922572 1.7977 735.9 0.292 0.949 18.87 21129.5 MSCL1_1701240098 1.000344 0.001836 1.001139 0.001847 1.001944 0.001858 1.002728 0.001871 1.003366 0.001883 
7777.922850 1.7939 731.7 1.915 -0.892 18.98 21592.1 MSCL1_1701240099 0.999371 0.001827 0.999836 0.001837 1.000626 0.001848 1.000969 0.001859 1.001252 0.001871 
7777.923151 1.7898 725.4 0.316 -0.966 18.61 24846.9 MSCL1_1701240100 1.002141 0.001825 1.002081 0.001834 1.002258 0.001844 1.002526 0.001855 1.003059 0.001867 
7777.923417 1.7861 725.2 0.865 1.994 18.34 22993.2 MSCL1_1701240101 1.002372 0.001820 1.002433 0.001829 1.002759 0.001839 1.003026 0.001851 1.003481 0.001863 
7777.923707 1.7822 724.9 0.950 1.548 19.62 21030.4 MSCL1_1701240102 1.003208 0.001816 1.003464 0.001826 1.003674 0.001836 1.004163 0.001848 1.004612 0.001860 
7777.923984 1.7785 717.1 0.230 0.002 18.80 23042.7 MSCL1_1701240103 1.001681 0.001806 1.001762 0.001816 1.001968 0.001826 1.002339 0.001837 1.002518 0.001849 
7777.924274 1.7746 717.5 -0.415 -0.176 19.48 20674.6 MSCL1_1701240104 1.001361 0.001801 1.001461 0.001811 1.001894 0.001821 1.002462 0.001833 1.002790 0.001845 
7777.924552 1.7709 717.4 -0.780 -0.900 16.73 26265.2 MSCL1_1701240105 1.000318 0.001794 1.000151 0.001803 1.000479 0.001813 1.000570 0.001824 1.000684 0.001835 
7777.924841 1.7671 716.4 1.020 1.394 17.16 25665.6 MSCL1_1701240106 1.001318 0.001789 1.001586 0.001798 1.001868 0.001809 1.002028 0.001819 1.002170 0.001831 
7777.925130 1.7632 717.5 0.668 0.709 17.51 25837.4 MSCL1_1701240107 1.001240 0.001785 1.001380 0.001794 1.001696 0.001805 1.001792 0.001816 1.001961 0.001827 
7777.925396 1.7598 720.3 0.214 -0.482 18.55 21913.4 MSCL1_1701240108 1.001519 0.001781 1.002211 0.001791 1.002511 0.001802 1.002855 0.001813 1.003188 0.001825 
7777.925674 1.7561 719.8 0.636 0.626 19.55 21079.1 MSCL1_1701240109 1.004788 0.001783 1.005046 0.001793 1.005198 0.001803 1.005758 0.001815 1.005897 0.001827 
7777.925952 1.7525 716.3 0.048 -0.436 18.00 24147.6 MSCL1_1701240110 0.997727 0.001763 0.997917 0.001772 0.998101 0.001783 0.998177 0.001794 0.998155 0.001805 
7777.926230 1.7489 711.1 -1.212 0.120 21.03 17241.1 MSCL1_1701240111 0.994690 0.001753 0.996112 0.001765 0.997140 0.001777 0.998053 0.001789 0.998118 0.001800 
7777.926519 1.7452 706.1 1.535 0.672 19.32 20929.1 MSCL1_1701240112 1.003781 0.001764 1.004147 0.001774 1.004561 0.001784 1.004924 0.001796 1.005401 0.001808 
7777.926797 1.7416 707.4 0.604 0.278 17.09 23650.2 MSCL1_1701240113 1.000391 0.001752 1.000516 0.001761 1.000984 0.001772 1.001565 0.001784 1.001935 0.001796 
7777.927086 1.7380 707.5 -0.402 -0.781 17.23 23118.9 MSCL1_1701240114 1.001122 0.001748 1.001572 0.001758 1.002037 0.001768 1.002576 0.001780 1.003031 0.001792 
7777.927364 1.7344 704.8 1.272 -0.457 19.45 20348.1 MSCL1_1701240115 0.995738 0.001734 0.996372 0.001744 0.997027 0.001755 0.997546 0.001767 0.998015 0.001779 
7777.927653 1.7308 697.5 -0.754 0.293 19.20 21008.5 MSCL1_1701240116 1.002047 0.001739 1.002133 0.001748 1.002654 0.001759 1.002929 0.001770 1.003613 0.001783 
7777.927943 1.7272 693.9 0.878 1.142 19.01 23942.8 MSCL1_1701240117 0.999778 0.001729 0.999611 0.001738 0.999769 0.001748 1.000072 0.001759 1.000320 0.001771 
7777.928221 1.7237 696.7 -0.121 2.468 17.87 23493.1 MSCL1_1701240118 0.998362 0.001721 0.998240 0.001730 0.998538 0.001741 0.998759 0.001751 0.998764 0.001763 
7777.928510 1.7201 691.1 0.113 -0.488 19.10 23099.1 MSCL1_1701240119 1.002626 0.001724 1.002574 0.001733 1.002918 0.001743 1.003419 0.001755 1.003893 0.001767 
7777.928788 1.7167 680.0 -0.309 -1.276 18.54 21845.8 MSCL1_1701240120 1.003921 0.001721 1.004612 0.001731 1.005172 0.001742 1.005694 0.001753 1.005867 0.001765 
7777.929054 1.7134 675.7 1.592 -1.387 16.54 27807.6 MSCL1_1701240121 1.003235 0.001713 1.002994 0.001721 1.003140 0.001731 1.003400 0.001742 1.003428 0.001753 
7777.929343 1.7098 671.0 -0.356 1.107 19.48 22328.9 MSCL1_1701240122 1.000660 0.001704 1.000764 0.001713 1.000983 0.001723 1.001301 0.001734 1.001866 0.001746 
7777.929633 1.7063 671.2 0.321 2.601 19.29 20170.1 MSCL1_1701240123 0.998465 0.001698 0.999243 0.001708 0.999770 0.001719 1.000183 0.001730 1.000471 0.001742 
7777.929922 1.7028 671.9 -1.160 -0.406 18.89 21053.4 MSCL1_1701240124 1.002572 0.001698 1.002754 0.001707 1.003165 0.001717 1.003574 0.001729 1.003998 0.001740 
7777.930211 1.6993 665.5 1.072 -1.257 17.30 25018.0 MSCL1_1701240125 1.001149 0.001690 1.001460 0.001699 1.001664 0.001709 1.001917 0.001720 1.001970 0.001731 
7777.930501 1.6959 671.4 -0.024 -1.085 18.02 23697.5 MSCL1_1701240126 1.000979 0.001687 1.001140 0.001696 1.001176 0.001706 1.001390 0.001717 1.001374 0.001728 
7777.930778 1.6925 671.6 1.266 0.160 18.02 22945.5 MSCL1_1701240127 1.002546 0.001684 1.002591 0.001694 1.002852 0.001704 1.003210 0.001715 1.003431 0.001727 
7777.931068 1.6891 664.4 -0.553 1.931 16.07 26096.8 MSCL1_1701240128 0.998413 0.001671 0.998785 0.001681 0.999153 0.001691 0.999667 0.001702 0.999914 0.001714 
7777.931334 1.6860 662.9 0.711 0.081 18.70 22577.0 MSCL1_1701240129 1.004857 0.001678 1.005466 0.001688 1.005835 0.001698 1.006140 0.001709 1.006269 0.001720 
7777.931623 1.6826 660.1 -0.091 1.684 18.80 21509.1 MSCL1_1701240130 0.999693 0.001665 1.000467 0.001675 1.000937 0.001685 1.001397 0.001696 1.001834 0.001708 
7777.931901 1.6793 658.0 0.668 -0.103 19.53 20029.6 MSCL1_1701240131 0.997252 0.001657 0.998108 0.001668 0.998582 0.001678 0.998829 0.001689 0.999234 0.001701 
7777.932179 1.6761 660.7 -0.358 -1.063 18.29 22214.8 MSCL1_1701240132 1.002873 0.001663 1.003115 0.001672 1.003414 0.001683 1.003590 0.001694 1.003812 0.001706 
7777.932457 1.6728 659.6 -0.701 -0.833 18.55 22608.7 MSCL1_1701240133 1.004103 0.001661 1.004445 0.001671 1.004946 0.001682 1.005466 0.001694 1.005798 0.001705 
7777.932734 1.6696 656.7 1.423 1.272 19.71 21329.2 MSCL1_1701240134 0.999434 0.001649 0.999893 0.001658 1.000331 0.001669 1.000919 0.001681 1.001061 0.001692 
7777.933001 1.6666 661.4 0.202 2.437 18.46 22891.1 MSCL1_1701240135 1.003081 0.001650 1.003366 0.001660 1.003591 0.001671 1.003954 0.001682 1.003999 0.001693 
7777.933278 1.6634 664.4 -1.314 -0.654 17.20 24545.3 MSCL1_1701240136 1.002595 0.001645 1.002595 0.001654 1.002646 0.001664 1.002990 0.001676 1.002897 0.001687 
7777.933545 1.6604 659.8 -0.698 -2.224 17.61 23404.3 MSCL1_1701240137 1.001027 0.001637 1.001258 0.001647 1.001474 0.001657 1.001722 0.001668 1.002284 0.001680 
7777.933811 1.6574 652.8 2.539 0.063 17.85 23351.1 MSCL1_1701240138 1.001119 0.001633 1.000844 0.001642 1.001168 0.001652 1.001492 0.001663 1.001694 0.001675 
7777.934100 1.6541 652.1 1.787 1.724 19.05 21956.2 MSCL1_1701240139 1.002832 0.001633 1.003329 0.001643 1.003712 0.001654 1.003871 0.001665 1.004243 0.001677 
7777.934378 1.6510 654.0 -0.639 0.898 17.68 24765.0 MSCL1_1701240140 1.003073 0.001628 1.002795 0.001637 1.002787 0.001646 1.002657 0.001657 1.002844 0.001668 
7777.934667 1.6478 650.2 -0.278 -0.377 18.35 22884.6 MSCL1_1701240141 1.002307 0.001622 1.002204 0.001631 1.002569 0.001642 1.002645 0.001652 1.002849 0.001664 
7777.934945 1.6447 646.9 -0.824 -0.159 18.62 22108.5 MSCL1_1701240142 1.003845 0.001622 1.004050 0.001632 1.004303 0.001642 1.004422 0.001653 1.004607 0.001665 
7777.935234 1.6415 644.2 0.673 -0.613 19.48 23073.4 MSCL1_1701240143 0.999790 0.001611 1.000289 0.001621 1.000770 0.001632 1.001338 0.001644 1.001784 0.001656 
7777.935512 1.6384 638.4 1.221 -0.169 19.49 22554.9 MSCL1_1701240144 1.002690 0.001611 1.002592 0.001620 1.002857 0.001630 1.002878 0.001641 1.003209 0.001653 
7777.935802 1.6353 633.7 0.892 0.215 19.02 23718.0 MSCL1_1701240145 1.002487 0.001606 1.002519 0.001616 1.002484 0.001626 1.002898 0.001637 1.003539 0.001650 
7777.936091 1.6321 629.8 0.568 0.345 18.86 24799.5 MSCL1_1701240146 1.003042 0.001600 1.002706 0.001609 1.002774 0.001619 1.002832 0.001630 1.002856 0.001641 
7777.936357 1.6292 626.6 -0.564 1.151 17.01 28734.1 MSCL1_1701240147 1.000765 0.001592 1.000325 0.001600 1.000352 0.001610 1.000330 0.001621 1.000621 0.001632 
7777.936623 1.6264 623.2 0.885 -0.737 16.34 32851.3 MSCL1_1701240148 1.001099 0.001588 1.000266 0.001596 1.000035 0.001605 1.000183 0.001616 1.000247 0.001627 
7777.936913 1.6232 619.5 -0.091 -0.638 17.12 29090.5 MSCL1_1701240149 1.004232 0.001589 1.003692 0.001598 1.003593 0.001608 1.003585 0.001618 1.003889 0.001630 
7777.937190 1.6203 616.8 0.214 0.788 17.83 28594.5 MSCL1_1701240150 1.002582 0.001583 1.002403 0.001592 1.001983 0.001601 1.001892 0.001612 1.001993 0.001623 
7777.937480 1.6172 621.9 0.126 1.335 18.26 26960.4 MSCL1_1701240151 1.003110 0.001581 1.002552 0.001589 1.002496 0.001599 1.002368 0.001610 1.002648 0.001621 
7777.937758 1.6142 625.8 0.400 0.843 19.38 23356.7 MSCL1_1701240152 1.003125 0.001578 1.003015 0.001587 1.003275 0.001597 1.003418 0.001608 1.003743 0.001620 
7777.938035 1.6113 623.6 0.400 -0.205 19.41 23319.4 MSCL1_1701240153 1.000807 0.001570 1.000916 0.001579 1.001109 0.001589 1.001303 0.001600 1.001812 0.001612 
7777.938325 1.6083 620.6 0.596 -1.175 18.80 26414.3 MSCL1_1701240154 1.001850 0.001567 1.001434 0.001576 1.001132 0.001585 1.001167 0.001596 1.000962 0.001607 
7777.938602 1.6054 621.7 -0.226 -0.780 21.07 21268.2 MSCL1_1701240155 0.997892 0.001559 0.998222 0.001569 0.998544 0.001579 0.998797 0.001591 0.998907 0.001602 
7777.938892 1.6024 621.0 -0.642 1.135 17.94 26950.9 MSCL1_1701240156 0.998208 0.001556 0.998053 0.001565 0.998569 0.001576 0.998687 0.001587 0.998994 0.001599 
7777.939181 1.5994 623.9 -0.422 1.077 17.89 24647.5 MSCL1_1701240157 0.999266 0.001554 0.999286 0.001564 0.999300 0.001574 0.999837 0.001586 0.999918 0.001598 
7777.939447 1.5966 617.3 0.733 -0.316 17.83 26137.8 MSCL1_1701240158 0.999400 0.001548 0.999262 0.001558 0.998898 0.001567 0.998936 0.001578 0.999075 0.001589 
7777.939737 1.5937 612.7 0.357 -0.672 18.65 22851.4 MSCL1_1701240159 0.996517 0.001540 0.996679 0.001549 0.997015 0.001559 0.997445 0.001571 0.997637 0.001582 
7777.940014 1.5909 606.4 0.058 -1.271 18.43 27037.4 MSCL1_1701240160 1.000104 0.001542 0.999987 0.001551 0.999940 0.001561 1.000016 0.001572 1.000140 0.001584 
7777.940292 1.5880 603.4 -0.340 1.081 16.41 29670.2 MSCL1_1701240161 0.995576 0.001531 0.995273 0.001539 0.995115 0.001549 0.995288 0.001560 0.995500 0.001572 
7777.940582 1.5851 601.9 0.360 1.786 17.02 25504.8 MSCL1_1701240162 0.999348 0.001533 0.999290 0.001542 0.999366 0.001551 0.999831 0.001562 0.999969 0.001574 
7777.940859 1.5823 602.0 0.238 -0.853 17.91 27121.8 MSCL1_1701240163 0.998199 0.001527 0.997767 0.001536 0.997910 0.001546 0.998100 0.001557 0.998328 0.001569 
7777.941149 1.5794 606.7 -0.170 -0.258 19.89 22603.7 MSCL1_1701240164 0.996819 0.001523 0.996472 0.001532 0.996390 0.001542 0.996836 0.001553 0.997045 0.001565 
7777.941438 1.5765 605.9 -0.165 -0.541 19.06 25826.3 MSCL1_1701240165 1.001231 0.001525 1.000556 0.001534 1.000485 0.001544 1.000515 0.001555 1.000604 0.001566 
7777.941716 1.5738 603.3 -0.399 0.446 18.32 25691.7 MSCL1_1701240166 1.001796 0.001523 1.001633 0.001532 1.001483 0.001542 1.001518 0.001553 1.001370 0.001564 
7777.942005 1.5709 599.6 1.610 0.905 19.25 22651.6 MSCL1_1701240167 0.995334 0.001510 0.995763 0.001520 0.996156 0.001530 0.996223 0.001541 0.996500 0.001553 
7777.942283 1.5682 603.8 -0.251 0.981 19.58 21829.6 MSCL1_1701240168 0.999344 0.001512 0.999377 0.001521 0.999645 0.001532 0.999845 0.001543 1.000439 0.001555 
7777.942561 1.5655 607.2 -0.374 -0.271 17.41 25934.8 MSCL1_1701240169 0.995630 0.001504 0.995288 0.001513 0.995444 0.001524 0.995629 0.001535 0.995761 0.001546 
7777.942839 1.5628 602.4 -0.162 -1.212 16.83 27903.3 MSCL1_1701240170 0.996522 0.001500 0.995747 0.001508 0.995771 0.001518 0.995807 0.001529 0.995999 0.001541 
7777.943116 1.5601 597.7 0.341 0.941 17.75 25925.2 MSCL1_1701240171 0.997042 0.001498 0.996492 0.001506 0.996454 0.001517 0.996697 0.001528 0.996657 0.001539 
7777.943394 1.5574 596.0 -0.434 0.747 19.80 22372.3 MSCL1_1701240172 0.995662 0.001494 0.995413 0.001503 0.995408 0.001513 0.995266 0.001524 0.995551 0.001536 
7777.943683 1.5546 597.8 0.056 -0.025 18.71 25249.6 MSCL1_1701240173 0.993215 0.001485 0.992446 0.001493 0.992275 0.001503 0.992582 0.001514 0.992609 0.001526 
7777.943973 1.5519 595.9 -0.271 -1.184 17.69 26821.0 MSCL1_1701240174 1.000421 0.001493 1.000096 0.001503 1.000073 0.001513 1.000066 0.001524 0.999935 0.001535 
7777.944262 1.5491 594.6 -0.277 0.285 18.88 23086.5 MSCL1_1701240175 0.995012 0.001483 0.994858 0.001492 0.994882 0.001503 0.995056 0.001514 0.995317 0.001526 
7777.944528 1.5466 596.5 0.740 0.705 18.40 28366.7 MSCL1_1701240176 0.993396 0.001477 0.993000 0.001486 0.992997 0.001496 0.992917 0.001507 0.992798 0.001518 
7777.944818 1.5439 590.7 0.454 -0.453 17.44 27947.3 MSCL1_1701240177 0.999519 0.001482 0.999431 0.001492 0.999638 0.001502 0.999814 0.001513 0.999976 0.001525 
7777.945096 1.5413 583.2 0.112 1.124 19.01 24109.9 MSCL1_1701240178 0.992580 0.001469 0.992513 0.001478 0.992581 0.001488 0.993132 0.001500 0.993135 0.001511 
7777.945350 1.5389 576.8 -0.675 0.640 20.05 22677.7 MSCL1_1701240179 0.989755 0.001460 0.989835 0.001470 0.989993 0.001480 0.990301 0.001491 0.990140 0.001502 
7777.945628 1.5363 571.0 0.917 -1.190 18.70 25058.2 MSCL1_1701240180 0.994539 0.001463 0.994697 0.001473 0.994817 0.001483 0.995229 0.001494 0.995343 0.001505 
7777.945894 1.5339 569.3 0.708 -1.009 17.93 28449.8 MSCL1_1701240181 0.995903 0.001462 0.995345 0.001471 0.995233 0.001480 0.995589 0.001492 0.995932 0.001504 
7777.946172 1.5313 563.2 0.116 0.676 18.79 27755.2 MSCL1_1701240182 0.989261 0.001448 0.988609 0.001457 0.988483 0.001466 0.988116 0.001476 0.987956 0.001487 
7777.946461 1.5287 559.3 -0.068 1.266 18.40 29140.4 MSCL1_1701240183 0.994622 0.001451 0.994423 0.001460 0.994615 0.001470 0.994896 0.001481 0.995246 0.001493 
7777.946727 1.5262 559.2 0.867 0.494 21.29 21840.3 MSCL1_1701240184 0.992461 0.001448 0.992746 0.001457 0.993079 0.001468 0.993315 0.001479 0.993499 0.001490 
7777.947005 1.5237 553.8 0.378 -0.382 17.86 28746.8 MSCL1_1701240185 0.989956 0.001439 0.989293 0.001447 0.989110 0.001457 0.989097 0.001467 0.988971 0.001478 
7777.947295 1.5211 555.6 -0.984 0.199 19.66 23515.6 MSCL1_1701240186 0.990471 0.001437 0.990221 0.001446 0.990449 0.001456 0.990503 0.001467 0.990595 0.001478 
7777.947561 1.5187 556.9 0.110 -0.175 18.99 26327.2 MSCL1_1701240187 0.989989 0.001433 0.989761 0.001442 0.990046 0.001453 0.990237 0.001463 0.990459 0.001475 
7777.947850 1.5161 556.9 0.568 -0.734 18.26 28211.4 MSCL1_1701240188 0.993129 0.001436 0.992299 0.001444 0.991720 0.001453 0.991674 0.001463 0.992058 0.001475 
7777.948139 1.5135 553.7 0.931 -0.078 18.35 30115.9 MSCL1_1701240189 0.993851 0.001433 0.993330 0.001442 0.993189 0.001452 0.993062 0.001462 0.993417 0.001474 
7777.948417 1.5110 550.4 0.154 0.663 16.58 35802.1 MSCL1_1701240190 0.991715 0.001426 0.990642 0.001433 0.990352 0.001443 0.990114 0.001453 0.990140 0.001464 
7777.948707 1.5085 548.4 -0.272 1.108 18.36 29182.0 MSCL1_1701240191 0.989135 0.001420 0.988574 0.001428 0.988354 0.001438 0.988373 0.001449 0.988557 0.001460 
7777.948996 1.5059 548.8 -1.034 0.065 16.79 31108.9 MSCL1_1701240192 0.988727 0.001416 0.988160 0.001424 0.987763 0.001433 0.987492 0.001443 0.987504 0.001455 
7777.949285 1.5034 551.0 -0.845 -0.480 18.38 27750.2 MSCL1_1701240193 0.989779 0.001416 0.989293 0.001424 0.989179 0.001434 0.989207 0.001445 0.989265 0.001456 
7777.949563 1.5010 550.8 0.515 -0.542 16.15 29644.4 MSCL1_1701240194 0.986297 0.001409 0.985770 0.001417 0.985617 0.001427 0.985458 0.001438 0.985557 0.001449 
7777.949852 1.4985 545.6 0.378 0.224 17.80 29138.8 MSCL1_1701240195 0.988959 0.001407 0.988036 0.001415 0.987751 0.001424 0.987914 0.001435 0.988023 0.001446 
7777.950142 1.4960 538.4 0.845 1.003 17.05 30876.3 MSCL1_1701240196 0.988945 0.001403 0.988239 0.001411 0.988072 0.001421 0.988009 0.001431 0.988084 0.001442 
7777.950420 1.4936 539.5 -0.582 0.343 16.99 31792.6 MSCL1_1701240197 0.990209 0.001402 0.989015 0.001409 0.988962 0.001419 0.988696 0.001429 0.988481 0.001440 
7777.950697 1.4912 532.4 0.416 0.132 17.67 32798.8 MSCL1_1701240198 0.989536 0.001397 0.988358 0.001405 0.987864 0.001414 0.987563 0.001424 0.987697 0.001435 
7777.950987 1.4887 530.0 -0.050 -0.517 18.10 28983.5 MSCL1_1701240199 0.985445 0.001389 0.984632 0.001397 0.984259 0.001407 0.984292 0.001417 0.984388 0.001428 
7777.951264 1.4864 536.2 0.204 -0.182 16.52 32063.2 MSCL1_1701240200 0.986126 0.001389 0.985267 0.001397 0.984814 0.001406 0.984513 0.001416 0.984593 0.001427 
7777.951542 1.4840 535.9 1.215 0.391 16.45 35959.9 MSCL1_1701240201 0.987569 0.001388 0.986379 0.001396 0.986158 0.001405 0.985798 0.001415 0.985841 0.001426 
7777.951820 1.4817 601.8 -1.036 0.672 18.41 27167.7 MSCL1_1701240202 0.975989 0.001395 0.975353 0.001405 0.975114 0.001417 0.975290 0.001430 0.975224 0.001443 
7777.952109 1.4793 720.4 -0.154 0.333 16.59 28637.3 MSCL1_1701240203 0.992797 0.001482 0.991970 0.001498 0.991791 0.001515 0.991925 0.001535 0.991834 0.001554 
7777.952387 1.4769 687.1 -0.382 0.945 18.06 25319.1 MSCL1_1701240204 0.980734 0.001436 0.979738 0.001449 0.979553 0.001464 0.979750 0.001481 0.979950 0.001499 
7777.952665 1.4746 1118.9 0.896 0.165 17.63 17123.1 MSCL1_1701240205 0.993295 0.001818 0.992005 0.001861 0.991779 0.001909 0.992243 0.001960 0.992749 0.002014 
7777.952942 1.4723 1906.7 -0.160 -0.983 18.01 5957.3 MSCL1_1701240206 0.985848 0.005569 0.983378 0.005888 0.982250 0.006223 0.983593 0.006588 0.982732 0.006926 
7777.953220 1.4701 1152.1 -0.543 0.120 17.31 15162.0 MSCL1_1701240207 0.988038 0.001970 0.986489 0.002027 0.986467 0.002090 0.986785 0.002155 0.987526 0.002224 
7777.953509 1.4677 565.8 0.990 1.142 17.35 31576.5 MSCL1_1701240208 0.987982 0.001381 0.986951 0.001390 0.986792 0.001400 0.986826 0.001412 0.986873 0.001424 
7777.953787 1.4654 579.7 0.762 1.316 17.11 33848.5 MSCL1_1701240209 0.981384 0.001374 0.980334 0.001383 0.979914 0.001394 0.979743 0.001406 0.980033 0.001419 
7777.954076 1.4631 716.3 0.190 -0.058 16.57 30912.1 MSCL1_1701240210 0.985511 0.001445 0.984347 0.001460 0.984067 0.001477 0.983625 0.001494 0.983326 0.001513 
7777.954365 1.4607 896.9 -1.715 -0.563 18.06 19623.9 MSCL1_1701240211 0.953292 0.001521 0.952652 0.001546 0.952163 0.001573 0.952003 0.001601 0.951766 0.001631 
7777.954643 1.4585 1764.5 1.666 -0.778 17.21 8887.5 MSCL1_1701240212 0.938473 0.003407 0.939041 0.003595 0.939468 0.003785 0.940076 0.003978 0.941613 0.004176 
7777.954909 1.4564 1650.2 0.496 0.741 18.25 9119.8 MSCL1_1701240213 0.991722 0.003200 0.991248 0.003360 0.992801 0.003532 0.994407 0.003707 0.995966 0.003888 
7777.955199 1.4541 785.2 0.369 1.067 18.25 21368.3 MSCL1_1701240214 0.985509 0.001480 0.985047 0.001499 0.984722 0.001520 0.984683 0.001542 0.984760 0.001566 
7777.955476 1.4519 857.0 -0.398 0.383 16.71 25045.6 MSCL1_1701240215 0.986034 0.001550 0.984741 0.001574 0.984918 0.001602 0.984927 0.001631 0.985100 0.001662 
7777.955754 1.4497 1346.1 0.934 0.189 18.37 12344.4 MSCL1_1701240216 0.978702 0.002338 0.977997 0.002430 0.977185 0.002525 0.977802 0.002627 0.976880 0.002726 
7777.956044 1.4474 1332.6 -1.026 -1.353 17.80 11558.2 MSCL1_1701240217 0.978389 0.002462 0.977692 0.002564 0.978102 0.002672 0.979349 0.002786 0.978901 0.002895 
7777.956333 1.4451 1023.0 0.277 -0.478 17.66 16504.6 MSCL1_1701240218 0.984451 0.001737 0.983454 0.001777 0.983202 0.001820 0.983907 0.001868 0.984218 0.001916 
7777.956611 1.4430 886.2 0.768 1.146 16.82 22429.8 MSCL1_1701240219 0.967022 0.001569 0.965883 0.001597 0.965530 0.001628 0.965345 0.001661 0.965516 0.001696 
7777.956900 1.4407 561.7 0.120 0.853 17.26 31264.2 MSCL1_1701240220 0.993674 0.001366 0.992832 0.001376 0.992387 0.001387 0.992391 0.001399 0.992358 0.001412 
7777.957178 1.4386 526.2 -0.438 0.020 17.21 30109.8 MSCL1_1701240221 0.988982 0.001345 0.988486 0.001354 0.988310 0.001364 0.988341 0.001376 0.988403 0.001388 
7777.957456 1.4364 502.1 -0.243 -1.022 16.82 33524.9 MSCL1_1701240222 0.986464 0.001328 0.985584 0.001336 0.985220 0.001345 0.985208 0.001356 0.985173 0.001366 
7777.957733 1.4343 496.0 0.383 -0.307 17.72 31768.6 MSCL1_1701240223 0.984942 0.001323 0.984153 0.001331 0.983675 0.001340 0.983450 0.001350 0.983460 0.001361 
7777.958011 1.4322 495.0 -0.633 1.513 17.61 30855.8 MSCL1_1701240224 0.984145 0.001318 0.983187 0.001326 0.982959 0.001335 0.982734 0.001345 0.982801 0.001356 
7777.958289 1.4301 498.7 0.169 1.245 17.44 28185.1 MSCL1_1701240225 0.983833 0.001317 0.983183 0.001325 0.983161 0.001335 0.983494 0.001345 0.983734 0.001356 
7777.958555 1.4280 509.4 0.097 -1.341 17.23 32820.4 MSCL1_1701240226 0.989490 0.001329 0.988494 0.001337 0.988060 0.001347 0.987905 0.001357 0.987783 0.001369 
7777.958845 1.4259 687.7 0.203 -0.988 17.04 24990.9 MSCL1_1701240227 1.003522 0.001453 1.003018 0.001471 1.002725 0.001490 1.002808 0.001510 1.002780 0.001531 
7777.959111 1.4239 643.7 0.042 0.376 16.81 26430.1 MSCL1_1701240228 0.972409 0.001367 0.971979 0.001381 0.971901 0.001397 0.971512 0.001412 0.971722 0.001430 
7777.959388 1.4218 532.0 -0.112 0.798 17.86 28757.5 MSCL1_1701240229 0.978726 0.001316 0.978188 0.001326 0.978168 0.001337 0.978058 0.001348 0.978061 0.001361 
7777.959678 1.4196 496.4 -0.121 1.217 17.98 31134.9 MSCL1_1701240230 0.986712 0.001308 0.985816 0.001316 0.985273 0.001325 0.985015 0.001335 0.984833 0.001346 
7777.959956 1.4176 496.7 0.431 -0.199 17.75 32326.1 MSCL1_1701240231 0.984605 0.001307 0.983869 0.001315 0.983755 0.001325 0.983702 0.001336 0.983793 0.001347 
7777.960245 1.4155 502.7 0.433 -0.572 17.80 31111.4 MSCL1_1701240232 0.984390 0.001304 0.983597 0.001312 0.983075 0.001321 0.982712 0.001332 0.982627 0.001343 
7777.960534 1.4133 522.5 0.263 -0.944 17.99 29512.7 MSCL1_1701240233 0.979363 0.001302 0.978966 0.001311 0.979023 0.001322 0.979230 0.001333 0.979471 0.001345 
7777.960801 1.4114 543.1 -1.333 0.397 18.40 24361.8 MSCL1_1701240234 0.981757 0.001314 0.981824 0.001324 0.981998 0.001336 0.982329 0.001348 0.982505 0.001361 
7777.961090 1.4093 501.3 -0.509 1.270 16.71 31107.0 MSCL1_1701240235 0.981111 0.001291 0.980036 0.001299 0.979692 0.001308 0.979613 0.001319 0.979389 0.001330 
7777.961379 1.4072 500.9 1.092 0.393 18.26 27310.6 MSCL1_1701240236 0.981453 0.001292 0.980935 0.001300 0.980737 0.001310 0.980699 0.001321 0.981130 0.001333 
7777.961669 1.4051 496.4 0.860 -0.969 17.79 30419.2 MSCL1_1701240237 0.984303 0.001292 0.983399 0.001300 0.983147 0.001310 0.982915 0.001320 0.983065 0.001332 
7777.961958 1.4030 489.0 -0.252 -0.530 17.46 30952.7 MSCL1_1701240238 0.983048 0.001284 0.982073 0.001292 0.981818 0.001302 0.981693 0.001312 0.981805 0.001323 
7777.962236 1.4010 486.4 -0.819 0.367 17.84 29786.2 MSCL1_1701240239 0.986059 0.001286 0.985179 0.001294 0.984733 0.001304 0.984673 0.001314 0.984640 0.001325 
7777.962513 1.3991 483.9 0.630 1.075 17.09 33660.1 MSCL1_1701240240 0.987031 0.001285 0.985964 0.001293 0.985258 0.001301 0.985175 0.001311 0.985084 0.001322 
7777.962791 1.3971 485.9 0.163 0.744 16.80 39318.4 MSCL1_1701240241 0.984587 0.001281 0.982906 0.001288 0.982172 0.001297 0.981848 0.001307 0.981888 0.001318 
7777.963057 1.3952 489.2 -0.317 0.158 17.04 37563.6 MSCL1_1701240242 0.984367 0.001278 0.983198 0.001286 0.982480 0.001295 0.982166 0.001305 0.981845 0.001316 
7777.963347 1.3932 487.0 0.196 -0.371 16.65 36158.1 MSCL1_1701240243 0.985081 0.001279 0.984346 0.001288 0.983718 0.001297 0.983450 0.001307 0.983183 0.001318 
7777.963625 1.3912 487.5 0.281 -1.305 16.96 33793.9 MSCL1_1701240244 0.986631 0.001277 0.985407 0.001284 0.984887 0.001293 0.984782 0.001304 0.984802 0.001315 
7777.963914 1.3892 483.5 -0.108 -0.749 17.52 28454.0 MSCL1_1701240245 0.981800 0.001270 0.981747 0.001279 0.981674 0.001289 0.981810 0.001300 0.981951 0.001311 
7777.964192 1.3873 479.5 -0.505 1.567 17.39 33009.8 MSCL1_1701240246 0.986245 0.001272 0.985162 0.001280 0.984541 0.001289 0.984278 0.001299 0.984068 0.001310 
7777.964470 1.3854 476.9 -0.401 1.837 17.31 34734.7 MSCL1_1701240247 0.983886 0.001267 0.982658 0.001275 0.982150 0.001284 0.982068 0.001294 0.981985 0.001305 
7777.964759 1.3834 471.1 0.356 -0.026 15.86 36653.3 MSCL1_1701240248 0.983235 0.001262 0.982213 0.001270 0.981660 0.001279 0.981371 0.001289 0.981185 0.001299 
7777.965037 1.3815 472.5 0.519 -1.536 17.24 35940.6 MSCL1_1701240249 0.984742 0.001263 0.983728 0.001271 0.983238 0.001280 0.982910 0.001290 0.982593 0.001301 
7777.965326 1.3795 475.9 0.461 -0.310 17.07 32795.9 MSCL1_1701240250 0.981023 0.001258 0.980384 0.001266 0.980044 0.001275 0.979879 0.001285 0.979697 0.001296 
7777.965615 1.3776 477.6 -0.362 0.532 17.37 29735.4 MSCL1_1701240251 0.982263 0.001259 0.981701 0.001267 0.981336 0.001277 0.981184 0.001287 0.981173 0.001298 
7777.965893 1.3757 481.7 -0.343 0.985 18.12 28050.1 MSCL1_1701240252 0.980021 0.001255 0.979745 0.001264 0.979752 0.001274 0.979795 0.001284 0.980135 0.001296 
7777.966171 1.3738 478.1 1.090 0.272 17.84 27158.0 MSCL1_1701240253 0.981108 0.001256 0.980667 0.001265 0.980783 0.001275 0.981112 0.001286 0.981350 0.001298 
7777.966449 1.3719 476.3 -0.426 -0.847 17.52 27865.9 MSCL1_1701240254 0.981471 0.001255 0.981163 0.001264 0.981309 0.001274 0.981322 0.001285 0.981587 0.001297 
7777.966726 1.3701 476.6 -0.105 -1.376 18.45 28584.6 MSCL1_1701240255 0.981481 0.001251 0.981254 0.001260 0.981366 0.001270 0.981326 0.001281 0.981291 0.001292 
7777.967016 1.3682 469.4 0.091 1.636 17.30 29282.2 MSCL1_1701240256 0.983767 0.001251 0.983052 0.001259 0.982632 0.001268 0.982276 0.001278 0.982194 0.001290 
7777.967305 1.3663 467.9 0.200 1.127 17.17 34700.6 MSCL1_1701240257 0.984242 0.001251 0.983158 0.001259 0.982683 0.001268 0.982144 0.001278 0.981982 0.001289 
7777.967583 1.3644 526.2 -0.167 -0.165 17.27 30363.9 MSCL1_1701240258 0.982859 0.001282 0.982023 0.001293 0.981611 0.001306 0.981507 0.001319 0.981492 0.001333 
7777.967872 1.3625 488.7 0.660 -1.189 16.85 33532.9 MSCL1_1701240259 0.984511 0.001258 0.983348 0.001266 0.982786 0.001277 0.982902 0.001288 0.983223 0.001301 
7777.968150 1.3607 453.0 -0.564 -0.962 16.49 39103.0 MSCL1_1701240260 0.985978 0.001242 0.984723 0.001250 0.984177 0.001259 0.983942 0.001269 0.983691 0.001280 
7777.968439 1.3588 447.5 -0.873 1.694 16.56 37489.5 MSCL1_1701240261 0.981594 0.001235 0.980300 0.001243 0.979731 0.001252 0.979583 0.001262 0.979505 0.001273 
7777.968717 1.3570 447.4 -0.369 1.441 17.20 33338.5 MSCL1_1701240262 0.982526 0.001233 0.981437 0.001240 0.980931 0.001249 0.980770 0.001259 0.980859 0.001270 
7777.968995 1.3553 445.6 -0.435 -0.637 17.27 33512.0 MSCL1_1701240263 0.982232 0.001232 0.981020 0.001240 0.980520 0.001249 0.980187 0.001259 0.980030 0.001269 
7777.969273 1.3535 445.9 0.343 -0.803 16.77 36095.8 MSCL1_1701240264 0.982030 0.001230 0.980753 0.001238 0.980346 0.001247 0.980200 0.001257 0.980097 0.001268 
7777.969562 1.3516 465.1 0.780 -0.401 16.19 39081.0 MSCL1_1701240265 0.983386 0.001236 0.982289 0.001245 0.981793 0.001254 0.981621 0.001265 0.981328 0.001276 
7777.969840 1.3499 445.3 0.087 0.000 17.32 34191.8 MSCL1_1701240266 0.983592 0.001229 0.982550 0.001237 0.981898 0.001246 0.981697 0.001256 0.981697 0.001267 
7777.970118 1.3481 437.9 0.256 0.676 17.09 36346.2 MSCL1_1701240267 0.983301 0.001226 0.981988 0.001233 0.981373 0.001242 0.981080 0.001252 0.980748 0.001263 
7777.970407 1.3463 430.1 -0.293 0.070 17.45 34859.4 MSCL1_1701240268 0.983998 0.001223 0.983071 0.001231 0.982604 0.001240 0.982466 0.001250 0.982670 0.001261 
7777.970685 1.3445 425.9 0.000 0.273 16.90 38452.5 MSCL1_1701240269 0.982881 0.001219 0.981472 0.001226 0.980793 0.001235 0.980720 0.001245 0.980613 0.001256 
7777.970963 1.3428 426.0 0.409 0.573 16.63 32748.6 MSCL1_1701240270 0.985286 0.001221 0.984190 0.001229 0.983973 0.001238 0.984031 0.001248 0.983889 0.001258 
7777.971252 1.3410 430.2 0.094 -0.001 17.82 31507.4 MSCL1_1701240271 0.982207 0.001216 0.981502 0.001224 0.981157 0.001233 0.981216 0.001243 0.981273 0.001254 
7777.971530 1.3393 434.4 -0.147 -0.406 16.82 35786.4 MSCL1_1701240272 0.984302 0.001218 0.983228 0.001226 0.982676 0.001235 0.982439 0.001245 0.982151 0.001255 
7777.971819 1.3375 436.7 -0.578 0.173 15.87 38605.6 MSCL1_1701240273 0.984190 0.001218 0.983054 0.001226 0.982478 0.001236 0.982260 0.001246 0.981987 0.001257 
7777.972097 1.3358 440.3 0.469 0.167 17.48 30208.3 MSCL1_1701240274 0.980691 0.001214 0.979991 0.001222 0.979792 0.001232 0.979945 0.001242 0.980200 0.001254 
7777.972375 1.3341 453.1 -0.221 0.420 17.52 28921.0 MSCL1_1701240275 0.982020 0.001222 0.981595 0.001231 0.981510 0.001241 0.981508 0.001252 0.981533 0.001264 
7777.972652 1.3324 519.7 0.593 -0.659 15.95 30440.4 MSCL1_1701240276 0.976720 0.001255 0.975902 0.001267 0.975488 0.001280 0.975569 0.001295 0.975530 0.001310 
7777.972942 1.3306 474.2 0.372 -0.098 17.70 30768.9 MSCL1_1701240277 0.982661 0.001229 0.981813 0.001239 0.981568 0.001250 0.981344 0.001262 0.981055 0.001274 
7777.973220 1.3289 525.7 -0.625 0.305 17.81 27741.5 MSCL1_1701240278 0.966960 0.001243 0.966419 0.001255 0.966269 0.001269 0.966257 0.001283 0.966286 0.001299 
7777.973486 1.3273 496.8 -1.340 0.405 17.52 24940.0 MSCL1_1701240279 0.985871 0.001258 0.985447 0.001269 0.985881 0.001283 0.985905 0.001298 0.986004 0.001313 
7777.973775 1.3256 420.1 1.059 -0.240 17.39 29555.9 MSCL1_1701240280 0.980999 0.001200 0.980368 0.001209 0.980246 0.001218 0.980121 0.001228 0.980110 0.001239 
7777.974053 1.3239 419.3 0.045 -0.754 17.27 28035.6 MSCL1_1701240281 0.979144 0.001197 0.979259 0.001207 0.979530 0.001217 0.979719 0.001227 0.980039 0.001239 
7777.974342 1.3222 421.7 0.534 0.323 18.85 20727.1 MSCL1_1701240282 0.977421 0.001197 0.978240 0.001206 0.979048 0.001217 0.979645 0.001228 0.980204 0.001240 
7777.974632 1.3205 434.9 0.213 0.600 16.88 27189.5 MSCL1_1701240283 0.981478 0.001210 0.981147 0.001219 0.981058 0.001229 0.981391 0.001241 0.981461 0.001253 
7777.974909 1.3189 435.7 -1.002 0.214 17.71 26075.1 MSCL1_1701240284 0.978651 0.001201 0.978305 0.001211 0.978618 0.001221 0.978760 0.001233 0.978848 0.001244 
7777.975187 1.3172 629.9 -0.505 -0.244 17.14 24181.9 MSCL1_1701240285 0.951720 0.001295 0.951177 0.001314 0.950768 0.001333 0.951036 0.001355 0.950846 0.001377 
7777.975465 1.3156 839.4 0.075 -0.874 17.37 17148.9 MSCL1_1701240286 1.002575 0.001576 1.001519 0.001611 1.001362 0.001650 1.001338 0.001691 1.001361 0.001733 
7777.975754 1.3139 433.5 0.066 0.056 16.97 31031.4 MSCL1_1701240287 0.982309 0.001192 0.981466 0.001200 0.981185 0.001210 0.981142 0.001220 0.981037 0.001231 
7777.976032 1.3123 465.6 0.671 1.283 16.63 33756.6 MSCL1_1701240288 0.986057 0.001215 0.984908 0.001225 0.984473 0.001236 0.984359 0.001248 0.984304 0.001260 
7777.976310 1.3107 1128.5 0.973 1.237 18.22 7973.5 MSCL1_1701240289 0.954752 0.002577 0.954050 0.002694 0.952922 0.002812 0.953532 0.002940 0.953449 0.003065 
7777.976599 1.3091 0.0 270.864 444.927 0.00 1940.0 MSCL1_1701240290 0.000000 0.000000 0.000000 0.000000 0.000000 0.000000 0.000000 0.000000 0.000000 0.000000 
7777.976877 1.3075 1872.8 78.761 -56.300 18.83 3331.5 MSCL1_1701240291 0.955101 0.015904 0.961705 0.017042 0.958909 0.018082 0.958735 0.019184 0.967502 0.020552 
7777.977155 1.3059 0.0 270.864 444.927 0.00 1767.8 MSCL1_1701240292 0.000000 0.000000 0.000000 0.000000 0.000000 0.000000 0.000000 0.000000 0.000000 0.000000 
7777.977444 1.3043 1772.2 75.247 -55.565 18.40 2997.5 MSCL1_1701240293 1.013476 0.016503 1.014501 0.017636 1.015070 0.018818 1.010692 0.019886 1.012786 0.021122 
7777.977722 1.3027 1378.9 -2.274 -0.866 18.87 5156.6 MSCL1_1701240294 1.003570 0.004772 1.002337 0.005041 1.000725 0.005307 1.000450 0.005585 1.001517 0.005880 
7777.978000 1.3011 1423.8 -2.074 -1.353 17.74 3985.9 MSCL1_1701240295 1.006288 0.008346 1.003434 0.008843 1.003926 0.009381 1.001323 0.009863 0.997842 0.010345 
7777.978277 1.2996 1340.9 -2.750 -1.869 16.29 5215.3 MSCL1_1701240296 1.032369 0.006195 1.031837 0.006563 1.030603 0.006934 1.032437 0.007338 1.034055 0.007738 
7777.978555 1.2980 909.0 -3.256 -1.087 17.09 11356.6 MSCL1_1701240297 0.975695 0.002149 0.974952 0.002232 0.974274 0.002317 0.975335 0.002411 0.975434 0.002503 
7777.978845 1.2964 918.4 -3.991 -0.760 17.80 12149.0 MSCL1_1701240298 0.993950 0.001853 0.993044 0.001913 0.992957 0.001976 0.993270 0.002042 0.993642 0.002111 
7777.979122 1.2949 458.3 -3.483 -0.404 18.59 25443.7 MSCL1_1701240299 0.984705 0.001211 0.984198 0.001222 0.984064 0.001234 0.984174 0.001248 0.984238 0.001262 
7777.979412 1.2933 392.3 -1.140 -0.596 18.94 27684.2 MSCL1_1701240300 0.983193 0.001166 0.982528 0.001174 0.982346 0.001183 0.982356 0.001193 0.982365 0.001204 
7777.979689 1.2918 385.4 0.080 0.011 17.38 34646.1 MSCL1_1701240301 0.980849 0.001159 0.979693 0.001166 0.979236 0.001175 0.979150 0.001185 0.979102 0.001195 
7777.979979 1.2902 384.9 1.429 0.494 17.65 36792.2 MSCL1_1701240302 0.981064 0.001158 0.979952 0.001165 0.979387 0.001174 0.979199 0.001183 0.979011 0.001193 
7777.980245 1.2887 384.2 0.076 0.266 17.06 38940.4 MSCL1_1701240303 0.982186 0.001157 0.981000 0.001164 0.980585 0.001173 0.980371 0.001182 0.980093 0.001192 
7777.980534 1.2872 384.9 -1.279 -0.309 16.75 39168.2 MSCL1_1701240304 0.982305 0.001157 0.981020 0.001164 0.980469 0.001172 0.980054 0.001182 0.979928 0.001192 
7777.980824 1.2856 384.9 0.284 -1.133 15.84 35263.9 MSCL1_1701240305 0.979542 0.001151 0.978519 0.001159 0.978112 0.001167 0.978006 0.001177 0.977904 0.001187 
7777.981101 1.2841 380.1 0.934 0.233 16.87 36171.2 MSCL1_1701240306 0.982592 0.001153 0.981200 0.001159 0.980546 0.001168 0.980198 0.001177 0.980006 0.001187 
7777.981379 1.2826 378.3 0.625 0.560 17.23 36604.9 MSCL1_1701240307 0.982315 0.001150 0.981349 0.001158 0.980851 0.001166 0.980689 0.001176 0.980645 0.001186 
7777.981657 1.2811 379.0 -0.865 0.551 15.92 39144.7 MSCL1_1701240308 0.981673 0.001150 0.980623 0.001157 0.979983 0.001166 0.979742 0.001176 0.979516 0.001186 
7777.981935 1.2797 379.0 -0.945 0.135 17.02 34499.7 MSCL1_1701240309 0.983261 0.001150 0.982205 0.001158 0.981799 0.001166 0.981521 0.001176 0.981547 0.001186 
7777.982213 1.2782 379.8 0.051 -0.018 17.30 34912.1 MSCL1_1701240310 0.982707 0.001148 0.981717 0.001155 0.981283 0.001164 0.981005 0.001174 0.980964 0.001184 
7777.982490 1.2767 380.9 0.923 -0.531 17.07 36238.7 MSCL1_1701240311 0.984255 0.001149 0.983048 0.001156 0.982615 0.001165 0.982559 0.001175 0.982756 0.001186 
7777.982780 1.2752 379.5 -0.061 0.055 16.73 39250.3 MSCL1_1701240312 0.984910 0.001149 0.983635 0.001156 0.982984 0.001165 0.983130 0.001175 0.983069 0.001185 
7777.983057 1.2738 376.3 0.568 0.706 16.64 37764.2 MSCL1_1701240313 0.983921 0.001145 0.982662 0.001152 0.982251 0.001161 0.982066 0.001171 0.981837 0.001181 
7777.983347 1.2723 377.2 0.684 0.368 15.95 42144.0 MSCL1_1701240314 0.983954 0.001144 0.982470 0.001151 0.981780 0.001159 0.981235 0.001168 0.980976 0.001179 
7777.983625 1.2708 377.0 -0.875 0.127 15.95 44870.9 MSCL1_1701240315 0.981772 0.001139 0.980091 0.001146 0.979570 0.001155 0.979165 0.001164 0.978731 0.001174 
7777.983902 1.2694 375.0 -0.951 -0.032 16.73 41099.4 MSCL1_1701240316 0.981225 0.001138 0.980055 0.001145 0.979421 0.001154 0.979211 0.001163 0.979037 0.001173 
7777.984169 1.2680 375.2 -0.119 -0.714 16.21 41910.7 MSCL1_1701240317 0.985790 0.001141 0.984501 0.001149 0.984009 0.001157 0.983759 0.001167 0.983566 0.001177 
7777.984458 1.2666 373.4 0.655 -0.041 16.39 40480.3 MSCL1_1701240318 0.984867 0.001140 0.983655 0.001148 0.983265 0.001157 0.983099 0.001166 0.982846 0.001177 
7777.984736 1.2652 372.4 0.517 1.130 17.31 38072.2 MSCL1_1701240319 0.983566 0.001137 0.982456 0.001144 0.981926 0.001153 0.981867 0.001163 0.981809 0.001173 
7777.985025 1.2637 371.0 0.063 -0.438 15.69 44815.5 MSCL1_1701240320 0.983925 0.001136 0.982479 0.001143 0.981666 0.001151 0.981268 0.001160 0.980777 0.001170 
7777.985303 1.2623 369.7 0.270 -1.151 16.05 46166.5 MSCL1_1701240321 0.982944 0.001134 0.981378 0.001141 0.980657 0.001150 0.980257 0.001160 0.980105 0.001170 
7777.985592 1.2608 369.3 0.660 -0.267 16.64 43135.7 MSCL1_1701240322 0.987194 0.001137 0.985538 0.001144 0.984821 0.001153 0.984641 0.001162 0.984527 0.001173 
7777.985870 1.2595 365.3 -1.235 0.458 16.82 39462.5 MSCL1_1701240323 0.982474 0.001129 0.980927 0.001136 0.980483 0.001144 0.980284 0.001154 0.980400 0.001165 
7777.986148 1.2581 364.2 -0.094 1.068 16.80 38672.6 MSCL1_1701240324 0.985249 0.001132 0.983924 0.001139 0.983454 0.001148 0.983177 0.001157 0.982997 0.001167 
7777.986426 1.2567 365.6 -0.358 0.717 16.68 38525.5 MSCL1_1701240325 0.984467 0.001129 0.982942 0.001136 0.982604 0.001145 0.982481 0.001155 0.982466 0.001165 
7777.986703 1.2553 366.8 0.459 -0.076 16.07 38714.2 MSCL1_1701240326 0.982341 0.001127 0.981119 0.001135 0.980642 0.001144 0.980282 0.001153 0.980071 0.001163 
7777.986981 1.2540 367.9 0.206 -0.489 15.60 37924.3 MSCL1_1701240327 0.983970 0.001130 0.982882 0.001138 0.982455 0.001147 0.982523 0.001157 0.982438 0.001168 
7777.987259 1.2526 369.4 -0.037 -0.916 16.53 37539.2 MSCL1_1701240328 0.982578 0.001127 0.981385 0.001135 0.981038 0.001144 0.980741 0.001154 0.980595 0.001165 
7777.987548 1.2512 366.6 0.469 0.262 17.65 33707.0 MSCL1_1701240329 0.984503 0.001127 0.983289 0.001135 0.983023 0.001144 0.982935 0.001154 0.982739 0.001164 
7777.987826 1.2498 368.6 -0.186 0.025 17.04 35894.2 MSCL1_1701240330 0.982763 0.001123 0.981339 0.001130 0.980628 0.001139 0.980525 0.001149 0.980413 0.001159 
7777.988104 1.2485 366.6 -0.558 0.469 16.52 40409.7 MSCL1_1701240331 0.984097 0.001121 0.982562 0.001128 0.981792 0.001137 0.981406 0.001146 0.981236 0.001157 
7777.988393 1.2471 356.3 -0.981 -0.733 16.44 39266.3 MSCL1_1701240332 0.983542 0.001116 0.982013 0.001123 0.981557 0.001132 0.981229 0.001141 0.981199 0.001151 
7777.988671 1.2458 351.4 1.424 0.404 16.25 42213.4 MSCL1_1701240333 0.984654 0.001114 0.983521 0.001121 0.983078 0.001130 0.982768 0.001139 0.982805 0.001149 
7777.988960 1.2444 346.4 0.436 0.216 16.07 41812.0 MSCL1_1701240334 0.983668 0.001112 0.982212 0.001119 0.981614 0.001127 0.981480 0.001136 0.981265 0.001146 
7777.989238 1.2431 343.8 0.144 -0.169 17.05 36849.7 MSCL1_1701240335 0.982474 0.001110 0.981298 0.001117 0.980747 0.001125 0.980599 0.001135 0.980551 0.001145 
7777.989516 1.2418 339.8 -0.141 -0.719 17.11 31059.6 MSCL1_1701240336 0.981946 0.001107 0.981475 0.001115 0.981346 0.001124 0.981538 0.001133 0.981606 0.001143 
7777.989794 1.2404 342.3 -0.500 0.732 16.34 38273.7 MSCL1_1701240337 0.985049 0.001111 0.983692 0.001118 0.983130 0.001126 0.982863 0.001135 0.982754 0.001145 
7777.990071 1.2391 337.7 -0.507 0.601 16.27 38535.8 MSCL1_1701240338 0.982603 0.001105 0.981632 0.001113 0.981187 0.001121 0.980808 0.001130 0.980777 0.001140 
7777.990349 1.2378 336.1 -0.192 -0.606 15.19 44706.7 MSCL1_1701240339 0.983981 0.001106 0.982525 0.001112 0.981901 0.001121 0.981530 0.001130 0.981383 0.001140 
7777.990627 1.2366 334.2 0.583 -1.469 15.98 43651.9 MSCL1_1701240340 0.987428 0.001107 0.986251 0.001115 0.985600 0.001123 0.985337 0.001132 0.985041 0.001142 
7777.990905 1.2353 333.7 0.387 0.132 16.68 35421.1 MSCL1_1701240341 0.981006 0.001098 0.979989 0.001105 0.979576 0.001113 0.979324 0.001122 0.979248 0.001132 
7777.991182 1.2340 328.9 -0.241 0.700 16.79 41953.7 MSCL1_1701240342 0.985241 0.001101 0.983654 0.001107 0.982973 0.001115 0.982615 0.001124 0.982450 0.001134 
7777.991472 1.2327 327.2 -0.305 0.809 15.45 44347.0 MSCL1_1701240343 0.983947 0.001097 0.982569 0.001103 0.982071 0.001112 0.981948 0.001121 0.981876 0.001130 
7777.991738 1.2314 328.3 0.154 -0.766 16.10 44079.9 MSCL1_1701240344 0.985534 0.001098 0.984068 0.001104 0.983541 0.001113 0.983225 0.001122 0.983142 0.001132 
7777.992027 1.2301 326.1 0.403 -1.100 16.43 43707.4 MSCL1_1701240345 0.984074 0.001094 0.982780 0.001101 0.982257 0.001109 0.981767 0.001118 0.981605 0.001128 
7777.992317 1.2288 324.9 -0.910 0.022 16.18 44432.4 MSCL1_1701240346 0.983722 0.001093 0.982365 0.001100 0.981680 0.001108 0.981399 0.001117 0.981078 0.001126 
7777.992595 1.2275 322.6 -0.082 0.949 15.48 51007.2 MSCL1_1701240347 0.983393 0.001091 0.981883 0.001098 0.981179 0.001105 0.980862 0.001114 0.980752 0.001124 
7777.992872 1.2263 320.3 0.452 0.404 15.96 47322.9 MSCL1_1701240348 0.986537 0.001093 0.985032 0.001100 0.984379 0.001108 0.984048 0.001117 0.983803 0.001126 
7777.993162 1.2250 320.9 0.310 0.070 16.29 47906.1 MSCL1_1701240349 0.985418 0.001091 0.984027 0.001098 0.983403 0.001106 0.982915 0.001115 0.982623 0.001124 
7777.993439 1.2238 390.8 0.044 -0.916 15.74 46271.6 MSCL1_1701240350 0.981186 0.001135 0.979614 0.001144 0.978745 0.001155 0.978366 0.001167 0.978027 0.001180 
7777.993728 1.2225 415.1 0.074 0.155 16.04 38297.5 MSCL1_1701240351 0.992878 0.001175 0.991056 0.001186 0.990253 0.001199 0.989907 0.001213 0.989720 0.001229 
7777.994006 1.2212 319.7 -0.212 0.872 15.61 47343.1 MSCL1_1701240352 0.984544 0.001087 0.983102 0.001093 0.982392 0.001101 0.982319 0.001110 0.982136 0.001120 
7777.994283 1.2200 321.3 -0.177 0.083 16.34 45851.8 MSCL1_1701240353 0.986175 0.001088 0.984671 0.001094 0.983897 0.001102 0.983582 0.001111 0.983338 0.001121 
7777.994561 1.2188 316.9 0.135 -0.604 16.61 46202.4 MSCL1_1701240354 0.987368 0.001088 0.985833 0.001094 0.985162 0.001102 0.984897 0.001111 0.984722 0.001120 
7777.994850 1.2175 317.8 -0.069 0.082 17.46 37416.3 MSCL1_1701240355 0.987643 0.001086 0.986190 0.001093 0.985739 0.001101 0.985136 0.001109 0.984788 0.001119 
7777.995128 1.2163 317.7 0.396 0.075 16.45 47279.1 MSCL1_1701240356 0.987522 0.001086 0.985977 0.001092 0.985337 0.001100 0.984798 0.001109 0.984580 0.001118 
7777.995418 1.2151 313.5 -0.640 -0.755 15.89 49911.1 MSCL1_1701240357 0.985976 0.001082 0.984461 0.001088 0.984026 0.001097 0.983729 0.001106 0.983539 0.001115 
7777.995695 1.2139 320.8 -0.241 0.070 15.96 43440.6 MSCL1_1701240358 0.986965 0.001082 0.985543 0.001089 0.984916 0.001097 0.984683 0.001106 0.984472 0.001115 
7777.995985 1.2126 317.0 0.516 0.469 16.52 40323.1 MSCL1_1701240359 0.985152 0.001079 0.983829 0.001086 0.983275 0.001094 0.982929 0.001103 0.982738 0.001112 
7777.996251 1.2115 314.4 -0.043 0.261 15.31 57659.4 MSCL1_1701240360 0.986567 0.001079 0.984885 0.001085 0.983984 0.001093 0.983560 0.001101 0.983044 0.001110 
7777.996540 1.2103 311.9 -0.151 -0.033 16.12 47995.2 MSCL1_1701240361 0.987343 0.001080 0.985601 0.001086 0.984883 0.001094 0.984578 0.001103 0.984316 0.001112 
7777.996818 1.2091 310.5 -0.354 -0.490 15.64 51553.9 MSCL1_1701240362 0.987636 0.001078 0.986008 0.001084 0.985138 0.001092 0.984912 0.001101 0.984712 0.001110 
7777.997096 1.2079 308.1 0.218 -0.273 14.58 59857.4 MSCL1_1701240363 0.989428 0.001078 0.987925 0.001085 0.987283 0.001093 0.987144 0.001102 0.986745 0.001111 
7777.997385 1.2067 304.0 0.559 0.463 15.27 54820.2 MSCL1_1701240364 0.986167 0.001073 0.984513 0.001079 0.983951 0.001087 0.983624 0.001096 0.983459 0.001105 
7777.997663 1.2055 302.8 0.241 0.368 19.97 32550.4 MSCL1_1701240365 0.986260 0.001073 0.985150 0.001079 0.984671 0.001088 0.984322 0.001096 0.984426 0.001106 
7777.997941 1.2044 302.7 -0.830 0.125 20.41 33819.2 MSCL1_1701240366 0.984073 0.001069 0.982927 0.001076 0.982393 0.001084 0.982026 0.001092 0.981823 0.001102 
7777.998230 1.2032 303.0 0.158 -0.865 20.40 30072.5 MSCL1_1701240367 0.983817 0.001068 0.983277 0.001075 0.982919 0.001083 0.982769 0.001092 0.982897 0.001102 
7777.998519 1.2020 303.6 0.366 -0.454 20.27 28975.9 MSCL1_1701240368 0.984729 0.001068 0.984040 0.001076 0.983678 0.001084 0.983473 0.001093 0.983494 0.001102 
7777.998797 1.2008 302.9 0.114 0.142 19.94 30586.9 MSCL1_1701240369 0.984338 0.001066 0.983683 0.001074 0.983357 0.001082 0.983426 0.001091 0.983442 0.001101 
7777.999087 1.1997 302.4 -0.342 0.475 20.02 32498.6 MSCL1_1701240370 0.987767 0.001070 0.986737 0.001077 0.986397 0.001086 0.986228 0.001095 0.986225 0.001105 
7777.999376 1.1985 301.6 -0.254 -0.233 18.96 32956.9 MSCL1_1701240371 0.987339 0.001068 0.986444 0.001075 0.986033 0.001084 0.985893 0.001093 0.985898 0.001102 
7777.999654 1.1974 299.5 0.675 0.027 20.89 31774.4 MSCL1_1701240372 0.990129 0.001069 0.989035 0.001076 0.988511 0.001084 0.988293 0.001093 0.988286 0.001103 
7777.999920 1.1963 300.2 -0.906 -0.176 20.56 29003.7 MSCL1_1701240373 0.986860 0.001066 0.986421 0.001073 0.986367 0.001082 0.986413 0.001091 0.986312 0.001101 
7778.000209 1.1951 298.5 0.132 0.138 20.35 30895.8 MSCL1_1701240374 0.987431 0.001064 0.986660 0.001071 0.986390 0.001079 0.986094 0.001088 0.986000 0.001097 
7778.000499 1.1940 296.2 0.589 -0.445 20.28 30388.0 MSCL1_1701240375 0.987088 0.001063 0.986301 0.001070 0.985883 0.001078 0.985544 0.001087 0.985442 0.001097 
7778.000776 1.1928 294.5 -0.015 -0.501 19.59 31953.6 MSCL1_1701240376 0.991279 0.001067 0.990720 0.001074 0.990400 0.001082 0.990366 0.001091 0.990512 0.001101 
7778.001066 1.1917 292.6 -0.888 0.449 20.23 30279.4 MSCL1_1701240377 0.989994 0.001064 0.989335 0.001071 0.989009 0.001079 0.988977 0.001088 0.988921 0.001098 
7778.001344 1.1906 293.3 0.378 0.533 19.70 30327.2 MSCL1_1701240378 0.990299 0.001063 0.989442 0.001070 0.989088 0.001078 0.988945 0.001087 0.988952 0.001097 
7778.001633 1.1895 294.4 -0.158 0.305 20.03 29744.7 MSCL1_1701240379 0.988131 0.001059 0.987401 0.001066 0.987084 0.001074 0.986892 0.001083 0.987049 0.001093 
7778.001899 1.1884 292.8 -0.545 -0.637 19.73 32413.5 MSCL1_1701240380 0.986949 0.001058 0.986042 0.001065 0.985276 0.001073 0.984874 0.001081 0.984960 0.001091 
7778.002177 1.1873 295.2 -0.417 -0.167 21.25 26309.9 MSCL1_1701240381 0.989876 0.001060 0.989056 0.001067 0.988525 0.001075 0.988427 0.001084 0.988352 0.001093 
7778.002466 1.1862 292.9 0.842 0.240 19.59 32129.5 MSCL1_1701240382 0.991236 0.001063 0.990334 0.001070 0.990067 0.001078 0.989984 0.001088 0.989905 0.001098 
7778.002744 1.1851 293.4 -0.093 -0.179 19.83 30069.7 MSCL1_1701240383 0.990587 0.001059 0.989915 0.001067 0.989529 0.001075 0.989366 0.001084 0.989357 0.001093 
7778.003022 1.1840 290.0 -0.191 -0.521 19.62 31822.0 MSCL1_1701240384 0.989126 0.001056 0.988293 0.001063 0.987795 0.001071 0.987753 0.001080 0.987792 0.001089 
7778.003300 1.1830 289.0 -0.139 0.043 19.20 34484.3 MSCL1_1701240385 0.991840 0.001057 0.990757 0.001064 0.990236 0.001072 0.990076 0.001081 0.989993 0.001091 
7778.003577 1.1819 289.5 -0.030 0.124 20.53 32814.9 MSCL1_1701240386 0.991858 0.001057 0.990942 0.001064 0.990247 0.001072 0.989996 0.001081 0.990049 0.001091 
7778.003867 1.1808 287.2 -0.367 -0.005 19.19 35039.9 MSCL1_1701240387 0.991994 0.001056 0.990636 0.001063 0.989997 0.001071 0.989650 0.001079 0.989680 0.001089 
7778.004144 1.1798 287.2 0.718 -0.208 19.80 33847.2 MSCL1_1701240388 0.992599 0.001055 0.991405 0.001061 0.990890 0.001069 0.990583 0.001078 0.990552 0.001087 
7778.004445 1.1786 285.8 -0.468 -0.039 20.30 34027.5 MSCL1_1701240389 0.994601 0.001056 0.993470 0.001063 0.993023 0.001071 0.992757 0.001080 0.992846 0.001090 
7778.004723 1.1776 283.4 -0.525 0.832 20.26 31434.6 MSCL1_1701240390 0.994654 0.001055 0.993665 0.001062 0.993140 0.001070 0.993105 0.001079 0.993022 0.001089 
7778.005012 1.1765 284.7 0.187 0.214 20.95 30644.4 MSCL1_1701240391 0.992460 0.001052 0.991225 0.001058 0.990664 0.001066 0.990347 0.001075 0.990164 0.001085 
7778.005290 1.1755 277.4 0.181 -0.457 19.65 33418.4 MSCL1_1701240392 0.993651 0.001052 0.992722 0.001059 0.992232 0.001067 0.992166 0.001076 0.992012 0.001085 
7778.005568 1.1744 280.6 0.140 -0.139 19.79 33795.6 MSCL1_1701240393 0.993576 0.001051 0.992676 0.001058 0.992267 0.001067 0.992096 0.001076 0.992158 0.001085 
7778.005857 1.1734 278.5 -0.469 -0.158 19.91 32133.4 MSCL1_1701240394 0.993520 0.001049 0.992475 0.001056 0.992001 0.001064 0.991909 0.001073 0.991815 0.001082 
7778.006135 1.1723 277.4 -0.642 -0.622 19.64 35377.4 MSCL1_1701240395 0.994541 0.001049 0.993432 0.001056 0.993028 0.001064 0.992740 0.001072 0.992643 0.001082 
7778.006413 1.1713 276.6 0.235 -0.126 19.53 33585.1 MSCL1_1701240396 0.996525 0.001052 0.995481 0.001059 0.995226 0.001067 0.995029 0.001076 0.995139 0.001086 
7778.006679 1.1704 272.5 0.990 -0.302 18.32 36975.2 MSCL1_1701240397 0.995962 0.001049 0.994697 0.001056 0.993985 0.001064 0.993712 0.001072 0.993670 0.001082 
7778.006969 1.1693 270.0 -0.049 0.364 20.27 32508.2 MSCL1_1701240398 0.996622 0.001050 0.995781 0.001057 0.995466 0.001065 0.995293 0.001074 0.995144 0.001083 
7778.007258 1.1683 268.2 -0.505 -0.351 20.04 32612.2 MSCL1_1701240399 0.996475 0.001048 0.995631 0.001055 0.995261 0.001064 0.995126 0.001072 0.995316 0.001082 
7778.007536 1.1673 269.3 -0.518 0.553 20.55 31957.6 MSCL1_1701240400 0.997963 0.001049 0.996966 0.001056 0.996596 0.001064 0.996281 0.001073 0.996274 0.001082 
7778.007802 1.1663 269.0 0.247 0.473 20.95 29614.5 MSCL1_1701240401 0.996267 0.001046 0.995313 0.001053 0.994818 0.001061 0.994529 0.001070 0.994346 0.001079 
7778.008091 1.1653 266.9 0.205 0.178 19.30 31144.0 MSCL1_1701240402 0.997229 0.001046 0.996332 0.001053 0.995944 0.001061 0.995912 0.001070 0.995996 0.001080 
7778.008369 1.1643 265.9 -0.401 -0.502 20.02 29292.7 MSCL1_1701240403 0.996933 0.001046 0.995931 0.001053 0.995504 0.001061 0.995244 0.001070 0.995187 0.001079 
7778.008658 1.1633 268.8 0.105 -0.835 20.48 29120.7 MSCL1_1701240404 0.997315 0.001044 0.996713 0.001052 0.996475 0.001060 0.996293 0.001069 0.996298 0.001078 
7778.008936 1.1623 268.1 0.347 0.522 20.37 29542.4 MSCL1_1701240405 0.997959 0.001045 0.997452 0.001052 0.997305 0.001060 0.997157 0.001069 0.997302 0.001079 
7778.009214 1.1613 265.6 0.020 0.532 19.80 34335.3 MSCL1_1701240406 0.998218 0.001044 0.997644 0.001051 0.997354 0.001060 0.997439 0.001069 0.997386 0.001078 
7778.009492 1.1603 263.7 -0.757 -0.072 19.74 31571.1 MSCL1_1701240407 0.998905 0.001043 0.998128 0.001050 0.997788 0.001058 0.997688 0.001067 0.997551 0.001076 
7778.009769 1.1594 263.9 -0.029 -0.020 20.88 30552.5 MSCL1_1701240408 0.999051 0.001043 0.998336 0.001050 0.998050 0.001058 0.997837 0.001067 0.997724 0.001076 
7778.010059 1.1584 261.1 0.349 0.173 20.19 31506.5 MSCL1_1701240409 0.998921 0.001040 0.998084 0.001047 0.997850 0.001055 0.997718 0.001064 0.997840 0.001074 
7778.010337 1.1574 261.6 0.137 -0.344 20.06 34949.2 MSCL1_1701240410 1.002162 0.001043 1.001057 0.001049 1.000624 0.001057 1.000499 0.001066 1.000498 0.001076 
7778.010614 1.1565 263.1 -0.524 -0.515 20.12 32691.9 MSCL1_1701240411 1.001172 0.001042 1.000028 0.001048 0.999470 0.001056 0.999384 0.001065 0.999313 0.001074 
7778.010892 1.1555 262.2 -0.368 0.138 20.59 29605.4 MSCL1_1701240412 1.000000 0.001040 0.999052 0.001047 0.998709 0.001055 0.998577 0.001063 0.998531 0.001073 
7778.011158 1.1546 260.7 -0.215 0.260 19.21 35420.7 MSCL1_1701240413 1.001668 0.001040 1.000623 0.001047 1.000281 0.001055 0.999947 0.001064 0.999804 0.001073 
7778.011448 1.1536 263.7 -0.028 -0.189 19.99 32189.9 MSCL1_1701240414 0.998358 0.001036 0.997365 0.001043 0.996825 0.001051 0.996649 0.001059 0.996762 0.001069 
7778.011725 1.1527 264.6 0.215 -0.189 20.05 31626.3 MSCL1_1701240415 1.001817 0.001038 1.000899 0.001045 1.000648 0.001054 1.000508 0.001062 1.000376 0.001072 
7778.012015 1.1517 261.5 -0.329 -0.151 20.39 32786.0 MSCL1_1701240416 1.000272 0.001036 0.999452 0.001043 0.999033 0.001050 0.998740 0.001059 0.998600 0.001068 
7778.012293 1.1508 259.8 0.529 -0.121 20.60 32127.9 MSCL1_1701240417 1.003179 0.001039 1.002145 0.001046 1.001449 0.001053 1.001383 0.001062 1.001435 0.001072 
7778.012582 1.1498 263.5 -0.009 -0.816 19.28 35152.1 MSCL1_1701240418 1.002887 0.001037 1.001862 0.001044 1.001351 0.001052 1.001103 0.001061 1.000868 0.001070 
7778.012860 1.1489 266.7 -0.259 -0.211 19.66 36266.0 MSCL1_1701240419 1.003140 0.001037 1.001885 0.001044 1.001285 0.001052 1.000969 0.001061 1.000972 0.001070 
7778.013149 1.1480 261.1 -0.292 -0.161 19.38 34290.1 MSCL1_1701240420 1.003653 0.001035 1.002625 0.001042 1.002157 0.001050 1.001887 0.001058 1.002073 0.001068 
7778.013427 1.1471 257.9 -0.178 0.454 20.42 31853.5 MSCL1_1701240421 1.001278 0.001033 1.000367 0.001040 0.999870 0.001048 0.999751 0.001057 0.999802 0.001067 
7778.013716 1.1461 256.8 -0.347 0.143 21.27 24990.0 MSCL1_1701240422 1.000658 0.001030 1.000637 0.001038 1.000655 0.001046 1.000731 0.001055 1.000818 0.001064 
7778.014006 1.1452 257.0 0.295 0.067 20.72 27732.6 MSCL1_1701240423 1.002389 0.001032 1.001489 0.001039 1.001063 0.001047 1.000905 0.001055 1.000961 0.001065 
7778.014272 1.1443 254.6 0.490 -0.102 20.41 29504.4 MSCL1_1701240424 1.002271 0.001031 1.001323 0.001037 1.001048 0.001046 1.000777 0.001054 1.000845 0.001064 
7778.014550 1.1434 255.2 0.325 -1.368 20.67 31716.2 MSCL1_1701240425 1.004137 0.001032 1.003614 0.001039 1.003338 0.001047 1.003366 0.001056 1.003084 0.001066 
7778.014839 1.1425 255.7 -0.524 -0.020 21.69 26599.7 MSCL1_1701240426 1.000496 0.001027 1.000073 0.001034 0.999732 0.001042 0.999580 0.001051 0.999685 0.001060 
7778.015128 1.1416 251.1 -0.750 1.064 18.99 34431.4 MSCL1_1701240427 1.002217 0.001027 1.001326 0.001034 1.000946 0.001042 1.000769 0.001050 1.000642 0.001060 
7778.015406 1.1407 255.1 -0.794 0.459 19.21 33652.6 MSCL1_1701240428 1.003890 0.001028 1.003029 0.001035 1.002549 0.001043 1.002563 0.001052 1.002611 0.001061 
7778.015695 1.1398 252.5 0.628 -0.261 19.82 27595.3 MSCL1_1701240429 0.999507 0.001024 0.999232 0.001031 0.999210 0.001039 0.999284 0.001048 0.999417 0.001058 
7778.015973 1.1389 251.8 0.139 -0.762 19.62 32712.2 MSCL1_1701240430 1.000517 0.001023 0.999309 0.001030 0.998626 0.001037 0.998398 0.001046 0.998339 0.001055 
7778.016262 1.1380 250.6 -0.041 -0.340 20.41 29224.9 MSCL1_1701240431 1.001769 0.001024 1.000765 0.001031 1.000400 0.001039 1.000132 0.001047 1.000221 0.001057 
7778.016540 1.1371 248.8 -0.137 0.799 20.74 30810.3 MSCL1_1701240432 1.002965 0.001023 1.001581 0.001029 1.000843 0.001037 1.000489 0.001045 1.000402 0.001054 
7778.016818 1.1362 251.9 -1.361 0.642 19.19 37336.9 MSCL1_1701240433 1.001179 0.001021 1.000128 0.001027 0.999602 0.001035 0.999162 0.001043 0.999171 0.001052 
7778.017107 1.1354 249.7 0.301 -0.132 18.58 36175.9 MSCL1_1701240434 1.001244 0.001021 1.000722 0.001028 1.000477 0.001036 1.000481 0.001045 1.000586 0.001054 
7778.017397 1.1345 247.9 0.840 -0.776 19.46 32745.9 MSCL1_1701240435 1.002759 0.001023 1.002180 0.001030 1.001984 0.001038 1.001808 0.001047 1.001692 0.001056 
7778.017675 1.1336 252.9 0.004 -0.398 19.51 36062.5 MSCL1_1701240436 1.005400 0.001025 1.004195 0.001031 1.003676 0.001039 1.003398 0.001048 1.003332 0.001057 
7778.017964 1.1327 249.4 0.074 0.396 20.00 36412.3 MSCL1_1701240437 1.003787 0.001021 1.002568 0.001028 1.001959 0.001036 1.001606 0.001044 1.001466 0.001054 
7778.018253 1.1319 249.9 -0.180 0.158 19.79 33571.8 MSCL1_1701240438 1.004686 0.001022 1.003750 0.001029 1.003222 0.001037 1.002976 0.001046 1.002859 0.001055 
7778.018531 1.1310 245.4 0.243 0.149 20.25 34593.4 MSCL1_1701240439 1.001646 0.001016 1.000642 0.001023 1.000012 0.001031 0.999828 0.001039 0.999770 0.001048 
7778.018809 1.1302 245.7 -0.529 -0.537 19.28 37645.5 MSCL1_1701240440 1.003897 0.001019 1.002953 0.001026 1.002412 0.001034 1.002194 0.001043 1.001979 0.001052 
7778.019098 1.1293 246.8 -0.035 -0.833 19.62 33287.1 MSCL1_1701240441 1.004070 0.001019 1.003168 0.001026 1.002669 0.001033 1.002551 0.001042 1.002262 0.001051 
7778.019376 1.1285 245.9 -0.111 0.117 19.98 30815.5 MSCL1_1701240442 1.001463 0.001016 1.000896 0.001023 1.000653 0.001031 1.000486 0.001040 1.000558 0.001049 
7778.019642 1.1277 245.5 -0.196 0.598 20.15 26750.7 MSCL1_1701240443 1.001520 0.001015 1.001309 0.001023 1.001165 0.001031 1.001028 0.001040 1.001179 0.001049 
7778.019920 1.1269 243.9 0.477 -0.026 19.68 33650.9 MSCL1_1701240444 1.003771 0.001017 1.003105 0.001024 1.002814 0.001033 1.002671 0.001041 1.002823 0.001051 
7778.020209 1.1260 241.1 0.152 -1.055 19.02 35407.6 MSCL1_1701240445 1.003187 0.001014 1.002163 0.001021 1.001629 0.001029 1.001443 0.001037 1.001460 0.001046 
7778.020475 1.1252 244.9 0.023 -0.342 19.39 32621.2 MSCL1_1701240446 0.999496 0.001009 0.998427 0.001016 0.997859 0.001024 0.997681 0.001032 0.997733 0.001041 
7778.020753 1.1244 241.4 -1.440 1.193 18.56 35286.2 MSCL1_1701240447 1.000577 0.001010 1.000008 0.001017 0.999687 0.001025 0.999542 0.001034 0.999593 0.001043 
7778.021043 1.1236 244.4 -1.001 0.570 19.42 31794.9 MSCL1_1701240448 1.003121 0.001012 1.002265 0.001019 1.001952 0.001027 1.001809 0.001036 1.001821 0.001045 
7778.021320 1.1228 240.1 0.183 -0.701 21.04 27026.5 MSCL1_1701240449 1.003025 0.001011 1.002709 0.001018 1.002509 0.001026 1.002590 0.001035 1.002677 0.001044 
7778.021598 1.1220 241.5 1.234 -0.989 18.98 33254.7 MSCL1_1701240450 1.003018 0.001011 1.002377 0.001018 1.002167 0.001026 1.002131 0.001034 1.002236 0.001044 
7778.021887 1.1212 241.3 0.218 -0.177 20.08 28504.9 MSCL1_1701240451 0.999362 0.001005 0.998876 0.001012 0.998896 0.001021 0.998834 0.001029 0.998961 0.001039 
7778.022165 1.1204 237.8 -1.051 0.227 19.40 33702.2 MSCL1_1701240452 1.002074 0.001007 1.000921 0.001013 1.000307 0.001021 1.000120 0.001030 1.000056 0.001039 
7778.022443 1.1196 237.6 -0.929 -0.015 18.86 36464.6 MSCL1_1701240453 1.004132 0.001008 1.002772 0.001015 1.002348 0.001023 1.002144 0.001031 1.001971 0.001040 
7778.022732 1.1188 235.7 0.658 -0.353 18.62 38860.4 MSCL1_1701240454 1.003515 0.001007 1.002258 0.001013 1.001654 0.001021 1.001470 0.001029 1.001501 0.001038 
7778.023022 1.1180 236.9 0.772 0.384 19.95 29952.9 MSCL1_1701240455 1.003025 0.001005 1.002306 0.001012 1.001756 0.001020 1.001567 0.001028 1.001666 0.001037 
7778.023300 1.1172 236.9 -1.356 0.271 19.46 30701.3 MSCL1_1701240456 1.002867 0.001004 1.001837 0.001011 1.001373 0.001019 1.001258 0.001027 1.001247 0.001036 
7778.023589 1.1164 238.3 0.409 -0.057 19.74 32831.9 MSCL1_1701240457 1.002994 0.001005 1.002266 0.001012 1.001930 0.001020 1.001827 0.001029 1.001805 0.001038 
7778.023867 1.1156 235.8 0.929 -0.828 18.21 38753.0 MSCL1_1701240458 1.003040 0.001004 1.001778 0.001010 1.001234 0.001018 1.001033 0.001027 1.000990 0.001036 
7778.024156 1.1148 238.1 -0.763 -0.182 20.61 27923.8 MSCL1_1701240459 1.000952 0.001002 0.999683 0.001009 0.998947 0.001017 0.998828 0.001025 0.998673 0.001034 
7778.024434 1.1140 236.1 -0.453 1.446 20.69 30360.8 MSCL1_1701240460 1.003530 0.001003 1.002829 0.001010 1.002500 0.001018 1.002353 0.001027 1.002637 0.001036 
7778.024723 1.1133 239.6 0.224 0.189 19.77 36831.0 MSCL1_1701240461 1.001641 0.001001 1.000562 0.001007 1.000020 0.001015 0.999755 0.001024 0.999671 0.001033 
7778.025001 1.1125 236.1 0.102 -1.127 19.00 35615.1 MSCL1_1701240462 1.004509 0.001003 1.003450 0.001010 1.002931 0.001017 1.002550 0.001026 1.002479 0.001035 
7778.025279 1.1118 239.5 -0.490 -1.152 19.16 32537.6 MSCL1_1701240463 1.006169 0.001006 1.005600 0.001013 1.005229 0.001021 1.005180 0.001030 1.005008 0.001039 
7778.025556 1.1110 236.6 -0.228 0.642 19.98 30337.6 MSCL1_1701240464 1.003534 0.001001 1.002659 0.001008 1.002215 0.001016 1.001965 0.001024 1.001964 0.001034 
7778.025857 1.1102 236.8 -0.118 0.717 19.63 31884.6 MSCL1_1701240465 1.002487 0.001000 1.001462 0.001007 1.001012 0.001014 1.001004 0.001023 1.001169 0.001033 
7778.026135 1.1095 235.1 0.175 -0.134 19.74 34463.3 MSCL1_1701240466 1.003488 0.000999 1.002266 0.001005 1.001649 0.001013 1.001382 0.001021 1.001419 0.001030 
7778.026413 1.1087 232.6 -0.011 -0.897 19.31 37662.8 MSCL1_1701240467 1.003797 0.001000 1.002776 0.001006 1.002247 0.001014 1.002177 0.001023 1.002121 0.001032 
7778.026702 1.1080 235.6 0.121 -0.352 20.88 34402.8 MSCL1_1701240468 1.001937 0.000997 1.000777 0.001003 1.000310 0.001011 1.000043 0.001019 0.999925 0.001028 
7778.026992 1.1072 232.7 -0.661 0.032 18.83 33389.0 MSCL1_1701240469 1.003824 0.000999 1.002794 0.001005 1.002140 0.001013 1.002019 0.001022 1.002078 0.001031 
7778.027269 1.1065 230.8 -0.461 0.754 18.42 37748.8 MSCL1_1701240470 1.001501 0.000994 1.000548 0.001001 1.000032 0.001009 0.999758 0.001017 0.999625 0.001026 
7778.027547 1.1058 233.2 0.208 0.171 19.88 33633.6 MSCL1_1701240471 1.003004 0.000995 1.001843 0.001002 1.001246 0.001010 1.001018 0.001018 1.000933 0.001027 
7778.027837 1.1050 237.8 -0.364 -0.223 21.09 28779.5 MSCL1_1701240472 1.001922 0.000995 1.001239 0.001002 1.000990 0.001010 1.000951 0.001019 1.001014 0.001028 
7778.028126 1.1043 234.3 -0.292 -0.720 19.01 32961.7 MSCL1_1701240473 1.002570 0.000994 1.001597 0.001001 1.001329 0.001008 1.001235 0.001017 1.001138 0.001026 
7778.028392 1.1036 232.4 0.016 -0.554 20.89 29841.4 MSCL1_1701240474 1.003111 0.000995 1.002363 0.001002 1.002307 0.001010 1.002366 0.001019 1.002278 0.001028 
7778.028681 1.1028 225.4 0.651 -0.070 20.88 34485.1 MSCL1_1701240475 1.002864 0.000992 1.001852 0.000999 1.001476 0.001006 1.001254 0.001015 1.001085 0.001024 
7778.028959 1.1021 223.6 -0.551 -0.031 21.84 29760.9 MSCL1_1701240476 1.002964 0.000992 1.002160 0.000999 1.001666 0.001007 1.001569 0.001015 1.001535 0.001024 
7778.029237 1.1014 222.9 -0.470 0.013 20.55 34463.8 MSCL1_1701240477 1.004268 0.000992 1.003377 0.000999 1.002745 0.001006 1.002456 0.001014 1.002268 0.001023 
7778.029515 1.1007 224.1 0.133 0.196 20.95 32863.8 MSCL1_1701240478 1.002878 0.000989 1.001988 0.000996 1.001611 0.001004 1.001444 0.001012 1.001253 0.001021 
7778.029793 1.1000 223.5 0.016 0.110 21.05 28904.0 MSCL1_1701240479 1.002604 0.000988 1.001896 0.000995 1.001579 0.001003 1.001333 0.001011 1.001474 0.001020 
7778.030082 1.0993 222.2 -0.440 -0.038 20.23 36578.7 MSCL1_1701240480 1.002012 0.000988 1.000825 0.000994 1.000354 0.001002 0.999967 0.001010 1.000130 0.001019 
7778.030360 1.0986 221.7 -0.683 -0.309 20.61 28652.0 MSCL1_1701240481 1.000154 0.000984 0.999463 0.000991 0.999213 0.000999 0.998936 0.001007 0.998792 0.001015 
7778.030649 1.0979 223.0 0.364 0.033 19.65 32223.8 MSCL1_1701240482 1.002605 0.000986 1.001675 0.000993 1.001252 0.001000 1.001040 0.001009 1.001020 0.001018 
7778.030927 1.0972 221.6 -0.103 0.295 22.29 23898.4 MSCL1_1701240483 1.002363 0.000987 1.002055 0.000994 1.001946 0.001001 1.001917 0.001010 1.002102 0.001019 
7778.031205 1.0966 221.3 -0.598 -0.322 20.81 29617.6 MSCL1_1701240484 1.001652 0.000986 1.001081 0.000993 1.000745 0.001001 1.000652 0.001009 1.000717 0.001018 
7778.031482 1.0959 220.5 -0.176 -0.281 19.45 33607.2 MSCL1_1701240485 1.003070 0.000986 1.002356 0.000992 1.002149 0.001000 1.001958 0.001008 1.001876 0.001017 
7778.031760 1.0952 220.5 0.573 -0.405 19.85 31318.1 MSCL1_1701240486 1.002483 0.000985 1.001777 0.000991 1.001560 0.000999 1.001458 0.001008 1.001352 0.001017 
7778.032050 1.0945 220.6 0.318 0.688 22.20 24176.5 MSCL1_1701240487 1.003811 0.000987 1.004158 0.000995 1.004316 0.001003 1.004390 0.001012 1.004582 0.001021 
7778.032327 1.0939 222.4 -1.203 0.834 20.61 27468.7 MSCL1_1701240488 1.000430 0.000982 1.000629 0.000990 1.000902 0.000998 1.000906 0.001007 1.001066 0.001016 
7778.032605 1.0932 220.9 -1.380 -0.776 20.39 27057.1 MSCL1_1701240489 1.002474 0.000983 1.002096 0.000990 1.001850 0.000998 1.001712 0.001006 1.001656 0.001015 
7778.032894 1.0925 221.0 -0.073 -1.825 20.57 28803.5 MSCL1_1701240490 0.999704 0.000979 0.999303 0.000986 0.998908 0.000994 0.999000 0.001003 0.998814 0.001011 
7778.033184 1.0918 221.2 -0.128 0.610 19.92 28870.6 MSCL1_1701240491 1.001830 0.000981 1.001673 0.000989 1.001460 0.000996 1.001450 0.001005 1.001583 0.001014 
7778.033450 1.0912 218.7 0.922 1.116 19.48 32611.6 MSCL1_1701240492 1.002718 0.000981 1.002122 0.000988 1.001884 0.000996 1.001676 0.001004 1.001722 0.001013 
7778.033728 1.0906 219.9 0.056 -0.129 20.80 29835.9 MSCL1_1701240493 1.002296 0.000980 1.001520 0.000987 1.001044 0.000995 1.000798 0.001003 1.000838 0.001012 
7778.034016 1.0899 214.9 -0.197 -0.699 19.40 33466.5 MSCL1_1701240494 1.000576 0.000977 0.999585 0.000983 0.999235 0.000990 0.999089 0.000999 0.998982 0.001007 
7778.034294 1.0893 220.5 -0.315 -1.360 18.92 34474.4 MSCL1_1701240495 1.002072 0.000981 1.001292 0.000987 1.001147 0.000996 1.001087 0.001004 1.001010 0.001013 
7778.034583 1.0886 217.6 -0.292 0.331 19.25 30613.7 MSCL1_1701240496 1.001951 0.000978 1.001260 0.000985 1.001208 0.000993 1.001121 0.001002 1.001346 0.001011 
7778.034861 1.0880 215.7 0.038 0.539 20.71 28465.1 MSCL1_1701240497 1.001107 0.000977 1.000559 0.000984 1.000404 0.000992 1.000505 0.001001 1.000448 0.001009 
7778.035139 1.0873 217.6 -0.803 0.451 19.98 31896.4 MSCL1_1701240498 1.000900 0.000976 1.000288 0.000983 1.000021 0.000991 1.000000 0.000999 0.999870 0.001008 
7778.035428 1.0867 214.7 0.332 -0.090 20.77 28419.7 MSCL1_1701240499 1.002723 0.000978 1.002281 0.000985 1.002075 0.000993 1.001922 0.001002 1.001900 0.001011 
7778.035706 1.0860 214.2 0.356 -0.178 20.69 29816.6 MSCL1_1701240500 0.999484 0.000973 0.999486 0.000981 0.999656 0.000989 0.999715 0.000997 1.000000 0.001006 
7778.035984 1.0854 216.6 0.019 -0.535 20.92 27878.1 MSCL1_1701240501 1.001559 0.000976 1.000956 0.000983 1.000657 0.000991 1.000767 0.000999 1.000607 0.001008 
7778.036273 1.0848 215.5 -0.966 0.742 20.94 28881.7 MSCL1_1701240502 0.999252 0.000973 0.999347 0.000980 0.999286 0.000988 0.999359 0.000997 0.999405 0.001006 
7778.036551 1.0842 215.4 -1.211 -0.280 19.55 29784.9 MSCL1_1701240503 1.001606 0.000975 1.001361 0.000983 1.001382 0.000991 1.001535 0.000999 1.001394 0.001008 
7778.036829 1.0836 213.1 -0.059 0.048 20.69 26985.4 MSCL1_1701240504 1.000844 0.000974 1.000879 0.000981 1.001055 0.000990 1.001198 0.000998 1.001475 0.001007 
7778.037106 1.0829 213.7 0.346 0.141 20.07 30439.3 MSCL1_1701240505 1.001927 0.000974 1.001535 0.000981 1.001369 0.000989 1.001399 0.000998 1.001621 0.001007 
7778.037396 1.0823 211.9 0.770 0.165 20.40 30561.9 MSCL1_1701240506 1.002593 0.000974 1.001931 0.000981 1.001538 0.000988 1.001577 0.000997 1.001620 0.001006 
7778.037674 1.0817 210.9 -0.382 -0.130 19.60 33724.9 MSCL1_1701240507 1.003297 0.000975 1.002530 0.000982 1.002212 0.000990 1.001908 0.000998 1.001825 0.001007 
7778.037963 1.0811 211.8 -0.670 -0.659 20.84 29129.3 MSCL1_1701240508 1.002519 0.000973 1.002233 0.000980 1.002291 0.000988 1.002306 0.000997 1.002265 0.001006 
7778.038241 1.0805 214.0 0.875 -0.168 19.27 35301.6 MSCL1_1701240509 1.003122 0.000974 1.002354 0.000980 1.002115 0.000988 1.001971 0.000997 1.001928 0.001006 
7778.038518 1.0799 211.2 0.089 0.349 20.20 28906.9 MSCL1_1701240510 1.001054 0.000971 1.000407 0.000978 1.000259 0.000986 1.000246 0.000994 1.000227 0.001003 
7778.038808 1.0793 219.0 -0.674 0.435 20.99 29673.7 MSCL1_1701240511 1.002745 0.000973 1.002186 0.000980 1.001959 0.000988 1.001940 0.000997 1.002073 0.001006 
7778.039074 1.0787 216.4 -0.454 0.281 20.55 26775.5 MSCL1_1701240512 1.002642 0.000972 1.002541 0.000979 1.002552 0.000988 1.002603 0.000996 1.002738 0.001005 
7778.039363 1.0781 215.8 -0.098 -0.067 22.59 25435.5 MSCL1_1701240513 1.001277 0.000970 1.000970 0.000977 1.000903 0.000985 1.001043 0.000994 1.001104 0.001003 
7778.039641 1.0775 212.0 -0.010 -1.326 21.34 26441.7 MSCL1_1701240514 1.002773 0.000971 1.002460 0.000978 1.002286 0.000986 1.002361 0.000995 1.002394 0.001004 
7778.039919 1.0770 212.9 -0.280 -0.318 20.07 31198.0 MSCL1_1701240515 1.001805 0.000970 1.001457 0.000977 1.001319 0.000985 1.001391 0.000994 1.001369 0.001003 
7778.040208 1.0764 209.3 0.883 0.665 20.62 33136.2 MSCL1_1701240516 1.003152 0.000970 1.002819 0.000977 1.002804 0.000985 1.002929 0.000993 1.002921 0.001002 
7778.040486 1.0758 209.3 -1.437 -0.079 19.80 29994.7 MSCL1_1701240517 1.000654 0.000967 1.000369 0.000974 1.000295 0.000982 1.000474 0.000991 1.000461 0.001000 
7778.040775 1.0752 205.3 -0.452 0.004 19.66 30834.5 MSCL1_1701240518 1.004066 0.000968 1.002906 0.000974 1.002458 0.000981 1.002214 0.000989 1.002111 0.000998 
7778.041053 1.0746 205.7 -0.188 -0.637 19.61 32109.8 MSCL1_1701240519 1.002614 0.000967 1.001851 0.000973 1.001662 0.000981 1.001460 0.000989 1.001344 0.000998 
7778.041331 1.0741 208.4 0.028 -0.255 20.23 29106.3 MSCL1_1701240520 1.002987 0.000967 1.002160 0.000973 1.001818 0.000981 1.001638 0.000989 1.001545 0.000998 
7778.041609 1.0735 206.0 -0.167 0.283 20.43 29158.7 MSCL1_1701240521 1.003447 0.000967 1.002756 0.000974 1.002606 0.000982 1.002357 0.000990 1.002230 0.000999 
7778.041886 1.0730 204.8 0.195 -0.537 18.45 35404.3 MSCL1_1701240522 1.002480 0.000966 1.001906 0.000973 1.001774 0.000980 1.001817 0.000989 1.001955 0.000998 
7778.042164 1.0724 203.2 0.331 0.190 19.17 34957.8 MSCL1_1701240523 1.002714 0.000965 1.001953 0.000972 1.001565 0.000979 1.001527 0.000987 1.001559 0.000996 
7778.042442 1.0719 203.4 -0.588 -0.353 19.77 29714.7 MSCL1_1701240524 1.001766 0.000964 1.001581 0.000971 1.001590 0.000979 1.001607 0.000987 1.001717 0.000996 
7778.042731 1.0713 203.5 0.488 0.350 19.64 35553.5 MSCL1_1701240525 1.002206 0.000963 1.001343 0.000970 1.001068 0.000977 1.000812 0.000985 1.000817 0.000994 
7778.043009 1.0707 202.3 -0.023 0.057 20.02 32742.7 MSCL1_1701240526 1.002369 0.000963 1.001661 0.000970 1.001414 0.000978 1.001275 0.000986 1.001297 0.000995 
7778.043287 1.0702 202.6 -0.752 -0.035 20.15 34431.7 MSCL1_1701240527 1.001825 0.000962 1.000734 0.000969 1.000254 0.000976 1.000042 0.000984 1.000077 0.000993 
7778.043576 1.0696 201.2 -0.500 -0.755 20.62 35246.9 MSCL1_1701240528 1.003538 0.000963 1.002742 0.000970 1.002436 0.000978 1.002276 0.000986 1.002419 0.000995 
7778.043866 1.0691 202.2 -0.168 0.006 19.52 32427.7 MSCL1_1701240529 1.001743 0.000962 1.000918 0.000968 1.000607 0.000976 1.000623 0.000985 1.000510 0.000993 
7778.044132 1.0686 201.4 -0.312 1.138 21.14 29016.8 MSCL1_1701240530 1.002747 0.000963 1.002057 0.000969 1.001674 0.000977 1.001662 0.000985 1.001651 0.000994 
7778.044421 1.0680 204.0 0.555 -0.450 19.12 34170.9 MSCL1_1701240531 1.001484 0.000961 1.000634 0.000967 1.000404 0.000975 1.000437 0.000984 1.000580 0.000993 
7778.044711 1.0675 198.2 -0.231 -0.393 19.36 37389.4 MSCL1_1701240532 1.003086 0.000961 1.002330 0.000968 1.002013 0.000975 1.001862 0.000983 1.001776 0.000992 
7778.044988 1.0670 202.2 -0.556 -0.536 20.41 31978.5 MSCL1_1701240533 1.003014 0.000961 1.002300 0.000968 1.001902 0.000976 1.001686 0.000984 1.001668 0.000993 
7778.045278 1.0664 198.9 -0.210 -0.710 20.25 37453.3 MSCL1_1701240534 1.002868 0.000960 1.001970 0.000966 1.001573 0.000974 1.001182 0.000982 1.001067 0.000990 
7778.045555 1.0659 196.8 -0.146 -0.038 18.78 39418.9 MSCL1_1701240535 1.002634 0.000961 1.002006 0.000967 1.001514 0.000975 1.001313 0.000983 1.001178 0.000992 
7778.045845 1.0654 196.8 -0.907 0.191 20.14 30667.6 MSCL1_1701240536 1.001039 0.000959 1.000703 0.000966 1.000398 0.000973 1.000547 0.000982 1.000542 0.000991 
7778.046111 1.0649 195.8 0.130 0.375 20.20 32144.3 MSCL1_1701240537 1.003259 0.000959 1.002295 0.000965 1.001947 0.000973 1.001733 0.000981 1.001650 0.000990 
7778.046400 1.0644 197.0 0.489 -0.019 20.83 32250.4 MSCL1_1701240538 1.003192 0.000959 1.002680 0.000965 1.002476 0.000973 1.002449 0.000981 1.002606 0.000990 
7778.046678 1.0639 196.3 -0.203 -0.421 20.14 33514.7 MSCL1_1701240539 1.004836 0.000959 1.004083 0.000966 1.003710 0.000973 1.003533 0.000981 1.003342 0.000990 
7778.046956 1.0634 198.9 -0.735 0.580 20.99 30637.7 MSCL1_1701240540 1.005010 0.000961 1.004130 0.000968 1.003857 0.000976 1.003556 0.000984 1.003397 0.000993 
7778.047234 1.0629 197.2 -0.308 0.084 19.97 30345.3 MSCL1_1701240541 1.001908 0.000957 1.001188 0.000964 1.000883 0.000971 1.000635 0.000980 1.000541 0.000988 
7778.047523 1.0623 193.0 0.004 -0.416 20.70 29323.9 MSCL1_1701240542 1.001526 0.000957 1.000900 0.000963 1.000381 0.000971 1.000328 0.000979 1.000269 0.000988 
7778.047801 1.0619 194.4 -0.576 0.482 21.02 29743.4 MSCL1_1701240543 1.003308 0.000957 1.002821 0.000964 1.002894 0.000971 1.002901 0.000980 1.002994 0.000988 
7778.048079 1.0614 191.8 -0.132 -0.384 21.21 22940.8 MSCL1_1701240544 1.000723 0.000955 1.000618 0.000963 1.000447 0.000970 1.000512 0.000979 1.000680 0.000988 
7778.048368 1.0609 190.7 1.548 -0.410 18.44 37110.8 MSCL1_1701240545 1.002065 0.000956 1.001412 0.000962 1.001119 0.000970 1.001153 0.000978 1.001184 0.000987 
7778.048646 1.0604 191.4 -0.541 -0.181 20.55 29889.3 MSCL1_1701240546 1.001424 0.000954 1.000952 0.000961 1.000771 0.000969 1.000954 0.000977 1.000734 0.000985 
7778.048924 1.0599 187.6 -0.881 1.112 19.80 26782.0 MSCL1_1701240547 1.002671 0.000956 1.002227 0.000963 1.002100 0.000970 1.002108 0.000979 1.002237 0.000988 
7778.049213 1.0594 191.2 -1.613 -0.427 22.47 23255.7 MSCL1_1701240548 0.999939 0.000953 1.000176 0.000961 1.000443 0.000969 1.000586 0.000977 1.000677 0.000986 
7778.049491 1.0589 185.8 -0.231 -1.837 20.22 31513.0 MSCL1_1701240549 1.003761 0.000956 1.003105 0.000962 1.002725 0.000970 1.002570 0.000978 1.002565 0.000987 
7778.049768 1.0584 187.9 0.245 -0.893 20.51 30260.6 MSCL1_1701240550 1.003923 0.000955 1.002922 0.000961 1.002542 0.000969 1.002398 0.000977 1.002373 0.000986 
7778.050046 1.0580 185.6 0.304 0.570 22.00 28991.2 MSCL1_1701240551 1.004033 0.000955 1.003660 0.000962 1.003443 0.000969 1.003384 0.000978 1.003534 0.000987 
7778.050324 1.0575 186.6 -1.820 0.318 21.17 28769.9 MSCL1_1701240552 1.000670 0.000952 1.000909 0.000960 1.000947 0.000967 1.000927 0.000976 1.001010 0.000984 
7778.050602 1.0570 182.8 1.342 0.128 18.70 34521.0 MSCL1_1701240553 1.004033 0.000953 1.002970 0.000959 1.002341 0.000966 1.002052 0.000974 1.001652 0.000982 
7778.050891 1.0566 182.0 0.756 -0.607 19.88 32955.1 MSCL1_1701240554 1.001922 0.000950 1.000854 0.000956 1.000312 0.000963 1.000063 0.000971 0.999990 0.000979 
7778.051169 1.0561 181.2 -0.676 -1.027 20.45 31137.9 MSCL1_1701240555 1.001863 0.000950 1.001016 0.000956 1.000726 0.000963 1.000636 0.000971 1.000587 0.000980 
7778.051458 1.0556 179.8 -0.185 -0.549 19.28 31548.8 MSCL1_1701240556 1.003481 0.000951 1.002436 0.000957 1.002125 0.000964 1.001860 0.000972 1.001854 0.000980 
7778.051736 1.0552 176.9 -0.344 0.538 18.82 34321.9 MSCL1_1701240557 1.003019 0.000949 1.002301 0.000956 1.001781 0.000963 1.001650 0.000971 1.001441 0.000979 
7778.052025 1.0547 177.9 -0.893 0.237 21.39 31461.1 MSCL1_1701240558 1.002443 0.000949 1.001764 0.000956 1.001559 0.000963 1.001358 0.000971 1.001325 0.000980 
7778.052292 1.0543 175.2 0.049 0.379 21.14 27741.6 MSCL1_1701240559 1.003873 0.000951 1.002879 0.000957 1.002444 0.000964 1.002286 0.000972 1.002371 0.000981 
7778.052569 1.0539 176.7 -0.395 -1.312 20.46 28738.2 MSCL1_1701240560 1.001890 0.000948 1.000910 0.000954 1.000467 0.000961 1.000366 0.000969 1.000240 0.000978 
7778.052859 1.0534 177.7 0.873 -0.718 19.51 33737.1 MSCL1_1701240561 1.003441 0.000948 1.002097 0.000954 1.001555 0.000961 1.001448 0.000969 1.001504 0.000978 
7778.053136 1.0530 174.4 0.043 0.833 19.37 32191.6 MSCL1_1701240562 1.002951 0.000949 1.002244 0.000956 1.001916 0.000963 1.001619 0.000971 1.001632 0.000980 
7778.053426 1.0525 176.7 -0.905 0.062 19.80 33043.7 MSCL1_1701240563 1.002352 0.000947 1.001282 0.000953 1.000833 0.000960 1.000706 0.000968 1.000522 0.000977 
7778.053704 1.0521 172.3 -0.093 -0.447 21.77 27890.3 MSCL1_1701240564 1.002895 0.000947 1.001747 0.000953 1.001186 0.000960 1.000902 0.000968 1.000729 0.000976 
7778.053993 1.0516 174.2 -0.550 -0.393 21.02 31840.7 MSCL1_1701240565 1.006469 0.000950 1.005212 0.000956 1.004612 0.000963 1.004171 0.000971 1.004053 0.000979 
7778.054259 1.0512 172.8 -0.158 -0.895 19.12 36869.7 MSCL1_1701240566 1.003761 0.000947 1.002374 0.000953 1.001847 0.000960 1.001496 0.000967 1.001492 0.000976 
7778.054549 1.0508 172.0 -0.289 0.108 20.28 26075.8 MSCL1_1701240567 1.002366 0.000945 1.001427 0.000951 1.000923 0.000958 1.000716 0.000966 1.000826 0.000975 
7778.054826 1.0504 170.1 0.184 0.964 20.16 34584.0 MSCL1_1701240568 1.003235 0.000945 1.002413 0.000952 1.002042 0.000959 1.001961 0.000967 1.001839 0.000975 
7778.055116 1.0499 170.9 0.118 -0.656 20.19 31862.3 MSCL1_1701240569 1.003120 0.000945 1.002474 0.000952 1.002064 0.000959 1.002016 0.000967 1.002092 0.000976 
7778.055393 1.0495 170.2 0.039 -1.087 19.90 32241.6 MSCL1_1701240570 1.002075 0.000943 1.001247 0.000949 1.001082 0.000957 1.001030 0.000965 1.001084 0.000973 
7778.055671 1.0491 170.1 -0.057 -0.449 20.72 29345.3 MSCL1_1701240571 1.002768 0.000943 1.002144 0.000949 1.001955 0.000957 1.001875 0.000964 1.001714 0.000973 
7778.055949 1.0487 166.1 -0.472 1.061 19.08 36281.5 MSCL1_1701240572 1.004199 0.000944 1.002715 0.000949 1.002118 0.000956 1.001887 0.000964 1.001672 0.000972 
7778.056238 1.0483 168.2 -0.557 0.008 20.25 36883.3 MSCL1_1701240573 1.005403 0.000945 1.004331 0.000952 1.003607 0.000958 1.003423 0.000966 1.003351 0.000975 
7778.056516 1.0479 165.3 -0.548 -0.663 20.41 33654.4 MSCL1_1701240574 1.002678 0.000941 1.002132 0.000948 1.001718 0.000955 1.001555 0.000962 1.001374 0.000970 
7778.056805 1.0474 165.8 0.176 -1.445 20.30 26647.8 MSCL1_1701240575 1.003661 0.000942 1.002657 0.000948 1.002125 0.000955 1.002064 0.000963 1.002007 0.000971 
7778.057095 1.0470 166.1 0.378 0.003 21.39 25754.2 MSCL1_1701240576 1.003595 0.000942 1.002829 0.000948 1.002584 0.000955 1.002559 0.000963 1.002523 0.000971 
7778.057373 1.0466 163.7 -0.948 1.849 20.12 33687.7 MSCL1_1701240577 1.001591 0.000940 1.001094 0.000946 1.000962 0.000953 1.000912 0.000961 1.000824 0.000969 
7778.057650 1.0462 165.6 -0.866 0.266 21.68 28570.1 MSCL1_1701240578 1.004016 0.000942 1.003302 0.000948 1.002891 0.000955 1.002727 0.000963 1.002586 0.000971 
7778.057928 1.0458 162.1 -0.075 -1.296 19.63 32869.2 MSCL1_1701240579 1.002568 0.000939 1.001874 0.000945 1.001532 0.000952 1.001408 0.000960 1.001278 0.000968 
7778.058206 1.0455 163.4 -0.255 -0.434 21.17 28713.1 MSCL1_1701240580 1.003497 0.000940 1.002798 0.000946 1.002579 0.000953 1.002344 0.000961 1.002314 0.000969 
7778.058484 1.0451 161.3 0.371 -0.747 20.37 34353.6 MSCL1_1701240581 1.004155 0.000940 1.003149 0.000946 1.002445 0.000953 1.002243 0.000961 1.002405 0.000970 
7778.058761 1.0447 161.4 0.060 0.032 18.31 45296.6 MSCL1_1701240582 1.003716 0.000938 1.002426 0.000944 1.001696 0.000951 1.001478 0.000958 1.001236 0.000966 
7778.059051 1.0443 159.6 -0.090 1.356 19.79 32236.8 MSCL1_1701240583 1.002010 0.000937 1.001064 0.000943 1.000704 0.000950 1.000633 0.000958 1.000550 0.000966 
7778.059329 1.0439 161.9 -1.209 -0.150 20.09 29322.7 MSCL1_1701240584 1.002037 0.000937 1.001145 0.000943 1.000672 0.000950 1.000432 0.000958 1.000404 0.000966 
7778.059618 1.0435 158.2 0.755 -1.252 18.77 37982.6 MSCL1_1701240585 1.004666 0.000939 1.003226 0.000945 1.002573 0.000951 1.002177 0.000959 1.001962 0.000967 
7778.059896 1.0432 161.3 0.748 -1.601 19.02 38562.6 MSCL1_1701240586 1.004320 0.000938 1.003095 0.000944 1.002516 0.000950 1.002300 0.000958 1.002329 0.000966 
7778.060185 1.0428 161.6 -0.071 -0.130 19.04 37995.6 MSCL1_1701240587 1.004233 0.000937 1.003056 0.000943 1.002521 0.000950 1.002174 0.000957 1.002038 0.000965 
7778.060463 1.0424 158.5 -0.613 0.564 20.52 38257.0 MSCL1_1701240588 1.004919 0.000939 1.003442 0.000945 1.002662 0.000951 1.002328 0.000959 1.001971 0.000967 
7778.060741 1.0420 159.9 0.343 -0.158 19.44 41592.5 MSCL1_1701240589 1.004038 0.000937 1.002546 0.000943 1.001806 0.000949 1.001495 0.000957 1.001226 0.000965 
7778.061030 1.0417 158.7 0.156 -0.246 19.33 35148.7 MSCL1_1701240590 1.004372 0.000937 1.003180 0.000943 1.002577 0.000950 1.002362 0.000958 1.002365 0.000966 
7778.061308 1.0413 158.6 -0.489 -0.419 20.82 32172.7 MSCL1_1701240591 1.002974 0.000936 1.001994 0.000942 1.001644 0.000949 1.001381 0.000957 1.001256 0.000965 
7778.061597 1.0409 159.1 -0.002 -1.088 19.41 34376.4 MSCL1_1701240592 1.004668 0.000938 1.003443 0.000944 1.002805 0.000950 1.002388 0.000958 1.002411 0.000966 
7778.061886 1.0406 158.4 -0.140 0.330 19.99 26822.1 MSCL1_1701240593 1.003221 0.000935 1.002330 0.000941 1.001862 0.000948 1.001716 0.000955 1.001894 0.000964 
7778.062164 1.0402 160.8 -1.123 1.047 19.40 30997.9 MSCL1_1701240594 1.005659 0.000938 1.004798 0.000944 1.004498 0.000951 1.004334 0.000959 1.004272 0.000967 
7778.062454 1.0399 162.0 -0.514 -1.065 21.22 31416.9 MSCL1_1701240595 1.003861 0.000937 1.002751 0.000943 1.002346 0.000950 1.002107 0.000958 1.002070 0.000966 
7778.062731 1.0395 166.5 0.421 -2.112 20.23 31648.6 MSCL1_1701240596 1.005183 0.000938 1.004017 0.000944 1.003456 0.000951 1.003179 0.000958 1.003187 0.000967 
7778.063021 1.0392 162.8 0.215 0.229 19.73 33424.7 MSCL1_1701240597 1.003710 0.000935 1.002651 0.000941 1.002141 0.000948 1.002003 0.000956 1.002000 0.000965 
7778.063310 1.0388 159.1 -0.077 0.171 19.00 35747.9 MSCL1_1701240598 1.004469 0.000935 1.003293 0.000941 1.002767 0.000947 1.002603 0.000955 1.002340 0.000963 
7778.063588 1.0385 155.4 -0.121 0.107 20.69 36983.2 MSCL1_1701240599 1.003836 0.000933 1.002529 0.000939 1.002109 0.000946 1.001767 0.000953 1.001563 0.000961 
7778.063866 1.0382 158.4 0.108 0.002 19.31 36735.1 MSCL1_1701240600 1.005208 0.000936 1.004052 0.000942 1.003708 0.000949 1.003427 0.000956 1.003311 0.000965 
7778.064132 1.0378 157.5 0.559 -0.567 20.26 30720.4 MSCL1_1701240601 1.003655 0.000935 1.002768 0.000941 1.002307 0.000948 1.002247 0.000955 1.002221 0.000964 
7778.064410 1.0375 157.6 -0.607 -0.266 20.64 36135.8 MSCL1_1701240602 1.004965 0.000935 1.003915 0.000941 1.003525 0.000948 1.003367 0.000956 1.003326 0.000964 
7778.064687 1.0372 157.1 -0.649 -0.056 20.55 30245.4 MSCL1_1701240603 1.003855 0.000934 1.002665 0.000940 1.002152 0.000947 1.001937 0.000955 1.002043 0.000963 
7778.064977 1.0368 157.6 0.421 -0.539 19.36 39554.5 MSCL1_1701240604 1.003599 0.000934 1.002153 0.000939 1.001769 0.000946 1.001398 0.000954 1.001102 0.000962 
7778.065255 1.0365 157.1 -0.025 -0.564 19.35 38866.6 MSCL1_1701240605 1.004558 0.000934 1.003302 0.000940 1.002706 0.000947 1.002366 0.000954 1.002349 0.000962 
7778.065544 1.0362 155.6 0.498 -0.410 18.38 41701.9 MSCL1_1701240606 1.004123 0.000933 1.002752 0.000939 1.002036 0.000946 1.001655 0.000953 1.001214 0.000961 
7778.065822 1.0359 154.6 -0.114 0.668 17.48 46014.1 MSCL1_1701240607 1.005008 0.000934 1.003423 0.000939 1.002822 0.000946 1.002569 0.000954 1.002464 0.000962 
7778.066111 1.0356 156.9 -0.673 0.085 18.80 39243.9 MSCL1_1701240608 1.004445 0.000933 1.003082 0.000938 1.002427 0.000945 1.002068 0.000953 1.001867 0.000961 
