# BJD(TDB)-2450000 airmass sky(ADU) dx(pix) dy(pix) fwhm(pix) peak(ADU) frame flux(r=28.0) err(r=28.0) flux(r=30.0) err(r=30.0) flux(r=32.0) err(r=32.0) flux(r=34.0) err(r=34.0) flux(r=36.0) err(r=36.0) 
7777.909495 2.0022 418.2 1.593 1.054 20.01 21855.3 MSCL2_1701240051 1.002269 0.001604 1.001938 0.001621 1.001982 0.001640 1.001831 0.001660 1.001706 0.001681 
7777.910120 1.9912 409.0 1.257 0.148 18.78 23590.5 MSCL2_1701240052 1.001695 0.001593 1.001461 0.001610 1.001707 0.001629 1.001671 0.001649 1.001343 0.001670 
7777.910756 1.9802 404.6 0.634 1.202 19.50 22171.3 MSCL2_1701240053 1.001219 0.001578 1.001054 0.001595 1.001059 0.001613 1.001232 0.001633 1.001271 0.001653 
7777.911381 1.9694 406.8 2.002 0.604 19.71 21555.5 MSCL2_1701240054 1.003073 0.001571 1.002789 0.001588 1.002745 0.001606 1.002798 0.001625 1.002918 0.001646 
7777.912006 1.9588 404.1 1.591 0.304 21.80 17479.3 MSCL2_1701240055 0.998427 0.001557 0.999251 0.001576 0.999967 0.001596 1.000272 0.001616 1.000269 0.001636 
7777.912642 1.9482 405.3 0.894 1.452 20.59 19397.9 MSCL2_1701240056 0.996065 0.001545 0.996592 0.001563 0.997435 0.001583 0.997601 0.001603 0.997751 0.001624 
7777.913278 1.9376 402.6 1.628 1.511 19.82 21910.9 MSCL2_1701240057 0.999403 0.001540 0.999689 0.001558 1.000460 0.001578 1.000468 0.001598 1.000684 0.001620 
7777.913903 1.9274 398.8 1.595 0.454 19.58 22073.6 MSCL2_1701240058 1.001875 0.001534 1.001755 0.001552 1.001985 0.001571 1.001722 0.001591 1.001664 0.001612 
7777.914540 1.9172 396.5 -0.176 0.060 21.00 20814.0 MSCL2_1701240059 1.002598 0.001528 1.002464 0.001546 1.002842 0.001566 1.002969 0.001586 1.002411 0.001606 
7777.915165 1.9072 392.6 2.337 1.645 20.55 20942.2 MSCL2_1701240060 1.002649 0.001516 1.002766 0.001534 1.002652 0.001552 1.002942 0.001573 1.002717 0.001593 
7777.915790 1.8974 391.6 0.734 1.250 19.84 22901.0 MSCL2_1701240061 1.000261 0.001506 1.000321 0.001524 1.000530 0.001543 1.000649 0.001563 1.000539 0.001584 
7777.916427 1.8875 392.8 1.113 0.150 19.60 25046.0 MSCL2_1701240062 0.999841 0.001494 0.999283 0.001511 0.999383 0.001530 0.999163 0.001550 0.998778 0.001570 
7777.917052 1.8779 413.6 1.281 0.362 20.24 21373.9 MSCL2_1701240063 1.006318 0.001517 1.006447 0.001537 1.006956 0.001559 1.007025 0.001581 1.007041 0.001604 
7777.917665 1.8685 382.4 0.562 2.234 19.21 25254.7 MSCL2_1701240064 0.999884 0.001478 1.000000 0.001496 0.999951 0.001515 1.000000 0.001535 0.999805 0.001556 
7777.918302 1.8590 380.9 1.601 -0.058 21.34 18616.9 MSCL2_1701240065 1.000000 0.001472 1.000386 0.001490 1.000931 0.001510 1.001060 0.001530 1.000951 0.001551 
7777.918938 1.8495 378.5 0.425 1.086 19.32 22326.9 MSCL2_1701240066 1.000097 0.001464 1.000055 0.001482 1.000374 0.001501 1.000294 0.001521 1.000068 0.001542 
7777.919563 1.8404 453.2 2.317 -0.341 20.73 17907.7 MSCL2_1701240067 0.998911 0.001512 1.000357 0.001537 1.001185 0.001562 1.001843 0.001588 1.001920 0.001615 
7777.920200 1.8311 553.9 -0.091 1.461 19.45 17869.3 MSCL2_1701240068 1.013490 0.001649 1.013993 0.001682 1.014641 0.001718 1.014363 0.001753 1.014656 0.001792 
7777.920836 1.8220 375.4 1.042 0.895 19.78 20286.7 MSCL2_1701240069 0.996634 0.001434 0.997699 0.001452 0.998610 0.001472 0.998964 0.001492 0.999048 0.001512 
7777.921461 1.8132 377.5 1.602 1.145 20.45 21121.2 MSCL2_1701240070 1.001647 0.001435 1.001921 0.001454 1.002419 0.001473 1.002846 0.001494 1.003163 0.001516 
7777.922086 1.8044 369.0 0.237 1.091 18.89 23461.2 MSCL2_1701240071 0.997587 0.001422 0.997672 0.001440 0.997891 0.001458 0.997838 0.001478 0.997875 0.001499 
7777.922700 1.7959 371.0 1.325 0.514 20.28 21153.7 MSCL2_1701240072 0.999674 0.001420 1.000441 0.001439 1.001323 0.001459 1.001485 0.001479 1.001100 0.001500 
7777.923336 1.7872 367.0 1.248 1.324 20.02 21677.2 MSCL2_1701240073 1.002247 0.001415 1.002093 0.001433 1.001885 0.001451 1.001920 0.001472 1.002074 0.001493 
7777.923950 1.7790 366.6 1.134 0.717 20.55 22030.1 MSCL2_1701240074 1.001893 0.001406 1.001537 0.001423 1.001445 0.001441 1.001057 0.001461 1.000735 0.001481 
7777.924575 1.7706 365.9 0.622 0.509 17.96 24541.2 MSCL2_1701240075 1.000547 0.001401 1.000430 0.001419 1.000379 0.001438 1.000336 0.001458 1.000305 0.001479 
7777.925200 1.7623 364.6 1.033 0.723 19.88 22295.9 MSCL2_1701240076 1.000288 0.001395 1.000362 0.001413 1.000766 0.001433 1.001073 0.001454 1.001069 0.001475 
7777.925825 1.7542 366.0 0.890 0.527 20.33 21592.4 MSCL2_1701240077 0.999774 0.001387 0.999718 0.001405 0.999798 0.001424 0.999726 0.001444 0.999441 0.001465 
7777.926450 1.7461 360.1 1.072 0.973 21.42 18447.2 MSCL2_1701240078 0.999452 0.001381 1.000293 0.001400 1.001227 0.001420 1.001650 0.001441 1.001564 0.001462 
7777.927086 1.7380 362.6 0.915 -0.027 19.37 22540.7 MSCL2_1701240079 0.999719 0.001376 0.999817 0.001394 1.000002 0.001413 1.000262 0.001434 1.000175 0.001455 
7777.927711 1.7301 361.1 0.876 1.091 20.79 21005.1 MSCL2_1701240080 1.001034 0.001373 1.001351 0.001391 1.001973 0.001412 1.002258 0.001433 1.002205 0.001455 
7777.928348 1.7221 357.8 0.735 1.554 19.34 22512.8 MSCL2_1701240081 0.998860 0.001361 0.998563 0.001379 0.998350 0.001398 0.998465 0.001418 0.998290 0.001439 
7777.928973 1.7144 357.5 1.318 -0.858 19.82 23285.1 MSCL2_1701240082 1.001715 0.001360 1.002276 0.001379 1.002691 0.001399 1.002656 0.001419 1.002527 0.001441 
7777.929609 1.7066 356.6 0.407 2.719 20.46 20582.3 MSCL2_1701240083 0.997918 0.001350 0.997925 0.001368 0.998276 0.001388 0.998619 0.001409 0.998126 0.001430 
7777.930223 1.6992 354.6 1.010 -0.848 19.10 24393.9 MSCL2_1701240084 1.002192 0.001348 1.002461 0.001366 1.002869 0.001386 1.002669 0.001406 1.002555 0.001427 
7777.930859 1.6916 355.2 0.769 1.149 19.48 21757.5 MSCL2_1701240085 1.000931 0.001342 1.000590 0.001360 1.000869 0.001380 1.000800 0.001401 1.000553 0.001422 
7777.931484 1.6842 354.9 0.962 1.285 20.52 20102.7 MSCL2_1701240086 1.004529 0.001345 1.004793 0.001364 1.005158 0.001385 1.005600 0.001407 1.005557 0.001429 
7777.932121 1.6767 352.4 0.547 -0.209 19.95 21125.2 MSCL2_1701240087 0.999751 0.001333 0.999993 0.001351 1.000485 0.001372 1.000441 0.001393 1.000117 0.001414 
7777.932734 1.6696 347.8 1.286 1.313 21.04 20685.7 MSCL2_1701240088 1.001484 0.001329 1.001426 0.001348 1.001826 0.001368 1.001773 0.001389 1.001186 0.001410 
7777.933359 1.6625 350.4 -0.273 -0.499 19.39 22654.6 MSCL2_1701240089 1.001569 0.001322 1.001273 0.001340 1.001761 0.001360 1.001669 0.001380 1.001940 0.001403 
7777.933984 1.6554 349.4 2.510 1.289 19.05 23327.5 MSCL2_1701240090 1.001847 0.001318 1.001464 0.001335 1.001339 0.001355 1.001231 0.001375 1.000906 0.001396 
7777.934598 1.6485 350.2 -0.098 0.219 19.50 22858.4 MSCL2_1701240091 1.003191 0.001319 1.002712 0.001337 1.002756 0.001358 1.002781 0.001379 1.002386 0.001401 
7777.935234 1.6415 346.6 0.939 0.133 21.03 20836.9 MSCL2_1701240092 1.000317 0.001310 0.999779 0.001328 0.999771 0.001348 0.999567 0.001368 0.999366 0.001390 
7777.935859 1.6346 343.2 1.464 0.663 19.94 24002.3 MSCL2_1701240093 1.002582 0.001306 1.002306 0.001324 1.002608 0.001345 1.002789 0.001366 1.002510 0.001388 
7777.936473 1.6280 339.7 0.636 0.645 18.70 29124.7 MSCL2_1701240094 1.002845 0.001302 1.002355 0.001320 1.002371 0.001341 1.002067 0.001361 1.001751 0.001383 
7777.937098 1.6213 332.4 0.717 0.720 19.11 27634.8 MSCL2_1701240095 1.000836 0.001289 1.000218 0.001307 1.000000 0.001326 0.999959 0.001347 0.999532 0.001368 
7777.937723 1.6146 329.9 0.818 1.148 20.46 24176.2 MSCL2_1701240096 1.000533 0.001287 1.000036 0.001305 0.999825 0.001324 0.999387 0.001344 0.998929 0.001365 
7777.938348 1.6080 332.9 0.646 -0.666 20.91 24913.2 MSCL2_1701240097 0.999726 0.001283 0.998871 0.001301 0.999181 0.001321 0.999608 0.001343 0.999448 0.001365 
7777.938973 1.6015 328.9 -0.221 1.258 19.18 25564.2 MSCL2_1701240098 1.002201 0.001284 1.002009 0.001303 1.002341 0.001323 1.002400 0.001345 1.002267 0.001367 
7777.939609 1.5950 324.9 0.942 -0.190 19.76 24122.9 MSCL2_1701240099 0.998805 0.001268 0.998361 0.001286 0.998194 0.001305 0.997936 0.001325 0.997573 0.001345 
7777.940223 1.5887 317.7 0.179 0.974 18.93 25176.5 MSCL2_1701240100 0.997257 0.001263 0.996724 0.001280 0.997005 0.001300 0.997067 0.001321 0.996719 0.001342 
7777.940859 1.5823 314.9 0.521 0.188 19.67 24690.0 MSCL2_1701240101 0.997711 0.001260 0.997305 0.001278 0.997318 0.001297 0.997029 0.001317 0.996902 0.001339 
7777.941484 1.5761 314.0 0.049 0.396 20.48 23568.3 MSCL2_1701240102 1.001177 0.001262 1.000872 0.001280 1.000784 0.001299 1.000399 0.001320 1.000002 0.001341 
7777.942109 1.5699 309.2 1.007 1.155 20.96 21974.8 MSCL2_1701240103 0.997564 0.001252 0.997000 0.001270 0.997255 0.001290 0.997196 0.001310 0.996828 0.001331 
7777.942734 1.5638 308.9 0.128 -0.534 18.36 28034.5 MSCL2_1701240104 0.997930 0.001248 0.997506 0.001266 0.997326 0.001286 0.996997 0.001306 0.996635 0.001327 
7777.943371 1.5576 304.4 0.307 1.360 21.27 21673.5 MSCL2_1701240105 0.998269 0.001249 0.997864 0.001267 0.997940 0.001287 0.997571 0.001307 0.997418 0.001329 
7777.943996 1.5517 302.3 0.259 -0.308 19.95 24299.7 MSCL2_1701240106 0.997605 0.001241 0.996795 0.001258 0.996891 0.001278 0.996757 0.001299 0.996232 0.001320 
7777.944633 1.5456 303.0 0.977 0.679 19.43 27068.2 MSCL2_1701240107 0.996516 0.001234 0.996079 0.001252 0.996250 0.001271 0.996443 0.001292 0.996405 0.001314 
7777.945258 1.5398 299.9 0.076 0.970 19.87 24937.7 MSCL2_1701240108 0.993737 0.001228 0.993363 0.001246 0.993396 0.001266 0.993697 0.001287 0.993638 0.001308 
7777.945871 1.5341 297.6 0.961 -0.603 19.84 24525.2 MSCL2_1701240109 0.994230 0.001224 0.994008 0.001242 0.993898 0.001261 0.993645 0.001281 0.993420 0.001303 
7777.946496 1.5283 294.3 0.627 1.644 20.80 25878.0 MSCL2_1701240110 0.993280 0.001217 0.992644 0.001234 0.992477 0.001253 0.992162 0.001272 0.992139 0.001294 
7777.947121 1.5226 292.9 0.075 0.274 20.37 25199.0 MSCL2_1701240111 0.992057 0.001213 0.991452 0.001231 0.991505 0.001250 0.991070 0.001270 0.990362 0.001291 
7777.947746 1.5170 292.2 0.783 -0.261 19.79 26627.3 MSCL2_1701240112 0.992394 0.001210 0.991695 0.001227 0.991380 0.001246 0.990993 0.001266 0.991035 0.001287 
7777.948371 1.5114 287.9 0.421 0.797 19.60 30015.2 MSCL2_1701240113 0.994299 0.001207 0.993099 0.001224 0.992811 0.001243 0.992529 0.001262 0.992455 0.001284 
7777.948996 1.5059 285.8 -0.626 0.493 19.46 28416.3 MSCL2_1701240114 0.988872 0.001199 0.987908 0.001216 0.987866 0.001235 0.987398 0.001255 0.987014 0.001276 
7777.949621 1.5005 285.2 0.744 -0.250 18.72 29424.7 MSCL2_1701240115 0.989757 0.001197 0.989086 0.001215 0.988986 0.001234 0.988691 0.001254 0.988165 0.001275 
7777.950258 1.4950 283.2 0.394 1.001 18.25 31877.5 MSCL2_1701240116 0.990353 0.001194 0.989193 0.001211 0.988530 0.001229 0.988384 0.001250 0.988189 0.001271 
7777.950883 1.4896 279.7 0.354 0.037 19.13 29555.2 MSCL2_1701240117 0.989738 0.001188 0.988742 0.001205 0.988336 0.001223 0.988324 0.001244 0.988312 0.001265 
7777.951508 1.4843 283.7 1.145 0.594 19.13 31255.7 MSCL2_1701240118 0.984071 0.001185 0.983096 0.001202 0.982634 0.001221 0.982300 0.001241 0.982000 0.001263 
7777.952144 1.4790 338.2 -0.229 0.850 19.05 27649.2 MSCL2_1701240119 0.986653 0.001299 0.985312 0.001324 0.984954 0.001351 0.984893 0.001381 0.984799 0.001411 
7777.952769 1.4738 616.0 0.695 0.286 19.41 11190.8 MSCL2_1701240120 0.990883 0.002376 0.989740 0.002478 0.989899 0.002588 0.989697 0.002699 0.989063 0.002809 
7777.953393 1.4686 375.2 0.921 1.207 19.67 23268.2 MSCL2_1701240121 0.991940 0.001376 0.990980 0.001407 0.990631 0.001441 0.990805 0.001477 0.990334 0.001512 
7777.954030 1.4635 336.6 0.492 0.692 18.69 28164.4 MSCL2_1701240122 0.980799 0.001270 0.979632 0.001294 0.979813 0.001322 0.979600 0.001350 0.979440 0.001379 
7777.954655 1.4584 686.3 -0.231 -0.560 19.96 9083.5 MSCL2_1701240123 0.950030 0.002818 0.948769 0.002955 0.948597 0.003098 0.948819 0.003248 0.951063 0.003412 
7777.955280 1.4534 391.0 0.293 1.071 19.48 20904.8 MSCL2_1701240124 0.982697 0.001421 0.981404 0.001455 0.980720 0.001492 0.980171 0.001531 0.979557 0.001571 
7777.955916 1.4484 576.6 0.167 -0.330 20.00 9955.2 MSCL2_1701240125 0.975965 0.002628 0.975374 0.002751 0.975962 0.002883 0.976264 0.003016 0.975436 0.003145 
7777.956541 1.4435 410.9 1.106 0.860 18.80 21029.2 MSCL2_1701240126 0.979672 0.001531 0.978630 0.001575 0.977945 0.001620 0.977360 0.001668 0.976620 0.001716 
7777.957178 1.4386 266.6 -0.343 -0.013 18.66 31560.4 MSCL2_1701240127 0.994240 0.001172 0.993230 0.001189 0.992883 0.001209 0.992788 0.001229 0.992375 0.001251 
7777.957803 1.4338 254.3 0.171 0.542 19.52 29660.2 MSCL2_1701240128 0.989347 0.001155 0.988576 0.001173 0.988433 0.001192 0.988293 0.001212 0.987972 0.001233 
7777.958439 1.4289 254.4 0.323 0.051 19.16 27478.5 MSCL2_1701240129 0.991224 0.001155 0.990280 0.001171 0.989958 0.001190 0.989841 0.001210 0.989415 0.001230 
7777.959064 1.4242 309.8 0.414 0.290 19.29 24331.0 MSCL2_1701240130 0.983529 0.001265 0.982318 0.001289 0.982264 0.001317 0.982169 0.001345 0.981755 0.001375 
7777.959689 1.4196 244.2 0.326 0.856 19.78 29941.1 MSCL2_1701240131 0.990687 0.001143 0.989664 0.001159 0.989654 0.001178 0.989399 0.001198 0.989054 0.001218 
7777.960314 1.4149 246.8 0.542 -0.452 19.62 30386.6 MSCL2_1701240132 0.985649 0.001140 0.984964 0.001157 0.985021 0.001176 0.984578 0.001196 0.984076 0.001216 
7777.960939 1.4104 250.3 -0.521 0.921 19.38 26428.0 MSCL2_1701240133 0.984212 0.001146 0.983409 0.001163 0.983325 0.001183 0.982942 0.001203 0.982864 0.001224 
7777.961564 1.4059 241.0 1.217 -0.305 19.82 28060.8 MSCL2_1701240134 0.986473 0.001132 0.985728 0.001149 0.985478 0.001168 0.985217 0.001187 0.984899 0.001207 
7777.962189 1.4014 237.5 -0.460 0.553 19.66 30240.0 MSCL2_1701240135 0.987894 0.001132 0.986800 0.001149 0.986591 0.001168 0.986032 0.001187 0.985928 0.001208 
7777.962803 1.3970 239.4 0.601 0.957 17.86 38222.9 MSCL2_1701240136 0.987411 0.001127 0.985863 0.001143 0.985124 0.001161 0.984571 0.001180 0.983968 0.001200 
7777.963428 1.3926 242.4 0.364 -0.612 18.62 34675.1 MSCL2_1701240137 0.987194 0.001127 0.985881 0.001143 0.985418 0.001162 0.984905 0.001181 0.984237 0.001201 
7777.964053 1.3883 241.0 -0.019 0.735 19.91 28398.4 MSCL2_1701240138 0.988116 0.001125 0.987373 0.001142 0.987284 0.001160 0.987085 0.001180 0.986619 0.001200 
7777.964689 1.3839 237.5 0.198 0.700 18.77 32427.0 MSCL2_1701240139 0.985612 0.001118 0.984303 0.001134 0.984351 0.001153 0.984261 0.001173 0.983928 0.001194 
7777.965314 1.3796 236.5 0.402 -0.496 18.98 30085.1 MSCL2_1701240140 0.987007 0.001121 0.986088 0.001138 0.985887 0.001157 0.985571 0.001176 0.985302 0.001197 
7777.965939 1.3754 236.2 0.414 0.994 19.05 28390.4 MSCL2_1701240141 0.985988 0.001120 0.985133 0.001137 0.984645 0.001156 0.984403 0.001175 0.983968 0.001196 
7777.966553 1.3713 235.1 0.027 -0.740 19.26 26591.5 MSCL2_1701240142 0.985163 0.001117 0.984671 0.001134 0.984643 0.001153 0.984646 0.001173 0.984658 0.001194 
7777.967178 1.3671 233.9 0.322 1.471 18.69 31297.7 MSCL2_1701240143 0.988570 0.001119 0.987360 0.001136 0.987385 0.001155 0.986984 0.001175 0.986576 0.001196 
7777.967803 1.3630 250.3 0.338 -0.866 19.01 31365.3 MSCL2_1701240144 0.988726 0.001155 0.987523 0.001174 0.987037 0.001195 0.986502 0.001218 0.986002 0.001241 
7777.968428 1.3589 229.8 -0.698 1.257 18.64 34834.8 MSCL2_1701240145 0.985827 0.001106 0.984389 0.001122 0.984019 0.001140 0.983462 0.001159 0.983255 0.001180 
7777.969053 1.3549 229.3 0.107 -0.404 18.71 33072.8 MSCL2_1701240146 0.987911 0.001111 0.986752 0.001128 0.986422 0.001147 0.985760 0.001166 0.985620 0.001187 
7777.969678 1.3509 231.9 0.646 -0.087 18.17 35285.9 MSCL2_1701240147 0.988508 0.001112 0.987082 0.001129 0.986412 0.001147 0.985629 0.001166 0.985273 0.001187 
7777.970303 1.3469 225.1 0.021 0.498 19.08 34913.9 MSCL2_1701240148 0.988412 0.001106 0.987090 0.001122 0.986442 0.001141 0.986279 0.001161 0.985823 0.001181 
7777.970928 1.3430 224.1 0.391 0.460 18.36 34252.1 MSCL2_1701240149 0.989094 0.001106 0.988067 0.001123 0.988112 0.001142 0.987979 0.001162 0.987605 0.001183 
7777.971553 1.3391 223.8 -0.077 0.102 18.31 34062.9 MSCL2_1701240150 0.988659 0.001104 0.987344 0.001121 0.986782 0.001140 0.986585 0.001160 0.986232 0.001180 
7777.972178 1.3353 225.9 0.231 0.413 18.79 30219.8 MSCL2_1701240151 0.986030 0.001109 0.985096 0.001126 0.984764 0.001145 0.984619 0.001165 0.984005 0.001186 
7777.972814 1.3314 240.8 0.354 -0.299 18.50 29294.5 MSCL2_1701240152 0.984903 0.001149 0.983745 0.001169 0.983172 0.001191 0.982871 0.001214 0.982393 0.001238 
7777.973451 1.3275 246.2 -0.556 0.446 19.18 25602.2 MSCL2_1701240153 0.983423 0.001163 0.982603 0.001184 0.982271 0.001207 0.981785 0.001231 0.981372 0.001256 
7777.974076 1.3238 215.7 0.213 -0.106 19.75 25199.7 MSCL2_1701240154 0.983744 0.001090 0.983744 0.001108 0.984040 0.001127 0.984206 0.001146 0.983886 0.001166 
7777.974701 1.3201 223.5 0.000 0.545 18.88 25783.3 MSCL2_1701240155 0.983727 0.001111 0.983696 0.001130 0.983795 0.001150 0.983491 0.001171 0.983642 0.001193 
7777.975326 1.3164 334.2 -0.433 -0.396 18.62 20370.2 MSCL2_1701240156 0.981810 0.001396 0.981042 0.001434 0.980743 0.001474 0.980350 0.001515 0.980079 0.001558 
7777.975939 1.3129 236.2 0.686 0.830 18.73 29704.9 MSCL2_1701240157 0.983792 0.001128 0.982876 0.001147 0.982559 0.001168 0.982363 0.001191 0.981884 0.001214 
7777.976564 1.3093 727.0 79.501 -52.094 19.12 2410.0 MSCL2_1701240158 0.967567 0.013195 0.963796 0.013974 0.963947 0.014835 0.969697 0.015889 0.970059 0.016764 
7777.977201 1.3056 703.0 -201.534 -175.554 23.78 1479.6 MSCL2_1701240159 0.340195 0.004315 0.339495 0.004587 0.339175 0.004868 0.338901 0.005133 0.338645 0.005390 
7777.977826 1.3021 579.6 -2.147 -1.121 19.52 3304.2 MSCL2_1701240160 0.994708 0.007431 0.996675 0.007922 0.998706 0.008415 0.999884 0.008915 1.000623 0.009418 
7777.978439 1.2987 466.6 -3.131 -1.241 19.29 7166.2 MSCL2_1701240161 0.995531 0.003583 0.995911 0.003781 0.994902 0.003970 0.994823 0.004169 0.994479 0.004365 
7777.979076 1.2951 264.9 -3.606 -0.414 19.82 23432.3 MSCL2_1701240162 0.989809 0.001237 0.988849 0.001263 0.988252 0.001291 0.988214 0.001322 0.987759 0.001353 
7777.979713 1.2916 199.2 0.576 0.189 19.70 31808.3 MSCL2_1701240163 0.987716 0.001071 0.986633 0.001087 0.986436 0.001105 0.985816 0.001123 0.985504 0.001143 
7777.980338 1.2882 199.5 -0.448 0.102 18.77 36368.0 MSCL2_1701240164 0.987798 0.001069 0.986501 0.001085 0.986122 0.001103 0.985738 0.001122 0.985479 0.001142 
7777.980974 1.2848 199.1 0.616 -0.335 18.34 33646.9 MSCL2_1701240165 0.987112 0.001067 0.985690 0.001083 0.985287 0.001101 0.984766 0.001120 0.984336 0.001139 
7777.981588 1.2815 198.0 -0.418 0.590 18.37 36187.3 MSCL2_1701240166 0.987125 0.001064 0.986002 0.001080 0.985549 0.001097 0.985231 0.001116 0.985013 0.001136 
7777.982213 1.2782 196.3 -0.023 -0.295 18.77 34460.3 MSCL2_1701240167 0.987478 0.001066 0.986455 0.001083 0.986070 0.001101 0.985652 0.001120 0.985251 0.001140 
7777.982838 1.2749 194.3 0.446 0.306 18.53 37318.7 MSCL2_1701240168 0.987212 0.001062 0.985803 0.001078 0.985618 0.001096 0.985268 0.001115 0.985017 0.001135 
7777.983474 1.2716 193.8 -0.003 0.313 18.11 40607.6 MSCL2_1701240169 0.989397 0.001065 0.988025 0.001081 0.987388 0.001099 0.986546 0.001117 0.985824 0.001137 
7777.984099 1.2684 191.8 -0.429 -0.367 18.27 39645.9 MSCL2_1701240170 0.988284 0.001062 0.986711 0.001078 0.986171 0.001096 0.985607 0.001115 0.985366 0.001135 
7777.984736 1.2652 191.6 0.706 0.624 17.98 38581.1 MSCL2_1701240171 0.989271 0.001062 0.987888 0.001078 0.987338 0.001096 0.986886 0.001115 0.986400 0.001135 
7777.985361 1.2620 189.1 0.303 -0.789 18.17 43655.0 MSCL2_1701240172 0.987678 0.001061 0.986384 0.001077 0.985892 0.001096 0.985276 0.001115 0.984887 0.001135 
7777.985997 1.2588 188.3 -0.681 0.748 18.69 36416.8 MSCL2_1701240173 0.987962 0.001057 0.986560 0.001073 0.985976 0.001090 0.985616 0.001109 0.984920 0.001129 
7777.986622 1.2557 187.8 0.152 0.238 18.54 36002.7 MSCL2_1701240174 0.987557 0.001058 0.985998 0.001073 0.985271 0.001091 0.984802 0.001110 0.984191 0.001129 
7777.987247 1.2527 190.6 0.109 -0.769 18.14 36565.3 MSCL2_1701240175 0.988522 0.001064 0.987470 0.001081 0.987103 0.001099 0.986790 0.001119 0.986348 0.001139 
7777.987884 1.2496 199.1 -0.217 0.398 19.03 34621.0 MSCL2_1701240176 0.988827 0.001059 0.987337 0.001076 0.986888 0.001094 0.986402 0.001114 0.985913 0.001134 
7777.988509 1.2465 197.9 0.121 -0.089 18.19 38323.5 MSCL2_1701240177 0.989070 0.001053 0.987691 0.001069 0.987349 0.001087 0.987053 0.001107 0.986793 0.001127 
7777.989145 1.2435 184.3 0.214 -0.072 18.39 37841.0 MSCL2_1701240178 0.987284 0.001044 0.986023 0.001060 0.985625 0.001078 0.985013 0.001096 0.984614 0.001115 
7777.989782 1.2405 181.9 -0.549 0.471 18.41 33679.5 MSCL2_1701240179 0.989040 0.001050 0.988079 0.001067 0.987972 0.001085 0.987657 0.001104 0.986950 0.001124 
7777.990407 1.2376 180.0 0.077 -0.724 17.04 43461.1 MSCL2_1701240180 0.990419 0.001042 0.989080 0.001058 0.988671 0.001075 0.988138 0.001094 0.987436 0.001112 
7777.991032 1.2347 179.3 0.088 0.317 17.98 37607.3 MSCL2_1701240181 0.988241 0.001039 0.986736 0.001055 0.986228 0.001072 0.985479 0.001090 0.984817 0.001109 
7777.991657 1.2318 180.2 0.032 -0.158 18.18 38114.7 MSCL2_1701240182 0.989261 0.001038 0.987842 0.001054 0.987104 0.001071 0.986609 0.001089 0.985972 0.001109 
7777.992294 1.2289 180.8 -0.322 0.025 18.43 40835.3 MSCL2_1701240183 0.988156 0.001033 0.986593 0.001049 0.986044 0.001066 0.985046 0.001083 0.984330 0.001102 
7777.992919 1.2261 181.0 0.368 0.402 18.09 45473.4 MSCL2_1701240184 0.987973 0.001033 0.986546 0.001049 0.985888 0.001066 0.985359 0.001084 0.984749 0.001103 
7777.993554 1.2232 209.1 0.041 -0.385 17.46 40497.2 MSCL2_1701240185 0.991254 0.001129 0.989607 0.001150 0.988689 0.001173 0.987885 0.001197 0.987451 0.001222 
7777.994168 1.2205 178.9 -0.254 0.445 17.77 43797.6 MSCL2_1701240186 0.988673 0.001033 0.987271 0.001048 0.986662 0.001066 0.986230 0.001084 0.985640 0.001103 
7777.994804 1.2177 175.3 0.037 -0.089 19.07 38535.1 MSCL2_1701240187 0.989341 0.001029 0.987863 0.001044 0.987257 0.001061 0.986826 0.001079 0.986371 0.001098 
7777.995429 1.2150 178.5 -0.104 -0.511 17.43 46654.9 MSCL2_1701240188 0.991109 0.001034 0.989829 0.001050 0.989195 0.001067 0.988784 0.001086 0.988070 0.001105 
7777.996043 1.2124 184.3 0.124 0.430 17.65 45446.0 MSCL2_1701240189 0.989770 0.001029 0.988305 0.001045 0.987675 0.001062 0.986894 0.001080 0.986138 0.001099 
7777.996668 1.2097 175.6 -0.278 -0.244 17.59 48758.7 MSCL2_1701240190 0.990726 0.001028 0.988778 0.001043 0.988010 0.001060 0.987226 0.001078 0.986619 0.001097 
7777.997281 1.2071 172.6 0.363 0.110 17.33 50429.6 MSCL2_1701240191 0.989320 0.001026 0.987771 0.001041 0.987301 0.001059 0.986557 0.001077 0.986003 0.001096 
7777.997906 1.2045 172.2 -0.516 0.063 21.69 31990.2 MSCL2_1701240192 0.988018 0.001021 0.986817 0.001036 0.986278 0.001053 0.985998 0.001072 0.985528 0.001091 
7777.998531 1.2019 172.2 0.309 -0.545 22.37 27349.0 MSCL2_1701240193 0.990300 0.001024 0.989168 0.001040 0.988862 0.001057 0.988239 0.001075 0.987430 0.001094 
7777.999156 1.1994 173.0 -0.553 0.257 21.08 30665.5 MSCL2_1701240194 0.990411 0.001021 0.989354 0.001037 0.989040 0.001054 0.988179 0.001071 0.987582 0.001090 
7777.999781 1.1968 173.1 -0.192 -0.042 22.60 27605.5 MSCL2_1701240195 0.991499 0.001023 0.990142 0.001039 0.989918 0.001057 0.989393 0.001075 0.988928 0.001094 
7778.000406 1.1943 170.5 0.167 -0.216 22.22 29337.4 MSCL2_1701240196 0.991929 0.001023 0.991055 0.001040 0.990842 0.001057 0.990629 0.001076 0.990203 0.001096 
7778.001043 1.1918 169.0 -0.476 0.353 21.87 28212.0 MSCL2_1701240197 0.994505 0.001026 0.993638 0.001042 0.993638 0.001061 0.993363 0.001079 0.993017 0.001099 
7778.001679 1.1893 168.1 -0.278 -0.000 21.92 29062.2 MSCL2_1701240198 0.992855 0.001024 0.991884 0.001040 0.991813 0.001058 0.991579 0.001077 0.991473 0.001096 
7778.002304 1.1868 169.7 -0.014 0.003 22.48 27577.4 MSCL2_1701240199 0.994219 0.001024 0.993282 0.001040 0.993311 0.001058 0.993055 0.001077 0.992730 0.001097 
7778.002929 1.1844 168.6 -0.128 -0.393 21.57 29940.5 MSCL2_1701240200 0.994035 0.001022 0.992778 0.001037 0.992505 0.001055 0.991991 0.001073 0.991556 0.001093 
7778.003554 1.1820 167.6 -0.242 0.000 21.93 32085.9 MSCL2_1701240201 0.995676 0.001023 0.994325 0.001039 0.994022 0.001057 0.993346 0.001076 0.993049 0.001095 
7778.004191 1.1796 166.3 -0.088 -0.036 21.80 31822.8 MSCL2_1701240202 0.997654 0.001024 0.995990 0.001040 0.995356 0.001058 0.994722 0.001076 0.994011 0.001095 
7778.004816 1.1772 164.7 -0.284 0.455 21.92 29214.1 MSCL2_1701240203 0.996091 0.001019 0.995189 0.001036 0.994610 0.001053 0.994093 0.001071 0.993689 0.001091 
7778.005452 1.1749 162.2 -0.024 -0.430 21.13 32334.1 MSCL2_1701240204 0.996424 0.001018 0.995262 0.001033 0.994778 0.001051 0.994125 0.001069 0.993894 0.001088 
7778.006089 1.1725 162.3 -0.434 -0.532 21.21 33078.2 MSCL2_1701240205 0.998277 0.001023 0.997225 0.001040 0.996541 0.001058 0.995620 0.001076 0.995247 0.001096 
7778.006702 1.1703 161.2 0.475 -0.140 21.05 33038.6 MSCL2_1701240206 0.997444 0.001016 0.996037 0.001031 0.995511 0.001048 0.995020 0.001067 0.994493 0.001085 
7778.007339 1.1680 160.5 -0.591 0.090 22.49 30176.0 MSCL2_1701240207 1.000085 0.001017 0.998843 0.001032 0.998363 0.001049 0.998073 0.001067 0.997605 0.001086 
7778.007964 1.1657 158.4 0.016 0.227 22.04 28431.5 MSCL2_1701240208 0.997498 0.001014 0.996096 0.001029 0.995596 0.001046 0.994991 0.001064 0.994727 0.001083 
7778.008577 1.1636 156.3 -0.267 -0.728 21.80 28207.5 MSCL2_1701240209 0.999405 0.001015 0.998474 0.001031 0.998348 0.001049 0.997767 0.001067 0.997306 0.001086 
7778.009202 1.1614 157.3 -0.318 0.471 21.63 31005.8 MSCL2_1701240210 1.000091 0.001018 0.998914 0.001034 0.998732 0.001052 0.998411 0.001071 0.998106 0.001090 
7778.009827 1.1592 158.0 -0.243 -0.028 22.12 29122.6 MSCL2_1701240211 1.000976 0.001016 0.999822 0.001031 0.999562 0.001049 0.999193 0.001067 0.999064 0.001087 
7778.010441 1.1571 158.5 -0.225 -0.511 21.67 30962.8 MSCL2_1701240212 1.001978 0.001016 1.000349 0.001031 0.999649 0.001049 0.999085 0.001067 0.998321 0.001086 
7778.011043 1.1550 157.5 -0.427 0.191 21.55 30285.8 MSCL2_1701240213 1.001873 0.001013 1.000726 0.001029 1.000472 0.001046 0.999954 0.001065 0.999349 0.001083 
7778.011679 1.1529 166.4 0.021 -0.229 21.34 32148.1 MSCL2_1701240214 1.002600 0.001017 1.001335 0.001033 1.000880 0.001051 1.000474 0.001070 1.000000 0.001089 
7778.012304 1.1508 160.8 0.137 -0.469 22.22 29736.5 MSCL2_1701240215 1.005013 0.001016 1.003919 0.001032 1.003491 0.001049 1.003212 0.001068 1.002968 0.001088 
7778.012929 1.1487 174.2 -0.368 -0.319 21.66 34387.1 MSCL2_1701240216 1.006262 0.001020 1.004954 0.001037 1.004249 0.001054 1.003711 0.001073 1.003425 0.001093 
7778.013554 1.1466 161.0 -0.335 0.122 22.30 27265.8 MSCL2_1701240217 1.003108 0.001012 1.002088 0.001028 1.002119 0.001046 1.001757 0.001064 1.001593 0.001084 
7778.014168 1.1446 158.1 0.202 -0.173 22.55 26754.5 MSCL2_1701240218 1.005085 0.001014 1.004041 0.001030 1.003606 0.001047 1.003230 0.001066 1.002882 0.001085 
7778.014781 1.1427 155.8 -0.470 -0.414 23.08 24320.9 MSCL2_1701240219 1.004270 0.001011 1.003306 0.001027 1.002880 0.001045 1.002345 0.001063 1.001793 0.001082 
7778.015406 1.1407 154.9 -0.683 0.181 20.89 29159.7 MSCL2_1701240220 1.003888 0.001009 1.002770 0.001024 1.002211 0.001041 1.002056 0.001060 1.001963 0.001079 
7778.016043 1.1387 152.8 0.028 -0.732 21.37 30136.2 MSCL2_1701240221 1.003616 0.001006 1.002369 0.001021 1.001856 0.001038 1.001411 0.001056 1.001013 0.001075 
7778.016679 1.1367 150.0 -0.855 0.542 22.08 31916.9 MSCL2_1701240222 1.004150 0.001006 1.002885 0.001022 1.002506 0.001039 1.001775 0.001057 1.001344 0.001076 
7778.017293 1.1348 148.0 0.304 -0.566 20.65 32083.1 MSCL2_1701240223 1.005003 0.001006 1.003755 0.001021 1.003331 0.001038 1.002931 0.001056 1.002495 0.001075 
7778.017918 1.1329 146.2 -0.283 0.145 21.80 32907.2 MSCL2_1701240224 1.007436 0.001009 1.005899 0.001025 1.005536 0.001042 1.004847 0.001060 1.004031 0.001079 
7778.018554 1.1309 144.9 -0.393 -0.050 21.61 33854.6 MSCL2_1701240225 1.005976 0.001006 1.004629 0.001021 1.004163 0.001038 1.003379 0.001056 1.002834 0.001074 
7778.019179 1.1291 141.7 -0.339 -0.605 21.12 32030.0 MSCL2_1701240226 1.003449 0.001002 1.002460 0.001017 1.002036 0.001034 1.001604 0.001052 1.001066 0.001071 
7778.019793 1.1272 141.3 -0.190 0.037 21.74 28557.7 MSCL2_1701240227 1.004691 0.001003 1.003568 0.001018 1.003154 0.001036 1.002824 0.001054 1.002507 0.001072 
7778.020429 1.1254 139.6 -0.338 -0.393 21.45 29016.8 MSCL2_1701240228 1.002991 0.000998 1.001634 0.001013 1.001135 0.001030 1.000685 0.001047 1.000303 0.001066 
7778.021054 1.1236 139.8 -1.099 0.151 21.39 28454.1 MSCL2_1701240229 1.004100 0.001001 1.003139 0.001017 1.002774 0.001034 1.002542 0.001052 1.002221 0.001071 
7778.021668 1.1218 138.2 0.723 -0.807 21.66 27995.8 MSCL2_1701240230 1.003185 0.000999 1.002221 0.001014 1.001956 0.001031 1.001459 0.001049 1.001063 0.001068 
7778.022304 1.1200 136.3 -1.171 -0.063 20.86 32193.9 MSCL2_1701240231 1.004190 0.000996 1.003019 0.001011 1.002619 0.001028 1.002240 0.001046 1.001858 0.001064 
7778.022918 1.1182 136.2 0.332 -0.058 21.18 30688.3 MSCL2_1701240232 1.005366 0.000998 1.004023 0.001013 1.003710 0.001030 1.003128 0.001048 1.002713 0.001067 
7778.023554 1.1165 137.2 -0.172 -0.280 21.63 26968.0 MSCL2_1701240233 1.004690 0.000996 1.003393 0.001012 1.002534 0.001028 1.001972 0.001045 1.001519 0.001064 
7778.024179 1.1147 135.7 -0.556 0.113 21.95 26347.7 MSCL2_1701240234 1.004979 0.000995 1.003375 0.001010 1.002947 0.001027 1.002378 0.001045 1.001938 0.001063 
7778.024804 1.1130 134.6 -0.054 -0.277 21.66 32645.0 MSCL2_1701240235 1.005403 0.000997 1.004163 0.001013 1.003712 0.001030 1.003181 0.001047 1.002632 0.001066 
7778.025418 1.1114 134.3 -0.556 -0.362 21.81 28698.3 MSCL2_1701240236 1.006098 0.000997 1.005191 0.001012 1.004648 0.001029 1.004479 0.001047 1.004261 0.001066 
7778.026043 1.1097 134.4 -0.234 0.019 21.88 30764.8 MSCL2_1701240237 1.003878 0.000994 1.002644 0.001009 1.002117 0.001026 1.001890 0.001044 1.001593 0.001063 
7778.026668 1.1081 132.3 -0.448 -0.603 21.66 31948.9 MSCL2_1701240238 1.003374 0.000992 1.002164 0.001008 1.001527 0.001024 1.001100 0.001042 1.000546 0.001060 
7778.027293 1.1064 130.3 -0.360 0.480 21.13 32926.0 MSCL2_1701240239 1.005089 0.000993 1.003768 0.001008 1.003411 0.001025 1.003027 0.001043 1.002488 0.001061 
7778.027929 1.1048 147.9 -0.459 -0.617 22.12 29213.4 MSCL2_1701240240 1.004170 0.000995 1.002970 0.001011 1.002528 0.001028 1.002046 0.001046 1.001722 0.001065 
7778.028554 1.1032 131.1 0.133 -0.433 22.59 29512.2 MSCL2_1701240241 1.004164 0.000992 1.003116 0.001008 1.002824 0.001025 1.002412 0.001043 1.002038 0.001062 
7778.029179 1.1016 128.3 -0.860 -0.111 22.62 30858.7 MSCL2_1701240242 1.005000 0.000990 1.003715 0.001005 1.003224 0.001021 1.002545 0.001039 1.002142 0.001057 
7778.029804 1.1000 127.9 -0.123 0.018 23.27 27041.5 MSCL2_1701240243 1.004853 0.000989 1.003774 0.001004 1.003132 0.001021 1.002564 0.001038 1.002085 0.001057 
7778.030429 1.0985 126.8 -0.520 -0.426 21.95 29762.2 MSCL2_1701240244 1.002617 0.000984 1.001426 0.000998 1.001141 0.001015 1.000832 0.001032 1.000278 0.001050 
7778.031054 1.0969 125.6 -0.488 -0.128 22.66 26027.7 MSCL2_1701240245 1.005563 0.000991 1.004858 0.001006 1.004485 0.001023 1.004080 0.001041 1.003799 0.001060 
7778.031679 1.0954 126.3 0.009 -0.408 21.51 30993.8 MSCL2_1701240246 1.003926 0.000987 1.002814 0.001002 1.002529 0.001019 1.002208 0.001037 1.001901 0.001056 
7778.032304 1.0939 125.8 -1.302 0.368 22.43 23642.1 MSCL2_1701240247 1.004500 0.000987 1.003839 0.001003 1.003850 0.001020 1.003606 0.001037 1.003217 0.001056 
7778.032929 1.0924 124.9 -0.627 -1.271 22.13 26594.9 MSCL2_1701240248 1.004276 0.000985 1.003469 0.001000 1.003125 0.001017 1.002667 0.001035 1.002095 0.001053 
7778.033566 1.0909 124.0 0.227 0.383 22.05 30017.3 MSCL2_1701240249 1.005167 0.000984 1.003724 0.000998 1.003120 0.001015 1.002718 0.001032 1.002163 0.001050 
7778.034190 1.0895 124.2 -0.459 -1.221 20.70 31609.0 MSCL2_1701240250 1.004432 0.000983 1.003325 0.000998 1.002994 0.001014 1.002635 0.001032 1.002481 0.001050 
7778.034815 1.0881 124.0 -0.371 0.365 22.06 28030.1 MSCL2_1701240251 1.002524 0.000981 1.001754 0.000997 1.001665 0.001014 1.001229 0.001031 1.001049 0.001050 
7778.035440 1.0866 124.5 -0.188 -0.423 22.84 27229.7 MSCL2_1701240252 1.004140 0.000982 1.003260 0.000997 1.002999 0.001014 1.002660 0.001031 1.002433 0.001050 
7778.036076 1.0852 123.1 -0.551 -0.275 21.95 27667.6 MSCL2_1701240253 1.002430 0.000982 1.001527 0.000997 1.001274 0.001014 1.000835 0.001032 1.000570 0.001050 
7778.036701 1.0838 120.6 -0.771 -0.419 20.85 28776.0 MSCL2_1701240254 1.003097 0.000979 1.002377 0.000994 1.002175 0.001010 1.001901 0.001027 1.001385 0.001045 
7778.037338 1.0824 121.0 0.301 -0.087 21.27 30652.0 MSCL2_1701240255 1.004090 0.000981 1.003073 0.000996 1.002652 0.001012 1.002085 0.001029 1.001829 0.001048 
7778.037951 1.0811 122.2 -0.634 -0.674 22.35 30312.3 MSCL2_1701240256 1.004947 0.000983 1.004285 0.000998 1.004249 0.001015 1.004089 0.001033 1.003855 0.001052 
7778.038588 1.0798 126.0 -0.450 0.085 22.48 28449.2 MSCL2_1701240257 1.003965 0.000980 1.002950 0.000995 1.002490 0.001012 1.001632 0.001028 1.001160 0.001047 
7778.039213 1.0784 132.0 -0.785 -0.092 23.59 23748.4 MSCL2_1701240258 1.005268 0.000983 1.004439 0.000999 1.004282 0.001016 1.003836 0.001033 1.003484 0.001052 
7778.039838 1.0771 121.2 -0.421 -0.927 22.81 25419.4 MSCL2_1701240259 1.002316 0.000977 1.001639 0.000992 1.001459 0.001009 1.001217 0.001027 1.000984 0.001045 
7778.040474 1.0758 119.0 -0.667 -0.046 20.61 29527.7 MSCL2_1701240260 1.004776 0.000979 1.003817 0.000994 1.003590 0.001010 1.003317 0.001028 1.002789 0.001046 
7778.041099 1.0745 117.7 -0.364 -0.678 21.82 27693.9 MSCL2_1701240261 1.003522 0.000975 1.002279 0.000990 1.001843 0.001006 1.001602 0.001023 1.001290 0.001041 
7778.041724 1.0733 116.5 -0.290 -0.327 21.41 30248.6 MSCL2_1701240262 1.002198 0.000975 1.001456 0.000990 1.001130 0.001006 1.000815 0.001024 1.000489 0.001042 
7778.042361 1.0720 114.5 -0.411 -0.298 22.06 29294.5 MSCL2_1701240263 1.004004 0.000974 1.003286 0.000989 1.003142 0.001006 1.002894 0.001023 1.002372 0.001041 
7778.042986 1.0708 112.3 -0.206 -0.078 21.73 32013.4 MSCL2_1701240264 1.004646 0.000975 1.003542 0.000990 1.003086 0.001006 1.002497 0.001023 1.002132 0.001041 
7778.043611 1.0696 109.9 -0.885 -0.722 21.30 33239.1 MSCL2_1701240265 1.005099 0.000973 1.004008 0.000987 1.003849 0.001004 1.003438 0.001021 1.002944 0.001038 
7778.044236 1.0684 110.1 -0.388 0.190 21.90 29185.2 MSCL2_1701240266 1.004122 0.000971 1.002978 0.000986 1.002725 0.001002 1.002431 0.001019 1.002142 0.001037 
7778.044861 1.0672 109.6 -0.594 -0.693 21.93 33603.6 MSCL2_1701240267 1.005113 0.000972 1.004016 0.000987 1.003662 0.001003 1.003124 0.001020 1.002483 0.001037 
7778.045486 1.0660 109.1 -0.598 -0.552 21.42 33620.8 MSCL2_1701240268 1.004388 0.000971 1.003320 0.000985 1.003290 0.001002 1.002892 0.001019 1.002587 0.001037 
7778.046111 1.0649 108.5 -0.223 -0.080 22.45 29807.1 MSCL2_1701240269 1.005963 0.000977 1.004955 0.000992 1.004824 0.001008 1.004667 0.001026 1.004567 0.001045 
7778.046736 1.0638 105.6 -0.646 -0.355 22.26 31558.5 MSCL2_1701240270 1.003312 0.000970 1.002097 0.000984 1.001783 0.001000 1.001110 0.001017 1.000411 0.001034 
7778.047373 1.0626 105.2 -0.484 -0.351 22.13 27356.8 MSCL2_1701240271 1.004588 0.000971 1.003501 0.000986 1.003096 0.001002 1.002591 0.001019 1.002215 0.001037 
7778.047998 1.0615 104.9 -0.456 -0.430 22.18 24542.7 MSCL2_1701240272 1.005272 0.000973 1.004512 0.000987 1.004421 0.001004 1.004153 0.001021 1.003865 0.001039 
7778.048611 1.0604 103.3 -0.330 -0.241 21.82 29088.8 MSCL2_1701240273 1.003157 0.000971 1.002268 0.000986 1.002365 0.001002 1.002045 0.001020 1.001637 0.001038 
7778.049236 1.0594 103.2 -1.369 -0.714 22.98 22679.6 MSCL2_1701240274 1.004628 0.000973 1.004052 0.000989 1.004083 0.001005 1.003927 0.001023 1.003654 0.001041 
7778.049861 1.0583 104.5 -0.078 -0.608 23.08 25914.3 MSCL2_1701240275 1.005326 0.000969 1.004318 0.000984 1.003859 0.001000 1.003566 0.001017 1.003194 0.001034 
7778.050486 1.0572 104.2 -0.373 0.044 21.56 26969.0 MSCL2_1701240276 1.005347 0.000971 1.004797 0.000986 1.004793 0.001003 1.004303 0.001020 1.004038 0.001037 
7778.051123 1.0562 102.2 -0.524 -1.203 21.83 30799.2 MSCL2_1701240277 1.003728 0.000964 1.002375 0.000978 1.002104 0.000993 1.001654 0.001010 1.001027 0.001027 
7778.051736 1.0552 101.0 -0.755 0.002 21.59 30211.9 MSCL2_1701240278 1.005926 0.000969 1.004411 0.000983 1.004003 0.000999 1.003531 0.001015 1.002794 0.001033 
7778.052361 1.0542 100.7 -0.569 -0.513 22.52 26979.2 MSCL2_1701240279 1.005494 0.000969 1.004329 0.000983 1.004175 0.000999 1.003874 0.001016 1.003604 0.001034 
7778.052986 1.0532 101.1 0.053 -0.269 21.21 29553.6 MSCL2_1701240280 1.003942 0.000966 1.002779 0.000980 1.002080 0.000995 1.001524 0.001012 1.000958 0.001029 
7778.053623 1.0522 99.7 -0.769 -0.611 22.50 28613.8 MSCL2_1701240281 1.005071 0.000966 1.004074 0.000980 1.003929 0.000996 1.003692 0.001013 1.003406 0.001031 
7778.054259 1.0512 100.0 -0.447 -0.956 21.55 29855.4 MSCL2_1701240282 1.006679 0.000966 1.005454 0.000981 1.004944 0.000996 1.004322 0.001013 1.003838 0.001030 
7778.054884 1.0503 98.7 -0.279 0.360 22.01 30838.4 MSCL2_1701240283 1.005792 0.000966 1.004584 0.000980 1.004261 0.000996 1.003954 0.001013 1.003303 0.001031 
7778.055509 1.0493 97.9 -0.330 -1.039 21.79 30134.5 MSCL2_1701240284 1.004102 0.000963 1.003058 0.000977 1.002732 0.000993 1.002222 0.001009 1.001753 0.001026 
7778.056134 1.0484 98.0 -0.965 0.152 21.09 33227.9 MSCL2_1701240285 1.007670 0.000967 1.006089 0.000981 1.005652 0.000997 1.005117 0.001014 1.004803 0.001032 
7778.056759 1.0475 97.2 -0.196 -1.508 23.05 24958.6 MSCL2_1701240286 1.005222 0.000963 1.004262 0.000978 1.003820 0.000994 1.003245 0.001010 1.002913 0.001028 
7778.057384 1.0466 96.8 -1.191 0.999 22.16 29788.3 MSCL2_1701240287 1.005653 0.000964 1.004560 0.000979 1.004186 0.000994 1.003848 0.001011 1.003490 0.001029 
7778.058009 1.0457 96.5 -0.655 -1.150 22.61 25983.3 MSCL2_1701240288 1.005374 0.000962 1.004304 0.000976 1.003878 0.000992 1.003135 0.001008 1.002703 0.001025 
7778.058646 1.0449 94.3 -0.118 -0.581 21.31 37801.7 MSCL2_1701240289 1.004347 0.000960 1.002959 0.000974 1.002419 0.000990 1.001651 0.001006 1.000992 0.001023 
7778.059282 1.0440 94.5 -0.954 -0.062 22.05 26431.5 MSCL2_1701240290 1.004223 0.000961 1.003099 0.000976 1.002629 0.000991 1.002061 0.001008 1.001546 0.001025 
7778.059907 1.0431 95.1 0.397 -1.601 20.54 34039.6 MSCL2_1701240291 1.004491 0.000960 1.003152 0.000974 1.002687 0.000990 1.001816 0.001006 1.001030 0.001023 
7778.060532 1.0423 94.8 -0.671 0.032 22.12 37984.6 MSCL2_1701240292 1.006616 0.000961 1.005101 0.000975 1.004679 0.000991 1.004260 0.001008 1.003778 0.001025 
7778.061157 1.0415 93.5 -0.495 -0.661 22.27 31510.6 MSCL2_1701240293 1.006663 0.000962 1.005380 0.000977 1.005033 0.000993 1.004513 0.001009 1.004084 0.001027 
7778.061794 1.0407 94.2 -0.568 -0.400 21.98 26265.5 MSCL2_1701240294 1.006131 0.000962 1.005032 0.000976 1.004669 0.000992 1.004208 0.001009 1.003850 0.001026 
7778.062396 1.0399 99.4 -1.020 -1.013 22.30 26143.6 MSCL2_1701240295 1.006190 0.000965 1.004958 0.000979 1.004546 0.000995 1.004178 0.001012 1.003895 0.001030 
7778.063032 1.0392 103.1 -0.092 -0.651 21.71 29283.2 MSCL2_1701240296 1.003406 0.000961 1.001981 0.000975 1.001624 0.000991 1.001286 0.001008 1.000521 0.001025 
7778.063657 1.0384 92.8 -0.441 -0.311 21.98 33790.1 MSCL2_1701240297 1.006165 0.000962 1.004930 0.000976 1.004358 0.000992 1.003868 0.001009 1.003158 0.001026 
7778.064294 1.0376 93.0 -0.591 -0.705 22.49 30302.9 MSCL2_1701240298 1.005471 0.000961 1.004188 0.000975 1.003788 0.000991 1.003279 0.001008 1.002863 0.001025 
7778.064919 1.0369 91.2 -0.341 -0.689 21.79 32655.5 MSCL2_1701240299 1.006011 0.000962 1.004459 0.000976 1.003808 0.000991 1.003316 0.001008 1.002770 0.001025 
7778.065555 1.0362 90.1 -0.155 -0.485 19.68 38369.6 MSCL2_1701240300 1.006616 0.000960 1.005190 0.000974 1.004475 0.000989 1.004058 0.001006 1.003675 0.001023 
7778.066180 1.0355 89.9 -1.043 -0.214 21.28 31997.6 MSCL2_1701240301 1.004256 0.000956 1.002810 0.000969 1.002174 0.000985 1.001654 0.001001 1.001261 0.001018 
