# BJD(TDB)-2450000 airmass sky(ADU) dx(pix) dy(pix) fwhm(pix) peak(ADU) frame flux(r=28.0) err(r=28.0) flux(r=30.0) err(r=30.0) flux(r=32.0) err(r=32.0) flux(r=34.0) err(r=34.0) flux(r=36.0) err(r=36.0) 
7777.909298 2.0057 894.6 -0.054 -0.136 18.45 23569.4 MSCL1_1701240051 1.002499 0.001939 1.002356 0.001949 1.002447 0.001961 1.002792 0.001973 1.003174 0.001987 
7777.909587 2.0006 893.9 1.236 1.254 18.61 20315.0 MSCL1_1701240052 1.001523 0.001931 1.001908 0.001942 1.002320 0.001954 1.002717 0.001967 1.003270 0.001981 
7777.909877 1.9955 884.9 0.085 -0.773 18.67 21436.0 MSCL1_1701240053 1.004452 0.001928 1.005229 0.001940 1.005562 0.001952 1.006071 0.001965 1.006395 0.001978 
7777.910154 1.9906 867.8 0.250 -0.267 17.58 23147.4 MSCL1_1701240054 1.002752 0.001916 1.002992 0.001927 1.003516 0.001939 1.003817 0.001951 1.004091 0.001964 
7777.910444 1.9856 855.6 0.903 0.744 15.87 28702.4 MSCL1_1701240055 1.004993 0.001911 1.004565 0.001921 1.004593 0.001931 1.004649 0.001943 1.004639 0.001955 
7777.910733 1.9806 844.1 -0.327 1.313 18.66 21154.6 MSCL1_1701240056 0.999821 0.001894 1.000317 0.001905 1.000776 0.001917 1.000962 0.001928 1.001428 0.001941 
7777.911011 1.9758 847.8 -0.814 -1.313 19.08 22330.1 MSCL1_1701240057 1.003679 0.001895 1.004184 0.001906 1.004643 0.001918 1.005107 0.001930 1.005691 0.001943 
7777.911300 1.9708 852.2 1.003 -0.564 18.27 22824.1 MSCL1_1701240058 1.004128 0.001889 1.004466 0.001900 1.004593 0.001911 1.004921 0.001923 1.005099 0.001936 
7777.911578 1.9661 846.4 1.617 1.504 17.53 23667.0 MSCL1_1701240059 1.003653 0.001880 1.003991 0.001891 1.004168 0.001902 1.004149 0.001914 1.004292 0.001926 
7777.911856 1.9614 840.1 0.810 1.430 19.48 19142.5 MSCL1_1701240060 1.003739 0.001874 1.005067 0.001887 1.005909 0.001899 1.006545 0.001912 1.007023 0.001925 
7777.912134 1.9567 834.0 0.584 -1.304 19.85 18677.5 MSCL1_1701240061 1.001434 0.001863 1.002226 0.001874 1.002897 0.001886 1.003659 0.001899 1.004150 0.001912 
7777.912410 1.9520 835.0 0.420 -1.407 19.83 17662.8 MSCL1_1701240062 1.000612 0.001857 1.002172 0.001870 1.003539 0.001883 1.004274 0.001896 1.004702 0.001909 
7777.912688 1.9474 834.0 -0.227 1.190 18.47 20989.1 MSCL1_1701240063 0.996829 0.001842 0.997720 0.001854 0.998241 0.001865 0.998553 0.001877 0.998798 0.001890 
7777.912977 1.9426 834.5 -0.142 1.370 20.98 17054.4 MSCL1_1701240064 0.999208 0.001840 1.000777 0.001853 1.002070 0.001866 1.003162 0.001880 1.003716 0.001893 
7777.913244 1.9382 828.0 1.078 1.085 18.38 21913.7 MSCL1_1701240065 1.001054 0.001837 1.001825 0.001848 1.002741 0.001861 1.003384 0.001873 1.004105 0.001887 
7777.913521 1.9337 821.7 1.147 0.943 18.50 26261.0 MSCL1_1701240066 1.004277 0.001834 1.004212 0.001844 1.003914 0.001855 1.003955 0.001866 1.004155 0.001879 
7777.913811 1.9290 822.4 1.455 0.468 18.77 21044.3 MSCL1_1701240067 1.002401 0.001826 1.002830 0.001837 1.003269 0.001849 1.003471 0.001861 1.003913 0.001874 
7777.914089 1.9245 832.4 -0.135 -0.844 18.22 22624.1 MSCL1_1701240068 1.002032 0.001820 1.002561 0.001831 1.003103 0.001843 1.003508 0.001855 1.003805 0.001868 
7777.914366 1.9200 836.4 -2.089 -0.156 20.54 18551.8 MSCL1_1701240069 1.003025 0.001817 1.003305 0.001828 1.003403 0.001839 1.003373 0.001851 1.003734 0.001864 
7777.914656 1.9153 837.2 -0.266 -0.970 17.52 24231.1 MSCL1_1701240070 1.002758 0.001809 1.002951 0.001820 1.003539 0.001832 1.004062 0.001845 1.004522 0.001859 
7777.914945 1.9107 826.9 1.045 0.002 19.07 19505.1 MSCL1_1701240071 1.005778 0.001807 1.006925 0.001819 1.007948 0.001832 1.008725 0.001845 1.008921 0.001858 
7777.915234 1.9061 813.8 2.159 2.034 17.84 24394.1 MSCL1_1701240072 1.001740 0.001792 1.001744 0.001802 1.001952 0.001813 1.001915 0.001825 1.001959 0.001837 
7777.915512 1.9017 809.5 -0.769 0.374 20.20 20624.7 MSCL1_1701240073 1.001817 0.001786 1.002775 0.001797 1.003731 0.001810 1.004082 0.001822 1.004479 0.001835 
7777.915813 1.8970 800.8 0.512 1.219 17.10 23198.2 MSCL1_1701240074 1.005634 0.001786 1.005816 0.001797 1.006203 0.001808 1.006661 0.001821 1.006752 0.001833 
7777.916091 1.8927 803.7 1.397 0.464 18.61 22033.0 MSCL1_1701240075 1.001266 0.001771 1.001385 0.001782 1.001554 0.001793 1.001856 0.001805 1.002184 0.001818 
7777.916380 1.8882 809.7 0.053 -0.389 17.58 26536.3 MSCL1_1701240076 1.000161 0.001764 1.000065 0.001774 0.999686 0.001784 0.999579 0.001796 0.999715 0.001809 
7777.916658 1.8839 819.3 -0.379 -0.574 17.36 25596.9 MSCL1_1701240077 1.003550 0.001766 1.003782 0.001777 1.003754 0.001788 1.004131 0.001801 1.003967 0.001813 
7777.916947 1.8794 814.4 0.616 -0.157 18.98 22985.0 MSCL1_1701240078 1.002485 0.001758 1.002886 0.001769 1.003197 0.001781 1.003252 0.001793 1.003362 0.001806 
7777.917237 1.8750 897.5 0.824 -0.466 19.24 20838.8 MSCL1_1701240079 1.001880 0.001771 1.002392 0.001784 1.003076 0.001798 1.003593 0.001813 1.003837 0.001828 
7777.917514 1.8708 781.7 1.116 1.436 17.31 27021.9 MSCL1_1701240080 0.997281 0.001734 0.997058 0.001744 0.997076 0.001754 0.997313 0.001766 0.997588 0.001779 
7777.917792 1.8666 780.7 -1.408 2.074 18.29 24195.8 MSCL1_1701240081 1.001620 0.001735 1.002181 0.001746 1.002859 0.001758 1.003259 0.001770 1.003732 0.001783 
7777.918082 1.8623 773.4 -0.495 -1.169 19.27 20165.2 MSCL1_1701240082 1.001612 0.001731 1.002760 0.001743 1.003499 0.001755 1.004227 0.001768 1.004843 0.001781 
7777.918359 1.8581 767.0 1.830 -0.718 19.77 19865.2 MSCL1_1701240083 0.999924 0.001721 1.000845 0.001733 1.001516 0.001745 1.002076 0.001757 1.002237 0.001769 
7777.918649 1.8538 762.7 -1.367 2.097 20.71 17691.1 MSCL1_1701240084 0.998036 0.001712 0.999167 0.001724 1.000132 0.001736 1.000837 0.001749 1.000875 0.001761 
7777.918938 1.8495 764.0 0.015 0.241 17.59 24317.0 MSCL1_1701240085 1.002473 0.001712 1.003182 0.001723 1.003661 0.001735 1.003942 0.001746 1.004083 0.001759 
7777.919204 1.8456 771.9 0.617 -0.884 19.14 21918.9 MSCL1_1701240086 0.999453 0.001705 1.000280 0.001716 1.000860 0.001728 1.001494 0.001740 1.001948 0.001753 
7777.919494 1.8414 955.5 1.645 -2.326 18.97 18076.5 MSCL1_1701240087 1.001297 0.001741 1.002604 0.001757 1.003766 0.001774 1.004907 0.001792 1.005471 0.001809 
7777.919783 1.8372 1110.2 1.184 0.725 19.60 16634.1 MSCL1_1701240088 0.995604 0.001763 0.997478 0.001783 0.998788 0.001804 0.999624 0.001825 1.000000 0.001847 
7777.920049 1.8333 1674.6 -1.236 0.680 17.48 14699.3 MSCL1_1701240089 1.018748 0.002124 1.019810 0.002176 1.019901 0.002228 1.020011 0.002282 1.020581 0.002340 
7777.920327 1.8293 772.0 -0.806 1.105 17.63 22168.2 MSCL1_1701240090 1.004777 0.001693 1.005880 0.001705 1.006787 0.001718 1.007292 0.001730 1.007349 0.001743 
7777.920605 1.8253 755.7 2.021 0.335 18.61 19208.1 MSCL1_1701240091 0.999268 0.001678 1.000569 0.001690 1.001852 0.001703 1.003127 0.001716 1.003983 0.001730 
7777.920894 1.8212 742.7 -0.407 -0.220 17.54 21778.2 MSCL1_1701240092 0.998432 0.001670 0.999467 0.001681 1.000716 0.001694 1.001428 0.001706 1.002086 0.001720 
7777.921172 1.8173 741.7 -1.364 0.672 18.53 21921.5 MSCL1_1701240093 0.999144 0.001664 0.999733 0.001675 1.000467 0.001687 1.001095 0.001699 1.001568 0.001712 
7777.921450 1.8133 739.8 0.772 -0.040 18.08 21737.5 MSCL1_1701240094 1.000001 0.001661 1.001119 0.001672 1.001811 0.001684 1.002184 0.001696 1.002560 0.001709 
7777.921727 1.8094 737.8 2.217 1.113 18.16 25180.9 MSCL1_1701240095 1.004523 0.001662 1.004683 0.001673 1.004745 0.001684 1.004883 0.001695 1.005026 0.001708 
7777.922017 1.8054 732.4 0.705 0.036 16.32 27475.4 MSCL1_1701240096 0.999304 0.001648 0.999294 0.001658 0.999527 0.001669 0.999817 0.001681 0.999946 0.001693 
7777.922283 1.8017 734.0 -3.110 1.082 19.92 18798.1 MSCL1_1701240097 0.999789 0.001646 1.000824 0.001657 1.001707 0.001669 1.002200 0.001681 1.002504 0.001694 
7777.922572 1.7977 735.5 0.292 0.949 18.28 21129.5 MSCL1_1701240098 1.000083 0.001641 1.000941 0.001653 1.001831 0.001665 1.002414 0.001677 1.002997 0.001690 
7777.922850 1.7939 731.4 1.915 -0.892 18.46 21592.1 MSCL1_1701240099 0.998579 0.001632 0.999274 0.001643 0.999951 0.001655 1.000480 0.001667 1.001014 0.001680 
7777.923151 1.7898 725.3 0.316 -0.966 18.53 24846.9 MSCL1_1701240100 1.001811 0.001631 1.001999 0.001641 1.002272 0.001653 1.002500 0.001664 1.002978 0.001677 
7777.923417 1.7861 725.1 0.865 1.994 17.97 22993.2 MSCL1_1701240101 1.002403 0.001628 1.002705 0.001638 1.003025 0.001649 1.003259 0.001661 1.003653 0.001674 
7777.923707 1.7822 724.6 0.950 1.548 18.98 21030.4 MSCL1_1701240102 1.002828 0.001624 1.003248 0.001634 1.003579 0.001645 1.003912 0.001657 1.004386 0.001670 
7777.923984 1.7785 716.8 0.230 0.002 18.34 23042.7 MSCL1_1701240103 1.000723 0.001614 1.000923 0.001624 1.001199 0.001635 1.001660 0.001648 1.001752 0.001660 
7777.924274 1.7746 717.1 -0.415 -0.176 19.26 20674.6 MSCL1_1701240104 1.000580 0.001609 1.000895 0.001620 1.001477 0.001631 1.002014 0.001644 1.002317 0.001656 
7777.924552 1.7709 717.1 -0.780 -0.900 16.39 26265.2 MSCL1_1701240105 1.000923 0.001607 1.000995 0.001617 1.001406 0.001628 1.001406 0.001639 1.001516 0.001652 
7777.924841 1.7671 716.0 1.020 1.394 16.86 25665.6 MSCL1_1701240106 1.000687 0.001599 1.000916 0.001609 1.001275 0.001620 1.001487 0.001632 1.001704 0.001644 
7777.925130 1.7632 717.2 0.668 0.709 16.92 25837.4 MSCL1_1701240107 1.001396 0.001596 1.001688 0.001607 1.002038 0.001618 1.002066 0.001630 1.002392 0.001642 
7777.925396 1.7598 720.0 0.214 -0.482 18.38 21913.4 MSCL1_1701240108 1.002497 0.001595 1.003339 0.001606 1.003682 0.001617 1.004151 0.001630 1.004466 0.001642 
7777.925674 1.7561 719.9 0.636 0.626 19.16 21079.1 MSCL1_1701240109 1.003581 0.001593 1.003910 0.001603 1.004217 0.001615 1.004667 0.001627 1.004825 0.001640 
7777.925952 1.7525 715.9 0.048 -0.436 17.65 24147.6 MSCL1_1701240110 0.997136 0.001576 0.997477 0.001586 0.997876 0.001598 0.997887 0.001609 0.997886 0.001621 
7777.926230 1.7489 710.9 -1.212 0.120 20.69 17241.1 MSCL1_1701240111 0.995479 0.001570 0.996931 0.001582 0.998041 0.001594 0.998788 0.001607 0.998863 0.001619 
7777.926519 1.7452 705.9 1.535 0.672 19.11 20929.1 MSCL1_1701240112 1.002812 0.001577 1.003357 0.001588 1.003766 0.001599 1.004230 0.001611 1.004753 0.001625 
7777.926797 1.7416 707.1 0.604 0.278 16.97 23650.2 MSCL1_1701240113 1.000794 0.001569 1.001107 0.001579 1.001712 0.001591 1.002184 0.001603 1.002539 0.001616 
7777.927086 1.7380 707.1 -0.402 -0.781 16.70 23118.9 MSCL1_1701240114 1.001604 0.001566 1.002461 0.001577 1.003127 0.001589 1.003552 0.001601 1.003795 0.001613 
7777.927364 1.7344 704.5 1.272 -0.457 18.93 20348.1 MSCL1_1701240115 0.996455 0.001553 0.997295 0.001564 0.998037 0.001576 0.998401 0.001588 0.998808 0.001601 
7777.927653 1.7308 697.2 -0.754 0.293 19.08 21008.5 MSCL1_1701240116 1.002108 0.001556 1.002410 0.001567 1.003069 0.001578 1.003594 0.001591 1.004306 0.001604 
7777.927943 1.7272 693.5 0.878 1.142 18.66 23942.8 MSCL1_1701240117 1.000104 0.001548 1.000000 0.001558 0.999977 0.001568 1.000227 0.001580 1.000303 0.001592 
7777.928221 1.7237 696.6 -0.121 2.468 17.54 23493.1 MSCL1_1701240118 0.998769 0.001542 0.998719 0.001551 0.998998 0.001562 0.999256 0.001574 0.999569 0.001587 
7777.928510 1.7201 690.8 0.113 -0.488 18.67 23099.1 MSCL1_1701240119 1.003413 0.001544 1.003619 0.001554 1.003872 0.001566 1.004420 0.001578 1.004929 0.001591 
7777.928788 1.7167 679.8 -0.309 -1.276 18.09 21845.8 MSCL1_1701240120 1.003024 0.001539 1.003981 0.001550 1.004738 0.001562 1.005117 0.001574 1.005476 0.001586 
7777.929054 1.7134 675.5 1.592 -1.387 16.40 27807.6 MSCL1_1701240121 1.003270 0.001533 1.003245 0.001543 1.003511 0.001554 1.003588 0.001565 1.003585 0.001577 
7777.929343 1.7098 670.6 -0.356 1.107 19.20 22328.9 MSCL1_1701240122 0.999974 0.001524 1.000452 0.001534 1.000778 0.001545 1.001031 0.001557 1.001596 0.001569 
7777.929633 1.7063 671.1 0.321 2.601 18.99 20170.1 MSCL1_1701240123 0.998266 0.001518 0.999399 0.001530 0.999931 0.001541 1.000321 0.001553 1.000702 0.001565 
7777.929922 1.7028 671.7 -1.160 -0.406 18.54 21053.4 MSCL1_1701240124 1.002372 0.001519 1.002878 0.001530 1.003406 0.001541 1.003813 0.001553 1.004093 0.001565 
7777.930211 1.6993 665.3 1.072 -1.257 16.86 25018.0 MSCL1_1701240125 1.001194 0.001513 1.001563 0.001523 1.001785 0.001534 1.002110 0.001545 1.002101 0.001557 
7777.930501 1.6959 671.2 -0.024 -1.085 17.46 23697.5 MSCL1_1701240126 1.000299 0.001508 1.000618 0.001519 1.000612 0.001529 1.000914 0.001541 1.000817 0.001553 
7777.930778 1.6925 671.0 1.266 0.160 17.60 22945.5 MSCL1_1701240127 1.002545 0.001508 1.002865 0.001518 1.003203 0.001530 1.003156 0.001541 1.003288 0.001553 
7777.931068 1.6891 664.2 -0.553 1.931 15.95 26096.8 MSCL1_1701240128 0.998407 0.001496 0.998926 0.001507 0.999122 0.001517 0.999436 0.001529 0.999647 0.001541 
7777.931334 1.6860 662.7 0.711 0.081 18.05 22577.0 MSCL1_1701240129 1.003537 0.001500 1.004322 0.001511 1.004806 0.001522 1.005106 0.001534 1.005406 0.001546 
7777.931623 1.6826 660.1 -0.091 1.684 18.29 21509.1 MSCL1_1701240130 0.999867 0.001491 1.000719 0.001502 1.001236 0.001513 1.001655 0.001525 1.002097 0.001537 
7777.931901 1.6793 657.6 0.668 -0.103 19.13 20029.6 MSCL1_1701240131 0.998595 0.001486 0.999679 0.001498 1.000287 0.001509 1.000749 0.001521 1.001001 0.001533 
7777.932179 1.6761 660.3 -0.358 -1.063 17.82 22214.8 MSCL1_1701240132 1.001403 0.001486 1.001898 0.001497 1.002213 0.001508 1.002279 0.001519 1.002598 0.001532 
7777.932457 1.6728 659.3 -0.701 -0.833 18.22 22608.7 MSCL1_1701240133 1.003142 0.001486 1.003726 0.001496 1.004189 0.001508 1.004800 0.001520 1.005243 0.001533 
7777.932734 1.6696 656.3 1.423 1.272 19.37 21329.2 MSCL1_1701240134 1.000068 0.001477 1.000858 0.001488 1.001283 0.001500 1.001673 0.001511 1.001959 0.001524 
7777.933001 1.6666 661.0 0.202 2.437 18.17 22891.1 MSCL1_1701240135 1.002020 0.001477 1.002379 0.001487 1.002661 0.001498 1.002713 0.001510 1.002765 0.001522 
7777.933278 1.6634 664.3 -1.314 -0.654 17.08 24545.3 MSCL1_1701240136 1.003675 0.001475 1.003929 0.001485 1.004186 0.001496 1.004487 0.001508 1.004600 0.001520 
7777.933545 1.6604 659.7 -0.698 -2.224 17.03 23404.3 MSCL1_1701240137 1.001353 0.001467 1.001766 0.001478 1.001966 0.001489 1.002128 0.001500 1.002808 0.001514 
7777.933811 1.6574 652.3 2.539 0.063 17.59 23351.1 MSCL1_1701240138 1.000722 0.001462 1.000825 0.001472 1.001022 0.001483 1.001151 0.001494 1.001345 0.001506 
7777.934100 1.6541 652.0 1.787 1.724 18.75 21956.2 MSCL1_1701240139 1.002708 0.001462 1.003446 0.001473 1.003807 0.001485 1.003873 0.001496 1.004249 0.001509 
7777.934378 1.6510 653.8 -0.639 0.898 17.39 24765.0 MSCL1_1701240140 1.002922 0.001458 1.002964 0.001468 1.003089 0.001479 1.003080 0.001491 1.003349 0.001503 
7777.934667 1.6478 650.0 -0.278 -0.377 18.26 22884.6 MSCL1_1701240141 1.002054 0.001453 1.002133 0.001464 1.002441 0.001475 1.002634 0.001487 1.002768 0.001499 
7777.934945 1.6447 646.6 -0.824 -0.159 18.43 22108.5 MSCL1_1701240142 1.003401 0.001452 1.003836 0.001463 1.004389 0.001474 1.004630 0.001486 1.004774 0.001499 
7777.935234 1.6415 643.7 0.673 -0.613 19.23 23073.4 MSCL1_1701240143 0.998908 0.001442 0.999466 0.001453 1.000032 0.001464 1.000668 0.001477 1.001270 0.001490 
7777.935512 1.6384 638.1 1.221 -0.169 19.09 22554.9 MSCL1_1701240144 1.001342 0.001440 1.001490 0.001450 1.001775 0.001462 1.001830 0.001473 1.002212 0.001486 
7777.935802 1.6353 633.3 0.892 0.215 18.63 23718.0 MSCL1_1701240145 1.002389 0.001439 1.002727 0.001449 1.002766 0.001460 1.003202 0.001472 1.003768 0.001485 
7777.936091 1.6321 629.6 0.568 0.345 18.56 24799.5 MSCL1_1701240146 1.003673 0.001435 1.003477 0.001444 1.003631 0.001455 1.003607 0.001467 1.003780 0.001479 
7777.936357 1.6292 626.3 -0.564 1.151 16.79 28734.1 MSCL1_1701240147 0.999892 0.001425 0.999570 0.001434 0.999574 0.001445 0.999524 0.001456 0.999603 0.001468 
7777.936623 1.6264 623.0 0.885 -0.737 16.28 32851.3 MSCL1_1701240148 1.001487 0.001424 1.000806 0.001433 1.000496 0.001443 1.000494 0.001454 1.000654 0.001466 
7777.936913 1.6232 619.3 -0.091 -0.638 16.76 29090.5 MSCL1_1701240149 1.004262 0.001424 1.003789 0.001433 1.003697 0.001444 1.003701 0.001455 1.003906 0.001467 
7777.937190 1.6203 616.3 0.214 0.788 17.44 28594.5 MSCL1_1701240150 1.001869 0.001417 1.001838 0.001426 1.001430 0.001436 1.001412 0.001447 1.001506 0.001459 
7777.937480 1.6172 621.5 0.126 1.335 18.25 26960.4 MSCL1_1701240151 1.002973 0.001417 1.002528 0.001426 1.002418 0.001437 1.002361 0.001448 1.002430 0.001460 
7777.937758 1.6142 625.5 0.400 0.843 19.04 23356.7 MSCL1_1701240152 1.002351 0.001413 1.002457 0.001423 1.002667 0.001434 1.002763 0.001445 1.003295 0.001458 
7777.938035 1.6113 623.3 0.400 -0.205 19.06 23319.4 MSCL1_1701240153 1.000654 0.001407 1.000889 0.001417 1.001183 0.001429 1.001541 0.001441 1.001933 0.001453 
7777.938325 1.6083 620.3 0.596 -1.175 18.21 26414.3 MSCL1_1701240154 1.001505 0.001404 1.001502 0.001413 1.001229 0.001424 1.001021 0.001435 1.000842 0.001446 
7777.938602 1.6054 621.4 -0.226 -0.780 20.47 21268.2 MSCL1_1701240155 0.998083 0.001397 0.998726 0.001408 0.999150 0.001420 0.999448 0.001432 0.999646 0.001444 
7777.938892 1.6024 620.7 -0.642 1.135 17.70 26950.9 MSCL1_1701240156 0.998093 0.001394 0.998061 0.001404 0.998621 0.001416 0.998693 0.001427 0.998965 0.001440 
7777.939181 1.5994 623.8 -0.422 1.077 17.52 24647.5 MSCL1_1701240157 0.998696 0.001392 0.998956 0.001402 0.998976 0.001413 0.999521 0.001426 0.999707 0.001438 
7777.939447 1.5966 617.0 0.733 -0.316 17.52 26137.8 MSCL1_1701240158 1.000000 0.001388 1.000109 0.001398 0.999796 0.001409 0.999734 0.001420 0.999734 0.001432 
7777.939737 1.5937 612.6 0.357 -0.672 18.13 22851.4 MSCL1_1701240159 0.996956 0.001381 0.997421 0.001391 0.997809 0.001403 0.998313 0.001415 0.998548 0.001427 
7777.940014 1.5909 606.3 0.058 -1.271 18.05 27037.4 MSCL1_1701240160 1.000361 0.001382 1.000313 0.001392 1.000384 0.001403 1.000455 0.001415 1.000676 0.001427 
7777.940292 1.5880 603.3 -0.340 1.081 16.10 29670.2 MSCL1_1701240161 0.995890 0.001372 0.995945 0.001382 0.995777 0.001392 0.995828 0.001404 0.996057 0.001416 
7777.940582 1.5851 601.8 0.360 1.786 16.77 25504.8 MSCL1_1701240162 0.998539 0.001372 0.998660 0.001382 0.998756 0.001393 0.999106 0.001404 0.999441 0.001417 
7777.940859 1.5823 601.7 0.238 -0.853 17.22 27121.8 MSCL1_1701240163 0.998075 0.001369 0.997865 0.001379 0.997982 0.001390 0.998200 0.001401 0.998698 0.001414 
7777.941149 1.5794 606.3 -0.170 -0.258 19.61 22603.7 MSCL1_1701240164 0.996928 0.001365 0.996752 0.001375 0.996674 0.001385 0.997057 0.001397 0.997308 0.001410 
7777.941438 1.5765 605.8 -0.165 -0.541 18.63 25826.3 MSCL1_1701240165 1.001247 0.001368 1.000786 0.001377 1.000762 0.001388 1.000756 0.001400 1.000846 0.001412 
7777.941716 1.5738 603.1 -0.399 0.446 17.81 25691.7 MSCL1_1701240166 1.000986 0.001364 1.000823 0.001374 1.000849 0.001385 1.000819 0.001396 1.000828 0.001409 
7777.942005 1.5709 599.3 1.610 0.905 18.85 22651.6 MSCL1_1701240167 0.995619 0.001355 0.996263 0.001366 0.996790 0.001377 0.996826 0.001389 0.997055 0.001402 
7777.942283 1.5682 603.6 -0.251 0.981 19.38 21829.6 MSCL1_1701240168 0.998746 0.001355 0.999068 0.001366 0.999476 0.001377 0.999769 0.001389 1.000277 0.001402 
7777.942561 1.5655 607.1 -0.374 -0.271 17.19 25934.8 MSCL1_1701240169 0.995148 0.001349 0.994968 0.001359 0.995238 0.001370 0.995409 0.001382 0.995563 0.001394 
7777.942839 1.5628 602.4 -0.162 -1.212 16.63 27903.3 MSCL1_1701240170 0.996109 0.001345 0.995595 0.001355 0.995444 0.001365 0.995448 0.001377 0.995625 0.001389 
7777.943116 1.5601 597.5 0.341 0.941 17.49 25925.2 MSCL1_1701240171 0.996258 0.001342 0.996037 0.001352 0.996113 0.001363 0.996177 0.001374 0.996298 0.001387 
7777.943394 1.5574 595.8 -0.434 0.747 19.32 22372.3 MSCL1_1701240172 0.995924 0.001340 0.995814 0.001350 0.995862 0.001361 0.995614 0.001372 0.995978 0.001385 
7777.943683 1.5546 597.6 0.056 -0.025 18.43 25249.6 MSCL1_1701240173 0.993003 0.001332 0.992420 0.001341 0.992340 0.001352 0.992638 0.001364 0.992831 0.001376 
7777.943973 1.5519 595.8 -0.271 -1.184 17.61 26821.0 MSCL1_1701240174 1.000609 0.001340 1.000491 0.001350 1.000368 0.001361 1.000355 0.001373 1.000307 0.001385 
7777.944262 1.5491 594.3 -0.277 0.285 18.47 23086.5 MSCL1_1701240175 0.995456 0.001331 0.995469 0.001341 0.995468 0.001352 0.995644 0.001364 0.996070 0.001377 
7777.944528 1.5466 596.3 0.740 0.705 17.85 28366.7 MSCL1_1701240176 0.994166 0.001326 0.993973 0.001336 0.993906 0.001347 0.993829 0.001359 0.993796 0.001371 
7777.944818 1.5439 590.5 0.454 -0.453 17.13 27947.3 MSCL1_1701240177 0.999168 0.001329 0.999104 0.001339 0.999452 0.001351 0.999548 0.001362 0.999597 0.001374 
7777.945096 1.5413 583.2 0.112 1.124 18.51 24109.9 MSCL1_1701240178 0.991969 0.001317 0.992134 0.001327 0.992218 0.001338 0.992674 0.001350 0.992868 0.001362 
7777.945350 1.5389 576.6 -0.675 0.640 19.73 22677.7 MSCL1_1701240179 0.990555 0.001311 0.990712 0.001321 0.990920 0.001332 0.991167 0.001343 0.991013 0.001355 
7777.945628 1.5363 570.8 0.917 -1.190 18.67 25058.2 MSCL1_1701240180 0.994722 0.001312 0.994992 0.001323 0.995113 0.001333 0.995488 0.001345 0.995673 0.001357 
7777.945894 1.5339 569.0 0.708 -1.009 17.64 28449.8 MSCL1_1701240181 0.994827 0.001309 0.994623 0.001319 0.994552 0.001330 0.994889 0.001342 0.995315 0.001354 
7777.946172 1.5313 562.9 0.116 0.676 18.32 27755.2 MSCL1_1701240182 0.989761 0.001300 0.989365 0.001310 0.989152 0.001320 0.988822 0.001331 0.988748 0.001343 
7777.946461 1.5287 559.0 -0.068 1.266 17.96 29140.4 MSCL1_1701240183 0.994465 0.001301 0.994419 0.001311 0.994695 0.001322 0.994764 0.001333 0.994917 0.001345 
7777.946727 1.5262 559.1 0.867 0.494 20.88 21840.3 MSCL1_1701240184 0.991719 0.001297 0.992291 0.001308 0.992717 0.001319 0.992964 0.001330 0.993267 0.001343 
7777.947005 1.5237 553.5 0.378 -0.382 17.40 28746.8 MSCL1_1701240185 0.990129 0.001290 0.989709 0.001300 0.989394 0.001310 0.989191 0.001321 0.989225 0.001332 
7777.947295 1.5211 555.4 -0.984 0.199 19.19 23515.6 MSCL1_1701240186 0.990372 0.001289 0.990241 0.001299 0.990475 0.001310 0.990394 0.001321 0.990569 0.001333 
7777.947561 1.5187 556.5 0.110 -0.175 18.61 26327.2 MSCL1_1701240187 0.990086 0.001286 0.990034 0.001296 0.990249 0.001307 0.990313 0.001318 0.990498 0.001330 
7777.947850 1.5161 556.7 0.568 -0.734 17.93 28211.4 MSCL1_1701240188 0.992511 0.001287 0.991915 0.001296 0.991254 0.001306 0.991281 0.001317 0.991676 0.001330 
7777.948139 1.5135 553.4 0.931 -0.078 17.96 30115.9 MSCL1_1701240189 0.993371 0.001286 0.993076 0.001295 0.992970 0.001306 0.993038 0.001317 0.993222 0.001329 
7777.948417 1.5110 550.4 0.154 0.663 16.15 35802.1 MSCL1_1701240190 0.991435 0.001278 0.990493 0.001287 0.990353 0.001298 0.990031 0.001308 0.990003 0.001320 
7777.948707 1.5085 548.2 -0.272 1.108 17.89 29182.0 MSCL1_1701240191 0.988362 0.001273 0.988001 0.001282 0.987847 0.001293 0.987851 0.001304 0.988095 0.001316 
7777.948996 1.5059 548.7 -1.034 0.065 16.34 31108.9 MSCL1_1701240192 0.988639 0.001270 0.988243 0.001279 0.987885 0.001289 0.987643 0.001300 0.987753 0.001312 
7777.949285 1.5034 550.9 -0.845 -0.480 17.84 27750.2 MSCL1_1701240193 0.988994 0.001269 0.988636 0.001278 0.988564 0.001289 0.988577 0.001300 0.988613 0.001312 
7777.949563 1.5010 550.7 0.515 -0.542 15.84 29644.4 MSCL1_1701240194 0.986569 0.001264 0.986293 0.001274 0.986140 0.001284 0.986134 0.001296 0.986227 0.001308 
7777.949852 1.4985 545.5 0.378 0.224 17.45 29138.8 MSCL1_1701240195 0.989448 0.001263 0.988754 0.001272 0.988590 0.001283 0.988697 0.001294 0.988913 0.001306 
7777.950142 1.4960 538.4 0.845 1.003 16.60 30876.3 MSCL1_1701240196 0.989552 0.001260 0.989130 0.001270 0.989101 0.001280 0.989053 0.001291 0.989089 0.001303 
7777.950420 1.4936 539.2 -0.582 0.343 16.74 31792.6 MSCL1_1701240197 0.989901 0.001257 0.988929 0.001266 0.988890 0.001276 0.988730 0.001287 0.988628 0.001299 
7777.950697 1.4912 532.1 0.416 0.132 17.34 32798.8 MSCL1_1701240198 0.989376 0.001253 0.988432 0.001262 0.987998 0.001272 0.987702 0.001283 0.987971 0.001295 
7777.950987 1.4887 529.9 -0.050 -0.517 17.78 28983.5 MSCL1_1701240199 0.986981 0.001249 0.986392 0.001258 0.986127 0.001268 0.986151 0.001279 0.986183 0.001291 
7777.951264 1.4864 536.1 0.204 -0.182 15.94 32063.2 MSCL1_1701240200 0.985657 0.001246 0.984920 0.001255 0.984563 0.001265 0.984231 0.001275 0.984297 0.001287 
7777.951542 1.4840 535.7 1.215 0.391 16.15 35959.9 MSCL1_1701240201 0.987151 0.001245 0.986160 0.001254 0.986134 0.001264 0.985854 0.001275 0.985837 0.001287 
7777.951820 1.4817 601.5 -1.036 0.672 18.00 27167.7 MSCL1_1701240202 0.978071 0.001259 0.977539 0.001270 0.977375 0.001283 0.977451 0.001296 0.977513 0.001311 
7777.952109 1.4793 720.8 -0.154 0.333 16.28 28637.3 MSCL1_1701240203 0.991131 0.001337 0.990468 0.001354 0.990294 0.001372 0.990361 0.001392 0.990417 0.001413 
7777.952387 1.4769 686.1 -0.382 0.945 17.83 25319.1 MSCL1_1701240204 0.980610 0.001296 0.980063 0.001310 0.979879 0.001326 0.980041 0.001344 0.980228 0.001362 
7777.952665 1.4746 1116.0 0.896 0.165 17.10 17123.1 MSCL1_1701240205 0.988441 0.001667 0.987380 0.001712 0.987449 0.001762 0.987689 0.001814 0.988390 0.001869 
7777.952942 1.4723 1907.0 -0.160 -0.983 17.79 5957.3 MSCL1_1701240206 0.981335 0.005397 0.981010 0.005735 0.981683 0.006087 0.984705 0.006469 0.984498 0.006815 
7777.953220 1.4701 1158.3 -0.543 0.120 16.89 15162.0 MSCL1_1701240207 0.998633 0.001864 0.997434 0.001925 0.997503 0.001992 0.998138 0.002062 0.998670 0.002133 
7777.953509 1.4677 566.2 0.990 1.142 16.94 31576.5 MSCL1_1701240208 0.988321 0.001242 0.987500 0.001252 0.987446 0.001263 0.987370 0.001276 0.987313 0.001289 
7777.953787 1.4654 579.9 0.762 1.316 16.80 33848.5 MSCL1_1701240209 0.982988 0.001238 0.982025 0.001249 0.981713 0.001261 0.981372 0.001273 0.981574 0.001287 
7777.954076 1.4631 715.1 0.190 -0.058 16.35 30912.1 MSCL1_1701240210 0.984931 0.001303 0.983997 0.001319 0.983724 0.001336 0.983333 0.001355 0.982968 0.001374 
7777.954365 1.4607 896.7 -1.715 -0.563 17.53 19623.9 MSCL1_1701240211 0.957861 0.001397 0.957385 0.001424 0.956633 0.001452 0.956536 0.001482 0.956091 0.001514 
7777.954643 1.4585 1762.8 1.666 -0.778 17.40 8887.5 MSCL1_1701240212 0.941716 0.003316 0.942609 0.003508 0.942177 0.003696 0.942013 0.003886 0.943667 0.004087 
7777.954909 1.4564 1657.1 0.496 0.741 17.78 9119.8 MSCL1_1701240213 0.998458 0.003108 0.998442 0.003275 0.998889 0.003444 0.999748 0.003618 1.000224 0.003795 
7777.955199 1.4541 787.3 0.369 1.067 17.82 21368.3 MSCL1_1701240214 0.988340 0.001348 0.987801 0.001368 0.987582 0.001390 0.987650 0.001414 0.987591 0.001438 
7777.955476 1.4519 854.6 -0.398 0.383 16.24 25045.6 MSCL1_1701240215 0.982985 0.001405 0.981951 0.001430 0.982184 0.001460 0.982394 0.001490 0.982567 0.001521 
7777.955754 1.4497 1345.1 0.934 0.189 17.98 12344.4 MSCL1_1701240216 0.976226 0.002199 0.975715 0.002294 0.974691 0.002388 0.975511 0.002492 0.975239 0.002595 
7777.956044 1.4474 1333.6 -1.026 -1.353 17.48 11558.2 MSCL1_1701240217 0.981046 0.002350 0.980431 0.002455 0.981359 0.002568 0.982684 0.002685 0.982451 0.002798 
7777.956333 1.4451 1023.5 0.277 -0.478 17.12 16504.6 MSCL1_1701240218 0.983749 0.001599 0.983194 0.001642 0.982834 0.001687 0.983760 0.001737 0.984051 0.001786 
7777.956611 1.4430 889.7 0.768 1.146 16.34 22429.8 MSCL1_1701240219 0.974574 0.001454 0.973618 0.001485 0.973229 0.001518 0.973155 0.001554 0.973339 0.001591 
7777.956900 1.4407 562.0 0.120 0.853 16.70 31264.2 MSCL1_1701240220 0.993065 0.001228 0.992478 0.001239 0.992025 0.001251 0.991928 0.001265 0.991845 0.001278 
7777.957178 1.4386 525.7 -0.438 0.020 16.90 30109.8 MSCL1_1701240221 0.987678 0.001206 0.987406 0.001216 0.987340 0.001228 0.987180 0.001239 0.987223 0.001252 
7777.957456 1.4364 501.7 -0.243 -1.022 16.48 33524.9 MSCL1_1701240222 0.986365 0.001193 0.985769 0.001202 0.985498 0.001212 0.985474 0.001223 0.985453 0.001234 
7777.957733 1.4343 495.9 0.383 -0.307 17.36 31768.6 MSCL1_1701240223 0.985024 0.001189 0.984438 0.001198 0.983968 0.001208 0.983800 0.001218 0.983769 0.001230 
7777.958011 1.4322 495.1 -0.633 1.513 17.29 30855.8 MSCL1_1701240224 0.983885 0.001184 0.983132 0.001193 0.982860 0.001203 0.982670 0.001213 0.982679 0.001225 
7777.958289 1.4301 498.3 0.169 1.245 16.89 28185.1 MSCL1_1701240225 0.983170 0.001182 0.982565 0.001191 0.982534 0.001201 0.982826 0.001212 0.983061 0.001224 
7777.958555 1.4280 509.1 0.097 -1.341 16.61 32820.4 MSCL1_1701240226 0.989410 0.001194 0.988720 0.001203 0.988103 0.001214 0.988005 0.001225 0.987920 0.001237 
7777.958845 1.4259 685.8 0.203 -0.988 16.64 24990.9 MSCL1_1701240227 0.997372 0.001306 0.997043 0.001324 0.996870 0.001344 0.996882 0.001365 0.996983 0.001388 
7777.959111 1.4239 644.4 0.042 0.376 16.69 26430.1 MSCL1_1701240228 0.974966 0.001240 0.974624 0.001255 0.974508 0.001271 0.974273 0.001289 0.974499 0.001307 
7777.959388 1.4218 531.9 -0.112 0.798 17.56 28757.5 MSCL1_1701240229 0.980065 0.001186 0.979692 0.001197 0.979680 0.001208 0.979604 0.001221 0.979558 0.001234 
7777.959678 1.4196 496.2 -0.121 1.217 17.62 31134.9 MSCL1_1701240230 0.985498 0.001173 0.984897 0.001183 0.984513 0.001192 0.984249 0.001203 0.984030 0.001214 
7777.959956 1.4176 496.6 0.431 -0.199 16.94 32326.1 MSCL1_1701240231 0.983779 0.001173 0.983301 0.001182 0.983222 0.001193 0.983151 0.001204 0.983349 0.001216 
7777.960245 1.4155 502.5 0.433 -0.572 17.40 31111.4 MSCL1_1701240232 0.984555 0.001172 0.984008 0.001181 0.983677 0.001191 0.983508 0.001202 0.983535 0.001214 
7777.960534 1.4133 522.5 0.263 -0.944 17.57 29512.7 MSCL1_1701240233 0.979887 0.001171 0.979570 0.001181 0.979568 0.001192 0.979657 0.001204 0.979913 0.001217 
7777.960801 1.4114 543.4 -1.333 0.397 18.06 24361.8 MSCL1_1701240234 0.981722 0.001183 0.981932 0.001194 0.982152 0.001206 0.982315 0.001219 0.982449 0.001233 
7777.961090 1.4093 501.0 -0.509 1.270 16.48 31107.0 MSCL1_1701240235 0.981571 0.001161 0.980685 0.001170 0.980403 0.001180 0.980397 0.001192 0.980226 0.001203 
7777.961379 1.4072 500.8 1.092 0.393 17.93 27310.6 MSCL1_1701240236 0.981931 0.001161 0.981598 0.001171 0.981503 0.001181 0.981388 0.001193 0.981826 0.001205 
7777.961669 1.4051 496.2 0.860 -0.969 17.69 30419.2 MSCL1_1701240237 0.983435 0.001159 0.982770 0.001169 0.982555 0.001179 0.982322 0.001190 0.982337 0.001202 
7777.961958 1.4030 488.7 -0.252 -0.530 17.14 30952.7 MSCL1_1701240238 0.983160 0.001155 0.982434 0.001164 0.982119 0.001174 0.981973 0.001185 0.982077 0.001196 
7777.962236 1.4010 486.1 -0.819 0.367 17.35 29786.2 MSCL1_1701240239 0.986148 0.001156 0.985573 0.001165 0.985130 0.001175 0.985063 0.001186 0.985077 0.001198 
7777.962513 1.3991 483.7 0.630 1.075 16.64 33660.1 MSCL1_1701240240 0.985468 0.001152 0.984577 0.001161 0.983963 0.001170 0.983817 0.001181 0.983729 0.001192 
7777.962791 1.3971 485.7 0.163 0.744 16.32 39318.4 MSCL1_1701240241 0.984087 0.001150 0.982771 0.001158 0.982196 0.001168 0.981924 0.001179 0.982044 0.001191 
7777.963057 1.3952 489.3 -0.317 0.158 16.63 37563.6 MSCL1_1701240242 0.984605 0.001150 0.983482 0.001158 0.982840 0.001168 0.982402 0.001179 0.982058 0.001190 
7777.963347 1.3932 486.7 0.196 -0.371 16.12 36158.1 MSCL1_1701240243 0.984676 0.001148 0.984025 0.001158 0.983515 0.001168 0.983344 0.001179 0.983136 0.001190 
7777.963625 1.3912 487.5 0.281 -1.305 16.51 33793.9 MSCL1_1701240244 0.986768 0.001148 0.985961 0.001157 0.985496 0.001166 0.985374 0.001177 0.985344 0.001189 
7777.963914 1.3892 483.1 -0.108 -0.749 17.08 28454.0 MSCL1_1701240245 0.981412 0.001141 0.981377 0.001151 0.981378 0.001161 0.981670 0.001173 0.981778 0.001185 
7777.964192 1.3873 479.4 -0.505 1.567 16.74 33009.8 MSCL1_1701240246 0.985039 0.001142 0.984241 0.001151 0.983706 0.001161 0.983401 0.001172 0.983222 0.001183 
7777.964470 1.3854 476.7 -0.401 1.837 16.62 34734.7 MSCL1_1701240247 0.984057 0.001139 0.982991 0.001148 0.982622 0.001158 0.982519 0.001169 0.982428 0.001181 
7777.964759 1.3834 470.8 0.356 -0.026 15.47 36653.3 MSCL1_1701240248 0.982727 0.001134 0.981947 0.001143 0.981425 0.001152 0.981112 0.001163 0.980888 0.001174 
7777.965037 1.3815 472.4 0.519 -1.536 16.63 35940.6 MSCL1_1701240249 0.984553 0.001135 0.983688 0.001143 0.982928 0.001153 0.982687 0.001163 0.982443 0.001175 
7777.965326 1.3795 475.6 0.461 -0.310 16.65 32795.9 MSCL1_1701240250 0.981268 0.001131 0.980820 0.001140 0.980605 0.001150 0.980413 0.001161 0.980316 0.001173 
7777.965615 1.3776 477.6 -0.362 0.532 17.04 29735.4 MSCL1_1701240251 0.982347 0.001132 0.981933 0.001141 0.981680 0.001152 0.981425 0.001163 0.981375 0.001174 
7777.965893 1.3757 481.7 -0.343 0.985 17.64 28050.1 MSCL1_1701240252 0.980244 0.001129 0.980095 0.001139 0.980126 0.001149 0.980110 0.001160 0.980407 0.001173 
7777.966171 1.3738 477.7 1.090 0.272 17.35 27158.0 MSCL1_1701240253 0.981161 0.001129 0.980919 0.001139 0.981019 0.001150 0.981261 0.001162 0.981588 0.001174 
7777.966449 1.3719 476.1 -0.426 -0.847 17.05 27865.9 MSCL1_1701240254 0.981426 0.001128 0.981455 0.001138 0.981804 0.001149 0.981752 0.001160 0.982061 0.001173 
7777.966726 1.3701 476.3 -0.105 -1.376 17.89 28584.6 MSCL1_1701240255 0.980739 0.001124 0.980690 0.001134 0.980740 0.001145 0.980701 0.001156 0.980689 0.001168 
7777.967016 1.3682 469.2 0.091 1.636 16.85 29282.2 MSCL1_1701240256 0.983882 0.001125 0.983347 0.001134 0.982949 0.001144 0.982647 0.001155 0.982637 0.001167 
7777.967305 1.3663 467.7 0.200 1.127 16.66 34700.6 MSCL1_1701240257 0.984513 0.001125 0.983530 0.001134 0.982977 0.001144 0.982482 0.001155 0.982296 0.001167 
7777.967583 1.3644 525.7 -0.167 -0.165 16.73 30363.9 MSCL1_1701240258 0.982471 0.001156 0.981848 0.001168 0.981547 0.001181 0.981430 0.001195 0.981249 0.001210 
7777.967872 1.3625 488.7 0.660 -1.189 16.23 33532.9 MSCL1_1701240259 0.984107 0.001133 0.983347 0.001143 0.982733 0.001154 0.982799 0.001166 0.983061 0.001180 
7777.968150 1.3607 452.9 -0.564 -0.962 15.93 39103.0 MSCL1_1701240260 0.985235 0.001116 0.984366 0.001125 0.983856 0.001135 0.983521 0.001146 0.983297 0.001158 
7777.968439 1.3588 447.3 -0.873 1.694 16.35 37489.5 MSCL1_1701240261 0.982095 0.001111 0.980992 0.001120 0.980562 0.001130 0.980356 0.001140 0.980290 0.001152 
7777.968717 1.3570 447.1 -0.369 1.441 16.84 33338.5 MSCL1_1701240262 0.982272 0.001109 0.981422 0.001117 0.980990 0.001127 0.980819 0.001138 0.980789 0.001149 
7777.968995 1.3553 445.3 -0.435 -0.637 16.87 33512.0 MSCL1_1701240263 0.982187 0.001108 0.981262 0.001117 0.980925 0.001127 0.980671 0.001137 0.980379 0.001149 
7777.969273 1.3535 445.7 0.343 -0.803 16.37 36095.8 MSCL1_1701240264 0.981878 0.001106 0.980863 0.001115 0.980470 0.001125 0.980179 0.001135 0.979982 0.001147 
7777.969562 1.3516 465.2 0.780 -0.401 15.72 39081.0 MSCL1_1701240265 0.982712 0.001112 0.981741 0.001122 0.981280 0.001132 0.980965 0.001144 0.980667 0.001156 
7777.969840 1.3499 445.0 0.087 0.000 16.77 34191.8 MSCL1_1701240266 0.984274 0.001106 0.983416 0.001115 0.982875 0.001125 0.982706 0.001136 0.982655 0.001147 
7777.970118 1.3481 437.9 0.256 0.676 16.40 36346.2 MSCL1_1701240267 0.983449 0.001102 0.982540 0.001111 0.982106 0.001121 0.981749 0.001132 0.981576 0.001143 
7777.970407 1.3463 430.2 -0.293 0.070 16.95 34859.4 MSCL1_1701240268 0.983673 0.001099 0.982965 0.001108 0.982651 0.001118 0.982406 0.001129 0.982747 0.001140 
7777.970685 1.3445 425.9 0.000 0.273 16.43 38452.5 MSCL1_1701240269 0.982591 0.001096 0.981552 0.001104 0.981030 0.001114 0.980971 0.001125 0.981057 0.001136 
7777.970963 1.3428 425.9 0.409 0.573 16.39 32748.6 MSCL1_1701240270 0.984157 0.001096 0.983268 0.001105 0.983023 0.001115 0.983019 0.001125 0.982971 0.001137 
7777.971252 1.3410 430.1 0.094 -0.001 17.34 31507.4 MSCL1_1701240271 0.982237 0.001094 0.981719 0.001103 0.981453 0.001113 0.981509 0.001124 0.981629 0.001135 
7777.971530 1.3393 434.2 -0.147 -0.406 16.43 35786.4 MSCL1_1701240272 0.983260 0.001094 0.982270 0.001103 0.981770 0.001113 0.981501 0.001124 0.981258 0.001135 
7777.971819 1.3375 436.7 -0.578 0.173 15.42 38605.6 MSCL1_1701240273 0.983751 0.001096 0.982824 0.001105 0.982292 0.001115 0.982032 0.001126 0.981755 0.001137 
7777.972097 1.3358 439.8 0.469 0.167 16.95 30208.3 MSCL1_1701240274 0.980179 0.001092 0.979568 0.001101 0.979454 0.001111 0.979611 0.001123 0.979901 0.001135 
7777.972375 1.3341 452.9 -0.221 0.420 17.03 28921.0 MSCL1_1701240275 0.982232 0.001100 0.981980 0.001110 0.981941 0.001121 0.981996 0.001133 0.982019 0.001146 
7777.972652 1.3324 519.8 0.593 -0.659 15.57 30440.4 MSCL1_1701240276 0.977804 0.001136 0.977248 0.001149 0.977090 0.001163 0.977160 0.001179 0.977301 0.001195 
7777.972942 1.3306 474.2 0.372 -0.098 17.26 30768.9 MSCL1_1701240277 0.982507 0.001107 0.981870 0.001118 0.981690 0.001130 0.981489 0.001142 0.981283 0.001156 
7777.973220 1.3289 525.7 -0.625 0.305 17.29 27741.5 MSCL1_1701240278 0.969042 0.001127 0.968685 0.001140 0.968712 0.001155 0.968680 0.001171 0.968690 0.001187 
7777.973486 1.3273 496.7 -1.340 0.405 17.10 24940.0 MSCL1_1701240279 0.985277 0.001135 0.985195 0.001148 0.985436 0.001162 0.985432 0.001177 0.985609 0.001193 
7777.973775 1.3256 420.2 1.059 -0.240 16.87 29555.9 MSCL1_1701240280 0.980601 0.001079 0.980174 0.001089 0.980041 0.001099 0.979923 0.001110 0.979961 0.001121 
7777.974053 1.3239 419.1 0.045 -0.754 16.88 28035.6 MSCL1_1701240281 0.979292 0.001077 0.979486 0.001087 0.979852 0.001098 0.979934 0.001109 0.980084 0.001121 
7777.974342 1.3222 421.5 0.534 0.323 18.73 20727.1 MSCL1_1701240282 0.976902 0.001076 0.977998 0.001086 0.978872 0.001098 0.979424 0.001109 0.979946 0.001121 
7777.974632 1.3205 435.0 0.213 0.600 16.32 27189.5 MSCL1_1701240283 0.982105 0.001090 0.981888 0.001101 0.981818 0.001112 0.982208 0.001124 0.982490 0.001137 
7777.974909 1.3189 435.5 -1.002 0.214 17.38 26075.1 MSCL1_1701240284 0.978695 0.001082 0.978495 0.001092 0.978864 0.001104 0.978959 0.001116 0.979051 0.001128 
7777.975187 1.3172 629.8 -0.505 -0.244 16.41 24181.9 MSCL1_1701240285 0.956224 0.001186 0.955699 0.001206 0.955486 0.001228 0.955699 0.001251 0.955590 0.001274 
7777.975465 1.3156 840.2 0.075 -0.874 16.78 17148.9 MSCL1_1701240286 1.000338 0.001446 0.999752 0.001484 1.000034 0.001524 1.000357 0.001567 1.000272 0.001610 
7777.975754 1.3139 433.6 0.066 0.056 16.48 31031.4 MSCL1_1701240287 0.982959 0.001074 0.982306 0.001083 0.982011 0.001093 0.982053 0.001105 0.982032 0.001117 
7777.976032 1.3123 464.7 0.671 1.283 16.13 33756.6 MSCL1_1701240288 0.984182 0.001093 0.983194 0.001103 0.982891 0.001115 0.982620 0.001127 0.982573 0.001141 
7777.976310 1.3107 1126.1 0.973 1.237 17.86 7973.5 MSCL1_1701240289 0.955517 0.002457 0.954824 0.002576 0.953930 0.002696 0.954898 0.002826 0.955579 0.002956 
7777.976599 1.3091 0.0 270.864 444.927 0.00 1940.0 MSCL1_1701240290 0.000000 0.000000 0.000000 0.000000 0.000000 0.000000 0.000000 0.000000 0.000000 0.000000 
7777.976877 1.3075 1872.3 78.761 -56.300 19.14 3331.5 MSCL1_1701240291 0.696117 0.009308 0.701088 0.009959 0.699082 0.010569 0.698931 0.011210 0.705345 0.011991 
7777.977155 1.3059 0.0 270.864 444.927 0.00 1767.8 MSCL1_1701240292 0.000000 0.000000 0.000000 0.000000 0.000000 0.000000 0.000000 0.000000 0.000000 0.000000 
7777.977444 1.3043 1771.5 75.247 -55.565 18.27 2997.5 MSCL1_1701240293 0.738664 0.009563 0.739576 0.010214 0.740026 0.010894 0.736809 0.011517 0.738358 0.012227 
7777.977722 1.3027 1379.0 -2.274 -0.866 18.74 5156.6 MSCL1_1701240294 0.995167 0.004566 0.994493 0.004835 0.992725 0.005095 0.992136 0.005366 0.994390 0.005666 
7777.978000 1.3011 1423.6 -2.074 -1.353 17.78 3985.9 MSCL1_1701240295 1.002092 0.008060 1.001901 0.008584 1.000829 0.009089 1.000016 0.009591 0.996566 0.010066 
7777.978277 1.2996 1342.0 -2.750 -1.869 15.89 5215.3 MSCL1_1701240296 1.029572 0.005977 1.029694 0.006346 1.029149 0.006718 1.032964 0.007140 1.035107 0.007541 
7777.978555 1.2980 909.1 -3.256 -1.087 17.04 11356.6 MSCL1_1701240297 0.977287 0.002031 0.976509 0.002116 0.975692 0.002202 0.976388 0.002295 0.976942 0.002390 
7777.978845 1.2964 921.2 -3.991 -0.760 17.57 12149.0 MSCL1_1701240298 0.996557 0.001738 0.996438 0.001801 0.996499 0.001867 0.996899 0.001935 0.997650 0.002007 
7777.979122 1.2949 458.5 -3.483 -0.404 18.02 25443.7 MSCL1_1701240299 0.985494 0.001094 0.985298 0.001106 0.985245 0.001119 0.985172 0.001133 0.985400 0.001148 
7777.979412 1.2933 392.1 -1.140 -0.596 18.54 27684.2 MSCL1_1701240300 0.982806 0.001049 0.982270 0.001057 0.982172 0.001067 0.982006 0.001078 0.982056 0.001089 
7777.979689 1.2918 385.1 0.080 0.011 16.94 34646.1 MSCL1_1701240301 0.980632 0.001042 0.979642 0.001050 0.979215 0.001060 0.979160 0.001070 0.979141 0.001081 
7777.979979 1.2902 384.6 1.429 0.494 17.26 36792.2 MSCL1_1701240302 0.981325 0.001042 0.980510 0.001050 0.979969 0.001059 0.979747 0.001069 0.979615 0.001080 
7777.980245 1.2887 384.2 0.076 0.266 16.55 38940.4 MSCL1_1701240303 0.982373 0.001041 0.981405 0.001049 0.980927 0.001059 0.980652 0.001069 0.980407 0.001080 
7777.980534 1.2872 384.8 -1.279 -0.309 16.29 39168.2 MSCL1_1701240304 0.982343 0.001041 0.981257 0.001049 0.980667 0.001058 0.980332 0.001068 0.980033 0.001079 
7777.980824 1.2856 384.7 0.284 -1.133 15.50 35263.9 MSCL1_1701240305 0.979852 0.001036 0.979004 0.001044 0.978663 0.001054 0.978484 0.001064 0.978508 0.001075 
7777.981101 1.2841 380.2 0.934 0.233 16.40 36171.2 MSCL1_1701240306 0.981858 0.001036 0.980753 0.001044 0.980330 0.001054 0.979976 0.001064 0.979760 0.001075 
7777.981379 1.2826 378.3 0.625 0.560 16.60 36604.9 MSCL1_1701240307 0.981943 0.001035 0.981130 0.001043 0.980788 0.001052 0.980495 0.001062 0.980407 0.001073 
7777.981657 1.2811 378.8 -0.865 0.551 15.56 39144.7 MSCL1_1701240308 0.981835 0.001034 0.980864 0.001042 0.980403 0.001052 0.980090 0.001062 0.979888 0.001073 
7777.981935 1.2797 378.8 -0.945 0.135 16.53 34499.7 MSCL1_1701240309 0.982854 0.001034 0.981931 0.001043 0.981796 0.001052 0.981632 0.001063 0.981644 0.001074 
7777.982213 1.2782 379.6 0.051 -0.018 16.84 34912.1 MSCL1_1701240310 0.981607 0.001032 0.980868 0.001040 0.980502 0.001050 0.980259 0.001060 0.980225 0.001071 
7777.982490 1.2767 381.0 0.923 -0.531 16.64 36238.7 MSCL1_1701240311 0.984105 0.001033 0.983059 0.001042 0.982545 0.001051 0.982571 0.001062 0.982773 0.001073 
7777.982780 1.2752 379.2 -0.061 0.055 16.21 39250.3 MSCL1_1701240312 0.984271 0.001033 0.983141 0.001041 0.982520 0.001050 0.982444 0.001061 0.982357 0.001072 
7777.983057 1.2738 376.4 0.568 0.706 16.08 37764.2 MSCL1_1701240313 0.983401 0.001030 0.982323 0.001038 0.981979 0.001047 0.981822 0.001058 0.981701 0.001069 
7777.983347 1.2723 377.1 0.684 0.368 15.51 42144.0 MSCL1_1701240314 0.984026 0.001029 0.982770 0.001037 0.982096 0.001046 0.981591 0.001056 0.981355 0.001067 
7777.983625 1.2708 376.8 -0.875 0.127 15.43 44870.9 MSCL1_1701240315 0.981442 0.001025 0.979917 0.001033 0.979310 0.001042 0.978938 0.001052 0.978539 0.001063 
7777.983902 1.2694 374.9 -0.951 -0.032 16.28 41099.4 MSCL1_1701240316 0.981866 0.001025 0.980979 0.001033 0.980375 0.001043 0.980156 0.001053 0.980017 0.001064 
7777.984169 1.2680 375.0 -0.119 -0.714 15.56 41910.7 MSCL1_1701240317 0.985530 0.001027 0.984455 0.001035 0.984014 0.001045 0.983682 0.001055 0.983372 0.001066 
7777.984458 1.2666 373.1 0.655 -0.041 15.75 40480.3 MSCL1_1701240318 0.984299 0.001025 0.983294 0.001033 0.982848 0.001043 0.982589 0.001053 0.982324 0.001064 
7777.984736 1.2652 372.2 0.517 1.130 16.82 38072.2 MSCL1_1701240319 0.983310 0.001023 0.982413 0.001031 0.981984 0.001041 0.981944 0.001051 0.981884 0.001062 
7777.985025 1.2637 370.7 0.063 -0.438 15.56 44815.5 MSCL1_1701240320 0.984299 0.001023 0.983161 0.001031 0.982448 0.001041 0.982076 0.001051 0.981506 0.001061 
7777.985303 1.2623 369.7 0.270 -1.151 15.59 46166.5 MSCL1_1701240321 0.983542 0.001021 0.982183 0.001029 0.981546 0.001039 0.981224 0.001049 0.981138 0.001060 
7777.985592 1.2608 369.2 0.660 -0.267 16.05 43135.7 MSCL1_1701240322 0.986385 0.001023 0.984949 0.001031 0.984220 0.001040 0.984005 0.001051 0.983824 0.001062 
7777.985870 1.2595 365.2 -1.235 0.458 16.13 39462.5 MSCL1_1701240323 0.983126 0.001017 0.981698 0.001024 0.981255 0.001034 0.980971 0.001044 0.981012 0.001055 
7777.986148 1.2581 364.0 -0.094 1.068 16.37 38672.6 MSCL1_1701240324 0.984751 0.001018 0.983602 0.001026 0.983174 0.001035 0.982889 0.001045 0.982666 0.001056 
7777.986426 1.2567 365.3 -0.358 0.717 16.39 38525.5 MSCL1_1701240325 0.984146 0.001016 0.982865 0.001024 0.982565 0.001034 0.982281 0.001044 0.982232 0.001055 
7777.986703 1.2553 366.6 0.459 -0.076 15.66 38714.2 MSCL1_1701240326 0.982214 0.001015 0.981229 0.001024 0.980748 0.001033 0.980481 0.001044 0.980291 0.001055 
7777.986981 1.2540 367.6 0.206 -0.489 15.29 37924.3 MSCL1_1701240327 0.983726 0.001018 0.982943 0.001027 0.982557 0.001037 0.982496 0.001047 0.982343 0.001059 
7777.987259 1.2526 369.1 -0.037 -0.916 16.13 37539.2 MSCL1_1701240328 0.983031 0.001016 0.982114 0.001024 0.981740 0.001034 0.981401 0.001044 0.981160 0.001055 
7777.987548 1.2512 366.3 0.469 0.262 17.32 33707.0 MSCL1_1701240329 0.983997 0.001015 0.983049 0.001023 0.982636 0.001033 0.982465 0.001043 0.982324 0.001054 
7777.987826 1.2498 368.2 -0.186 0.025 16.56 35894.2 MSCL1_1701240330 0.982773 0.001011 0.981523 0.001019 0.980911 0.001029 0.980842 0.001039 0.980739 0.001050 
7777.988104 1.2485 366.2 -0.558 0.469 16.04 40409.7 MSCL1_1701240331 0.984214 0.001010 0.982875 0.001018 0.982166 0.001027 0.981639 0.001037 0.981385 0.001048 
7777.988393 1.2471 356.1 -0.981 -0.733 15.86 39266.3 MSCL1_1701240332 0.982499 0.001004 0.981108 0.001011 0.980570 0.001021 0.980228 0.001031 0.980343 0.001042 
7777.988671 1.2458 351.1 1.424 0.404 15.71 42213.4 MSCL1_1701240333 0.984595 0.001004 0.983545 0.001011 0.983203 0.001021 0.982926 0.001031 0.982888 0.001041 
7777.988960 1.2444 346.3 0.436 0.216 15.62 41812.0 MSCL1_1701240334 0.983094 0.001001 0.981943 0.001008 0.981482 0.001018 0.981331 0.001028 0.981200 0.001038 
7777.989238 1.2431 343.6 0.144 -0.169 16.50 36849.7 MSCL1_1701240335 0.981872 0.000998 0.980918 0.001006 0.980272 0.001015 0.980136 0.001025 0.980088 0.001036 
7777.989516 1.2418 339.7 -0.141 -0.719 16.68 31059.6 MSCL1_1701240336 0.981634 0.000996 0.981313 0.001005 0.981267 0.001014 0.981522 0.001024 0.981650 0.001035 
7777.989794 1.2404 342.1 -0.500 0.732 16.04 38273.7 MSCL1_1701240337 0.984585 0.001000 0.983331 0.001007 0.982838 0.001017 0.982478 0.001026 0.982426 0.001037 
7777.990071 1.2391 337.6 -0.507 0.601 15.95 38535.8 MSCL1_1701240338 0.982265 0.000995 0.981385 0.001003 0.980859 0.001012 0.980499 0.001021 0.980514 0.001032 
7777.990349 1.2378 336.1 -0.192 -0.606 14.82 44706.7 MSCL1_1701240339 0.983749 0.000995 0.982543 0.001002 0.981979 0.001011 0.981642 0.001021 0.981583 0.001032 
7777.990627 1.2366 333.9 0.583 -1.469 15.49 43651.9 MSCL1_1701240340 0.987101 0.000996 0.985986 0.001004 0.985385 0.001013 0.985169 0.001023 0.984991 0.001033 
7777.990905 1.2353 333.4 0.387 0.132 16.47 35421.1 MSCL1_1701240341 0.981671 0.000989 0.980821 0.000997 0.980497 0.001006 0.980110 0.001016 0.979993 0.001026 
7777.991182 1.2340 328.6 -0.241 0.700 16.40 41953.7 MSCL1_1701240342 0.984997 0.000990 0.983554 0.000998 0.982953 0.001006 0.982517 0.001016 0.982323 0.001026 
7777.991472 1.2327 326.9 -0.305 0.809 14.99 44347.0 MSCL1_1701240343 0.983010 0.000986 0.981718 0.000993 0.981318 0.001002 0.981229 0.001011 0.980969 0.001021 
7777.991738 1.2314 328.1 0.154 -0.766 15.39 44079.9 MSCL1_1701240344 0.985289 0.000987 0.983950 0.000995 0.983456 0.001004 0.983114 0.001013 0.982994 0.001024 
7777.992027 1.2301 326.1 0.403 -1.100 15.86 43707.4 MSCL1_1701240345 0.983295 0.000984 0.982121 0.000991 0.981706 0.001000 0.981197 0.001010 0.981032 0.001020 
7777.992317 1.2288 324.8 -0.910 0.022 15.85 44432.4 MSCL1_1701240346 0.983388 0.000983 0.982239 0.000991 0.981717 0.001000 0.981528 0.001009 0.981245 0.001019 
7777.992595 1.2275 322.3 -0.082 0.949 15.18 51007.2 MSCL1_1701240347 0.982736 0.000981 0.981383 0.000988 0.980691 0.000996 0.980276 0.001006 0.980312 0.001016 
7777.992872 1.2263 320.4 0.452 0.404 15.47 47322.9 MSCL1_1701240348 0.986482 0.000984 0.985148 0.000991 0.984680 0.001000 0.984252 0.001009 0.983983 0.001019 
7777.993162 1.2250 320.6 0.310 0.070 15.73 47906.1 MSCL1_1701240349 0.984872 0.000982 0.983756 0.000989 0.983265 0.000998 0.982813 0.001007 0.982630 0.001018 
7777.993439 1.2238 390.9 0.044 -0.916 15.31 46271.6 MSCL1_1701240350 0.982128 0.001026 0.980792 0.001037 0.979926 0.001048 0.979605 0.001061 0.979429 0.001075 
7777.993728 1.2225 414.6 0.074 0.155 15.86 38297.5 MSCL1_1701240351 0.991303 0.001061 0.989720 0.001073 0.988926 0.001087 0.988426 0.001102 0.988239 0.001118 
7777.994006 1.2212 319.5 -0.212 0.872 15.37 47343.1 MSCL1_1701240352 0.984466 0.000978 0.983156 0.000986 0.982554 0.000994 0.982473 0.001004 0.982156 0.001014 
7777.994283 1.2200 321.2 -0.177 0.083 15.86 45851.8 MSCL1_1701240353 0.985670 0.000978 0.984372 0.000986 0.983726 0.000994 0.983338 0.001004 0.983135 0.001014 
7777.994561 1.2188 316.8 0.135 -0.604 16.23 46202.4 MSCL1_1701240354 0.986907 0.000978 0.985577 0.000986 0.984999 0.000995 0.984763 0.001004 0.984682 0.001015 
7777.994850 1.2175 317.5 -0.069 0.082 17.19 37416.3 MSCL1_1701240355 0.986347 0.000976 0.985048 0.000983 0.984628 0.000992 0.984047 0.001001 0.983727 0.001011 
7777.995128 1.2163 317.6 0.396 0.075 15.82 47279.1 MSCL1_1701240356 0.986895 0.000977 0.985643 0.000984 0.985022 0.000993 0.984516 0.001002 0.984316 0.001012 
7777.995418 1.2151 313.4 -0.640 -0.755 15.50 49911.1 MSCL1_1701240357 0.985745 0.000973 0.984478 0.000981 0.984050 0.000990 0.983713 0.000999 0.983601 0.001009 
7777.995695 1.2139 320.5 -0.241 0.070 15.56 43440.6 MSCL1_1701240358 0.986354 0.000973 0.985070 0.000981 0.984479 0.000989 0.984225 0.000999 0.984108 0.001009 
7777.995985 1.2126 317.0 0.516 0.469 16.11 40323.1 MSCL1_1701240359 0.985552 0.000972 0.984502 0.000980 0.983948 0.000989 0.983545 0.000998 0.983494 0.001009 
7777.996251 1.2115 314.3 -0.043 0.261 14.94 57659.4 MSCL1_1701240360 0.986960 0.000972 0.985610 0.000979 0.984790 0.000988 0.984371 0.000997 0.983848 0.001007 
7777.996540 1.2103 311.9 -0.151 -0.033 15.65 47995.2 MSCL1_1701240361 0.986356 0.000971 0.984779 0.000978 0.984121 0.000986 0.983787 0.000996 0.983566 0.001006 
7777.996818 1.2091 310.3 -0.354 -0.490 15.25 51553.9 MSCL1_1701240362 0.986840 0.000969 0.985405 0.000976 0.984701 0.000985 0.984389 0.000994 0.984134 0.001004 
7777.997096 1.2079 307.8 0.218 -0.273 14.09 59857.4 MSCL1_1701240363 0.988819 0.000970 0.987520 0.000978 0.986832 0.000986 0.986502 0.000996 0.986162 0.001006 
7777.997385 1.2067 304.1 0.559 0.463 15.00 54820.2 MSCL1_1701240364 0.985726 0.000965 0.984339 0.000972 0.983806 0.000981 0.983446 0.000990 0.983333 0.001000 
7777.997663 1.2055 302.6 0.241 0.368 19.56 32550.4 MSCL1_1701240365 0.985991 0.000965 0.985150 0.000973 0.984715 0.000981 0.984365 0.000991 0.984437 0.001001 
7777.997941 1.2044 302.4 -0.830 0.125 20.00 33819.2 MSCL1_1701240366 0.983774 0.000962 0.982816 0.000969 0.982215 0.000978 0.981700 0.000987 0.981440 0.000997 
7777.998230 1.2032 302.9 0.158 -0.865 20.04 30072.5 MSCL1_1701240367 0.983887 0.000961 0.983600 0.000970 0.983342 0.000978 0.983299 0.000988 0.983531 0.000999 
7777.998519 1.2020 303.4 0.366 -0.454 19.81 28975.9 MSCL1_1701240368 0.985708 0.000963 0.985245 0.000971 0.984903 0.000980 0.984744 0.000990 0.984707 0.001000 
7777.998797 1.2008 302.8 0.114 0.142 19.46 30586.9 MSCL1_1701240369 0.984024 0.000960 0.983613 0.000968 0.983277 0.000977 0.983175 0.000986 0.983025 0.000996 
7777.999087 1.1997 302.1 -0.342 0.475 19.52 32498.6 MSCL1_1701240370 0.986985 0.000963 0.986058 0.000970 0.985762 0.000979 0.985489 0.000989 0.985504 0.000999 
7777.999376 1.1985 301.3 -0.254 -0.233 18.48 32956.9 MSCL1_1701240371 0.986455 0.000961 0.985652 0.000969 0.985277 0.000978 0.985058 0.000987 0.985010 0.000998 
7777.999654 1.1974 299.3 0.675 0.027 20.35 31774.4 MSCL1_1701240372 0.989618 0.000962 0.988765 0.000970 0.988293 0.000979 0.988160 0.000988 0.988220 0.000999 
7777.999920 1.1963 300.0 -0.906 -0.176 20.13 29003.7 MSCL1_1701240373 0.987060 0.000960 0.986690 0.000968 0.986623 0.000977 0.986700 0.000987 0.986623 0.000997 
7778.000209 1.1951 298.4 0.132 0.138 19.81 30895.8 MSCL1_1701240374 0.987169 0.000957 0.986642 0.000965 0.986404 0.000974 0.986185 0.000983 0.986114 0.000993 
7778.000499 1.1940 296.0 0.589 -0.445 19.78 30388.0 MSCL1_1701240375 0.987306 0.000957 0.986699 0.000965 0.986347 0.000974 0.986017 0.000984 0.985918 0.000994 
7778.000776 1.1928 294.3 -0.015 -0.501 19.01 31953.6 MSCL1_1701240376 0.991078 0.000960 0.990657 0.000968 0.990403 0.000977 0.990332 0.000987 0.990455 0.000997 
7778.001066 1.1917 292.4 -0.888 0.449 19.92 30279.4 MSCL1_1701240377 0.988585 0.000956 0.988079 0.000964 0.987876 0.000973 0.987811 0.000983 0.987757 0.000993 
7778.001344 1.1906 293.0 0.378 0.533 19.29 30327.2 MSCL1_1701240378 0.989780 0.000956 0.989184 0.000964 0.988779 0.000973 0.988542 0.000982 0.988573 0.000993 
7778.001633 1.1895 294.2 -0.158 0.305 19.62 29744.7 MSCL1_1701240379 0.987150 0.000953 0.986680 0.000961 0.986364 0.000970 0.986059 0.000979 0.986294 0.000989 
7778.001899 1.1884 292.7 -0.545 -0.637 19.32 32413.5 MSCL1_1701240380 0.987128 0.000952 0.986506 0.000960 0.985854 0.000969 0.985449 0.000978 0.985568 0.000988 
7778.002177 1.1873 294.9 -0.417 -0.167 20.97 26309.9 MSCL1_1701240381 0.989320 0.000954 0.988783 0.000962 0.988423 0.000971 0.988355 0.000980 0.988299 0.000990 
7778.002466 1.1862 292.8 0.842 0.240 19.14 32129.5 MSCL1_1701240382 0.991107 0.000956 0.990509 0.000964 0.990271 0.000973 0.990082 0.000983 0.990020 0.000993 
7778.002744 1.1851 293.2 -0.093 -0.179 19.55 30069.7 MSCL1_1701240383 0.989294 0.000952 0.988741 0.000960 0.988485 0.000969 0.988389 0.000979 0.988445 0.000989 
7778.003022 1.1840 289.8 -0.191 -0.521 19.17 31822.0 MSCL1_1701240384 0.989003 0.000950 0.988387 0.000958 0.987824 0.000967 0.987683 0.000976 0.987643 0.000986 
7778.003300 1.1830 288.8 -0.139 0.043 18.80 34484.3 MSCL1_1701240385 0.991740 0.000952 0.990875 0.000960 0.990426 0.000969 0.990256 0.000978 0.990190 0.000989 
7778.003577 1.1819 289.3 -0.030 0.124 20.28 32814.9 MSCL1_1701240386 0.991347 0.000951 0.990616 0.000959 0.989988 0.000967 0.989572 0.000976 0.989550 0.000987 
7778.003867 1.1808 287.1 -0.367 -0.005 18.79 35039.9 MSCL1_1701240387 0.991374 0.000950 0.990406 0.000958 0.989801 0.000966 0.989269 0.000975 0.989192 0.000986 
7778.004144 1.1798 287.1 0.718 -0.208 19.43 33847.2 MSCL1_1701240388 0.992008 0.000949 0.991110 0.000956 0.990543 0.000965 0.990223 0.000974 0.990252 0.000984 
7778.004445 1.1786 285.6 -0.468 -0.039 19.87 34027.5 MSCL1_1701240389 0.994476 0.000951 0.993607 0.000959 0.993188 0.000968 0.992932 0.000977 0.993016 0.000988 
7778.004723 1.1776 283.1 -0.525 0.832 19.73 31434.6 MSCL1_1701240390 0.994455 0.000950 0.993618 0.000957 0.993109 0.000966 0.992975 0.000976 0.993005 0.000986 
7778.005012 1.1765 284.3 0.187 0.214 20.52 30644.4 MSCL1_1701240391 0.992196 0.000947 0.991267 0.000954 0.990725 0.000963 0.990326 0.000972 0.990164 0.000982 
7778.005290 1.1755 277.4 0.181 -0.457 19.16 33418.4 MSCL1_1701240392 0.993261 0.000946 0.992577 0.000954 0.992207 0.000963 0.992106 0.000973 0.991926 0.000982 
7778.005568 1.1744 280.7 0.140 -0.139 19.43 33795.6 MSCL1_1701240393 0.993211 0.000946 0.992589 0.000954 0.992213 0.000963 0.992035 0.000972 0.992031 0.000983 
7778.005857 1.1734 278.3 -0.469 -0.158 19.46 32133.4 MSCL1_1701240394 0.993754 0.000946 0.992963 0.000953 0.992574 0.000962 0.992442 0.000972 0.992358 0.000982 
7778.006135 1.1723 277.1 -0.642 -0.622 19.14 35377.4 MSCL1_1701240395 0.994491 0.000945 0.993559 0.000952 0.993199 0.000961 0.992852 0.000970 0.992756 0.000980 
7778.006413 1.1713 276.4 0.235 -0.126 19.17 33585.1 MSCL1_1701240396 0.995903 0.000946 0.995135 0.000954 0.994870 0.000963 0.994658 0.000972 0.994811 0.000983 
7778.006679 1.1704 272.2 0.990 -0.302 17.96 36975.2 MSCL1_1701240397 0.995704 0.000944 0.994664 0.000952 0.994024 0.000960 0.993769 0.000970 0.993732 0.000980 
7778.006969 1.1693 269.8 -0.049 0.364 19.99 32508.2 MSCL1_1701240398 0.996253 0.000944 0.995668 0.000952 0.995318 0.000961 0.995074 0.000970 0.995008 0.000980 
7778.007258 1.1683 268.0 -0.505 -0.351 19.60 32612.2 MSCL1_1701240399 0.995088 0.000942 0.994390 0.000950 0.993936 0.000958 0.993840 0.000968 0.993918 0.000978 
7778.007536 1.1673 269.0 -0.518 0.553 19.92 31957.6 MSCL1_1701240400 0.997849 0.000944 0.997050 0.000952 0.996728 0.000960 0.996344 0.000969 0.996276 0.000979 
7778.007802 1.1663 268.8 0.247 0.473 20.39 29614.5 MSCL1_1701240401 0.995558 0.000941 0.994687 0.000949 0.994279 0.000957 0.993930 0.000967 0.993831 0.000977 
7778.008091 1.1653 266.8 0.205 0.178 18.93 31144.0 MSCL1_1701240402 0.996541 0.000941 0.995838 0.000949 0.995436 0.000957 0.995363 0.000967 0.995550 0.000977 
7778.008369 1.1643 265.7 -0.401 -0.502 19.84 29292.7 MSCL1_1701240403 0.996342 0.000940 0.995442 0.000948 0.995014 0.000957 0.994738 0.000966 0.994630 0.000976 
7778.008658 1.1633 268.4 0.105 -0.835 20.13 29120.7 MSCL1_1701240404 0.996881 0.000940 0.996433 0.000948 0.996247 0.000957 0.996077 0.000967 0.996032 0.000977 
7778.008936 1.1623 267.9 0.347 0.522 19.82 29542.4 MSCL1_1701240405 0.996976 0.000940 0.996719 0.000948 0.996571 0.000957 0.996354 0.000966 0.996446 0.000976 
7778.009214 1.1613 265.5 0.020 0.532 19.43 34335.3 MSCL1_1701240406 0.998278 0.000940 0.997771 0.000948 0.997577 0.000957 0.997510 0.000966 0.997547 0.000976 
7778.009492 1.1603 263.7 -0.757 -0.072 19.11 31571.1 MSCL1_1701240407 0.999221 0.000940 0.998650 0.000947 0.998448 0.000956 0.998371 0.000966 0.998367 0.000976 
7778.009769 1.1594 263.6 -0.029 -0.020 20.48 30552.5 MSCL1_1701240408 0.998572 0.000938 0.998133 0.000946 0.997822 0.000955 0.997639 0.000964 0.997636 0.000974 
7778.010059 1.1584 261.1 0.349 0.173 19.73 31506.5 MSCL1_1701240409 0.999167 0.000937 0.998453 0.000945 0.998224 0.000954 0.998148 0.000963 0.998232 0.000973 
7778.010337 1.1574 261.5 0.137 -0.344 19.53 34949.2 MSCL1_1701240410 1.002624 0.000939 1.001831 0.000947 1.001439 0.000955 1.001426 0.000965 1.001365 0.000975 
7778.010614 1.1565 262.8 -0.524 -0.515 19.78 32691.9 MSCL1_1701240411 1.000567 0.000937 0.999689 0.000945 0.999216 0.000953 0.999146 0.000963 0.999096 0.000973 
7778.010892 1.1555 262.0 -0.368 0.138 20.32 29605.4 MSCL1_1701240412 0.999521 0.000936 0.998744 0.000943 0.998531 0.000952 0.998446 0.000962 0.998460 0.000972 
7778.011158 1.1546 260.2 -0.215 0.260 18.71 35420.7 MSCL1_1701240413 1.000485 0.000935 0.999625 0.000943 0.999333 0.000952 0.999075 0.000961 0.998910 0.000971 
7778.011448 1.1536 263.5 -0.028 -0.189 19.73 32189.9 MSCL1_1701240414 0.998443 0.000933 0.997615 0.000941 0.997197 0.000949 0.997091 0.000959 0.997187 0.000969 
7778.011725 1.1527 264.2 0.215 -0.189 19.55 31626.3 MSCL1_1701240415 1.001788 0.000935 1.001104 0.000943 1.000944 0.000952 1.000853 0.000961 1.000837 0.000971 
7778.012015 1.1517 261.3 -0.329 -0.151 20.12 32786.0 MSCL1_1701240416 1.000400 0.000933 0.999827 0.000941 0.999383 0.000949 0.999077 0.000958 0.999070 0.000968 
7778.012293 1.1508 259.7 0.529 -0.121 20.11 32127.9 MSCL1_1701240417 1.002584 0.000935 1.001712 0.000942 1.001116 0.000951 1.001063 0.000960 1.001120 0.000970 
7778.012582 1.1498 263.2 -0.009 -0.816 19.04 35152.1 MSCL1_1701240418 1.002458 0.000933 1.001500 0.000941 1.001001 0.000949 1.000736 0.000958 1.000552 0.000968 
7778.012860 1.1489 266.3 -0.259 -0.211 19.17 36266.0 MSCL1_1701240419 1.002168 0.000933 1.001115 0.000941 1.000555 0.000949 1.000252 0.000959 1.000208 0.000969 
7778.013149 1.1480 260.9 -0.292 -0.161 18.90 34290.1 MSCL1_1701240420 1.003597 0.000932 1.002827 0.000940 1.002447 0.000949 1.002154 0.000958 1.002303 0.000968 
7778.013427 1.1471 257.5 -0.178 0.454 20.08 31853.5 MSCL1_1701240421 1.001010 0.000930 1.000206 0.000937 0.999675 0.000946 0.999598 0.000955 0.999581 0.000965 
7778.013716 1.1461 256.6 -0.347 0.143 20.92 24990.0 MSCL1_1701240422 1.000693 0.000929 1.000874 0.000937 1.001036 0.000946 1.001117 0.000955 1.001145 0.000965 
7778.014006 1.1452 256.9 0.295 0.067 20.25 27732.6 MSCL1_1701240423 1.001672 0.000928 1.001001 0.000936 1.000517 0.000944 1.000311 0.000954 1.000487 0.000964 
7778.014272 1.1443 254.3 0.490 -0.102 20.07 29504.4 MSCL1_1701240424 1.001731 0.000928 1.000962 0.000935 1.000632 0.000944 1.000353 0.000953 1.000370 0.000963 
7778.014550 1.1434 255.2 0.325 -1.368 20.10 31716.2 MSCL1_1701240425 1.003081 0.000929 1.002792 0.000937 1.002640 0.000945 1.002780 0.000955 1.002664 0.000965 
7778.014839 1.1425 255.6 -0.524 -0.020 21.24 26599.7 MSCL1_1701240426 1.001195 0.000926 1.000993 0.000934 1.000756 0.000942 1.000742 0.000952 1.000927 0.000962 
7778.015128 1.1416 251.2 -0.750 1.064 18.60 34431.4 MSCL1_1701240427 1.002082 0.000925 1.001401 0.000933 1.001035 0.000941 1.000892 0.000950 1.000919 0.000960 
7778.015406 1.1407 254.9 -0.794 0.459 18.67 33652.6 MSCL1_1701240428 1.004115 0.000927 1.003352 0.000934 1.003056 0.000943 1.003088 0.000952 1.003124 0.000962 
7778.015695 1.1398 252.3 0.628 -0.261 19.64 27595.3 MSCL1_1701240429 0.999322 0.000922 0.999156 0.000930 0.999211 0.000939 0.999331 0.000948 0.999399 0.000958 
7778.015973 1.1389 251.4 0.139 -0.762 19.28 32712.2 MSCL1_1701240430 1.000707 0.000922 0.999749 0.000929 0.999217 0.000938 0.998910 0.000947 0.998893 0.000957 
7778.016262 1.1380 250.4 -0.041 -0.340 20.19 29224.9 MSCL1_1701240431 1.001419 0.000921 1.000616 0.000929 1.000280 0.000938 1.000033 0.000947 1.000118 0.000957 
7778.016540 1.1371 248.6 -0.137 0.799 20.43 30810.3 MSCL1_1701240432 1.002408 0.000921 1.001200 0.000928 1.000593 0.000936 1.000179 0.000945 1.000134 0.000955 
7778.016818 1.1362 251.7 -1.361 0.642 18.74 37336.9 MSCL1_1701240433 1.001622 0.000920 1.000770 0.000927 1.000377 0.000936 1.000085 0.000945 1.000150 0.000955 
7778.017107 1.1354 249.3 0.301 -0.132 18.04 36175.9 MSCL1_1701240434 1.001516 0.000920 1.001166 0.000928 1.000849 0.000936 1.000763 0.000946 1.000802 0.000955 
7778.017397 1.1345 247.7 0.840 -0.776 18.86 32745.9 MSCL1_1701240435 1.002165 0.000920 1.001695 0.000928 1.001508 0.000936 1.001237 0.000945 1.001191 0.000955 
7778.017675 1.1336 252.7 0.004 -0.398 18.96 36062.5 MSCL1_1701240436 1.004645 0.000922 1.003818 0.000930 1.003394 0.000938 1.003078 0.000948 1.003089 0.000958 
7778.017964 1.1327 249.4 0.074 0.396 19.51 36412.3 MSCL1_1701240437 1.003373 0.000919 1.002296 0.000926 1.001655 0.000935 1.001242 0.000944 1.001077 0.000953 
7778.018253 1.1319 249.8 -0.180 0.158 19.22 33571.8 MSCL1_1701240438 1.003926 0.000919 1.003239 0.000927 1.002731 0.000935 1.002461 0.000945 1.002425 0.000954 
7778.018531 1.1310 245.3 0.243 0.149 19.77 34593.4 MSCL1_1701240439 1.002048 0.000916 1.001263 0.000924 1.000722 0.000932 1.000558 0.000941 1.000491 0.000951 
7778.018809 1.1302 245.5 -0.529 -0.537 18.71 37645.5 MSCL1_1701240440 1.003700 0.000918 1.002884 0.000925 1.002402 0.000934 1.002066 0.000943 1.001873 0.000952 
7778.019098 1.1293 246.5 -0.035 -0.833 19.01 33287.1 MSCL1_1701240441 1.003267 0.000916 1.002626 0.000924 1.002180 0.000932 1.001992 0.000941 1.001855 0.000951 
7778.019376 1.1285 245.6 -0.111 0.117 19.66 30815.5 MSCL1_1701240442 1.000433 0.000914 1.000178 0.000922 1.000048 0.000931 0.999913 0.000940 1.000056 0.000950 
7778.019642 1.1277 245.2 -0.196 0.598 19.73 26750.7 MSCL1_1701240443 1.001436 0.000914 1.001444 0.000923 1.001397 0.000931 1.001279 0.000941 1.001388 0.000951 
7778.019920 1.1269 243.9 0.477 -0.026 19.01 33650.9 MSCL1_1701240444 1.003468 0.000915 1.003045 0.000923 1.002790 0.000932 1.002772 0.000941 1.002924 0.000951 
7778.020209 1.1260 241.0 0.152 -1.055 18.39 35407.6 MSCL1_1701240445 1.002644 0.000913 1.001853 0.000920 1.001349 0.000929 1.001205 0.000938 1.001376 0.000948 
7778.020475 1.1252 244.8 0.023 -0.342 19.07 32621.2 MSCL1_1701240446 0.999595 0.000910 0.998742 0.000917 0.998214 0.000925 0.998059 0.000935 0.998213 0.000945 
7778.020753 1.1244 241.2 -1.440 1.193 17.97 35286.2 MSCL1_1701240447 1.000163 0.000910 0.999827 0.000917 0.999486 0.000926 0.999309 0.000935 0.999314 0.000945 
7778.021043 1.1236 244.3 -1.001 0.570 19.10 31794.9 MSCL1_1701240448 1.003012 0.000912 1.002323 0.000919 1.001989 0.000928 1.001760 0.000937 1.001795 0.000947 
7778.021320 1.1228 240.0 0.183 -0.701 20.33 27026.5 MSCL1_1701240449 1.002820 0.000910 1.002786 0.000918 1.002426 0.000926 1.002470 0.000936 1.002486 0.000945 
7778.021598 1.1220 241.2 1.234 -0.989 18.47 33254.7 MSCL1_1701240450 1.002443 0.000909 1.001958 0.000917 1.001841 0.000926 1.001730 0.000935 1.001813 0.000945 
7778.021887 1.1212 241.2 0.218 -0.177 19.75 28504.9 MSCL1_1701240451 1.000036 0.000906 0.999675 0.000914 0.999648 0.000923 0.999629 0.000932 0.999696 0.000942 
7778.022165 1.1204 237.5 -1.051 0.227 19.01 33702.2 MSCL1_1701240452 1.001586 0.000906 1.000704 0.000913 1.000287 0.000922 1.000009 0.000931 0.999965 0.000940 
7778.022443 1.1196 237.4 -0.929 -0.015 18.41 36464.6 MSCL1_1701240453 1.003923 0.000908 1.002842 0.000915 1.002552 0.000924 1.002273 0.000933 1.002092 0.000943 
7778.022732 1.1188 235.5 0.658 -0.353 18.31 38860.4 MSCL1_1701240454 1.002767 0.000906 1.001767 0.000913 1.001144 0.000922 1.000969 0.000931 1.000936 0.000940 
7778.023022 1.1180 236.7 0.772 0.384 19.58 29952.9 MSCL1_1701240455 1.002899 0.000905 1.002131 0.000913 1.001604 0.000921 1.001528 0.000930 1.001594 0.000940 
7778.023300 1.1172 236.8 -1.356 0.271 19.19 30701.3 MSCL1_1701240456 1.002315 0.000904 1.001439 0.000911 1.001081 0.000920 1.000815 0.000929 1.000638 0.000938 
7778.023589 1.1164 238.0 0.409 -0.057 19.36 32831.9 MSCL1_1701240457 1.002246 0.000905 1.001619 0.000912 1.001300 0.000921 1.001152 0.000930 1.001158 0.000939 
7778.023867 1.1156 235.5 0.929 -0.828 17.74 38753.0 MSCL1_1701240458 1.002388 0.000903 1.001441 0.000910 1.000969 0.000919 1.000743 0.000928 1.000632 0.000937 
7778.024156 1.1148 238.0 -0.763 -0.182 20.25 27923.8 MSCL1_1701240459 1.001125 0.000902 1.000116 0.000910 0.999554 0.000918 0.999418 0.000927 0.999341 0.000937 
7778.024434 1.1140 235.8 -0.453 1.446 20.28 30360.8 MSCL1_1701240460 1.002486 0.000903 1.001874 0.000910 1.001532 0.000919 1.001388 0.000928 1.001752 0.000938 
7778.024723 1.1133 239.4 0.224 0.189 19.31 36831.0 MSCL1_1701240461 1.001136 0.000901 1.000086 0.000908 0.999587 0.000916 0.999315 0.000925 0.999287 0.000935 
7778.025001 1.1125 236.0 0.102 -1.127 18.61 35615.1 MSCL1_1701240462 1.004758 0.000904 1.003926 0.000911 1.003492 0.000920 1.003144 0.000929 1.003051 0.000938 
7778.025279 1.1118 239.3 -0.490 -1.152 18.81 32537.6 MSCL1_1701240463 1.005096 0.000905 1.004828 0.000913 1.004587 0.000922 1.004557 0.000931 1.004538 0.000941 
7778.025556 1.1110 236.5 -0.228 0.642 19.51 30337.6 MSCL1_1701240464 1.002463 0.000901 1.001713 0.000908 1.001343 0.000917 1.001076 0.000926 1.001070 0.000935 
7778.025857 1.1102 236.4 -0.118 0.717 19.39 31884.6 MSCL1_1701240465 1.002295 0.000901 1.001468 0.000908 1.001175 0.000917 1.001002 0.000926 1.001060 0.000936 
7778.026135 1.1095 234.8 0.175 -0.134 19.50 34463.3 MSCL1_1701240466 1.003009 0.000900 1.001948 0.000907 1.001325 0.000915 1.000953 0.000924 1.000980 0.000934 
7778.026413 1.1087 232.4 -0.011 -0.897 18.74 37662.8 MSCL1_1701240467 1.003372 0.000900 1.002570 0.000907 1.002056 0.000916 1.001991 0.000925 1.002027 0.000935 
7778.026702 1.1080 235.2 0.121 -0.352 20.39 34402.8 MSCL1_1701240468 1.001935 0.000898 1.000969 0.000905 1.000587 0.000914 1.000263 0.000923 1.000215 0.000932 
7778.026992 1.1072 232.3 -0.661 0.032 18.52 33389.0 MSCL1_1701240469 1.004006 0.000900 1.003163 0.000908 1.002522 0.000916 1.002408 0.000925 1.002312 0.000935 
7778.027269 1.1065 230.6 -0.461 0.754 17.74 37748.8 MSCL1_1701240470 1.001833 0.000896 1.000984 0.000903 1.000556 0.000911 1.000148 0.000920 0.999952 0.000929 
7778.027547 1.1058 233.2 0.208 0.171 19.52 33633.6 MSCL1_1701240471 1.003004 0.000897 1.002074 0.000904 1.001567 0.000912 1.001356 0.000922 1.001263 0.000931 
7778.027837 1.1050 237.6 -0.364 -0.223 20.73 28779.5 MSCL1_1701240472 1.002473 0.000897 1.002005 0.000905 1.001785 0.000913 1.001748 0.000923 1.001906 0.000933 
7778.028126 1.1043 234.0 -0.292 -0.720 18.53 32961.7 MSCL1_1701240473 1.002292 0.000895 1.001535 0.000902 1.001349 0.000911 1.001284 0.000920 1.001270 0.000930 
7778.028392 1.1036 232.2 0.016 -0.554 20.39 29841.4 MSCL1_1701240474 1.003133 0.000896 1.002642 0.000904 1.002416 0.000912 1.002391 0.000922 1.002340 0.000931 
7778.028681 1.1028 225.1 0.651 -0.070 20.54 34485.1 MSCL1_1701240475 1.002806 0.000894 1.001930 0.000901 1.001435 0.000909 1.001191 0.000918 1.001170 0.000928 
7778.028959 1.1021 223.3 -0.551 -0.031 21.40 29760.9 MSCL1_1701240476 1.001645 0.000892 1.000979 0.000899 1.000469 0.000907 1.000322 0.000917 1.000234 0.000926 
7778.029237 1.1014 222.6 -0.470 0.013 20.03 34463.8 MSCL1_1701240477 1.003746 0.000893 1.003010 0.000900 1.002370 0.000908 1.001919 0.000917 1.001686 0.000926 
7778.029515 1.1007 223.9 0.133 0.196 20.57 32863.8 MSCL1_1701240478 1.002716 0.000891 1.001984 0.000898 1.001660 0.000907 1.001530 0.000916 1.001402 0.000925 
7778.029793 1.1000 223.2 0.016 0.110 20.63 28904.0 MSCL1_1701240479 1.002170 0.000890 1.001745 0.000897 1.001497 0.000906 1.001359 0.000914 1.001316 0.000924 
7778.030082 1.0993 221.9 -0.440 -0.038 20.10 36578.7 MSCL1_1701240480 1.002089 0.000890 1.001184 0.000897 1.000952 0.000905 1.000557 0.000914 1.000760 0.000924 
7778.030360 1.0986 221.6 -0.683 -0.309 20.21 28652.0 MSCL1_1701240481 1.000865 0.000888 1.000319 0.000895 1.000108 0.000903 0.999782 0.000912 0.999747 0.000921 
7778.030649 1.0979 222.7 0.364 0.033 19.15 32223.8 MSCL1_1701240482 1.002394 0.000888 1.001722 0.000896 1.001310 0.000904 1.001137 0.000913 1.001208 0.000923 
7778.030927 1.0972 221.4 -0.103 0.295 21.95 23898.4 MSCL1_1701240483 1.001523 0.000888 1.001408 0.000896 1.001366 0.000904 1.001362 0.000914 1.001676 0.000923 
7778.031205 1.0966 221.1 -0.598 -0.322 20.34 29617.6 MSCL1_1701240484 1.000886 0.000887 1.000494 0.000895 1.000251 0.000903 1.000115 0.000912 1.000205 0.000922 
7778.031482 1.0959 220.4 -0.176 -0.281 18.93 33607.2 MSCL1_1701240485 1.002232 0.000887 1.001671 0.000895 1.001419 0.000903 1.001227 0.000912 1.001211 0.000922 
7778.031760 1.0952 220.3 0.573 -0.405 19.28 31318.1 MSCL1_1701240486 1.001468 0.000886 1.000980 0.000893 1.000774 0.000901 1.000661 0.000910 1.000533 0.000920 
7778.032050 1.0945 220.3 0.318 0.688 21.95 24176.5 MSCL1_1701240487 1.002483 0.000888 1.002959 0.000896 1.003211 0.000905 1.003317 0.000914 1.003543 0.000924 
7778.032327 1.0939 222.3 -1.203 0.834 20.15 27468.7 MSCL1_1701240488 1.000694 0.000885 1.001041 0.000894 1.001345 0.000902 1.001397 0.000912 1.001526 0.000921 
7778.032605 1.0932 220.7 -1.380 -0.776 19.99 27057.1 MSCL1_1701240489 1.001737 0.000885 1.001514 0.000892 1.001342 0.000901 1.001255 0.000910 1.001275 0.000919 
7778.032894 1.0925 220.8 -0.073 -1.825 20.18 28803.5 MSCL1_1701240490 0.999540 0.000882 0.999378 0.000890 0.999017 0.000898 0.999042 0.000907 0.998910 0.000916 
7778.033184 1.0918 220.8 -0.128 0.610 19.21 28870.6 MSCL1_1701240491 1.000557 0.000882 1.000545 0.000890 1.000424 0.000899 1.000414 0.000908 1.000519 0.000917 
7778.033450 1.0912 218.7 0.922 1.116 18.83 32611.6 MSCL1_1701240492 1.001967 0.000883 1.001635 0.000890 1.001488 0.000899 1.001230 0.000908 1.001196 0.000917 
7778.033728 1.0906 219.6 0.056 -0.129 20.38 29835.9 MSCL1_1701240493 1.002665 0.000884 1.002077 0.000891 1.001619 0.000899 1.001370 0.000908 1.001458 0.000918 
7778.034016 1.0899 214.7 -0.197 -0.699 19.14 33466.5 MSCL1_1701240494 1.000558 0.000880 0.999844 0.000887 0.999535 0.000895 0.999375 0.000904 0.999410 0.000913 
7778.034294 1.0893 220.4 -0.315 -1.360 18.63 34474.4 MSCL1_1701240495 1.001870 0.000883 1.001358 0.000890 1.001309 0.000899 1.001260 0.000908 1.001266 0.000918 
7778.034583 1.0886 217.5 -0.292 0.331 18.88 30613.7 MSCL1_1701240496 1.001909 0.000881 1.001270 0.000889 1.001266 0.000897 1.001110 0.000906 1.001287 0.000916 
7778.034861 1.0880 215.5 0.038 0.539 20.25 28465.1 MSCL1_1701240497 1.001045 0.000881 1.000799 0.000888 1.000728 0.000897 1.000761 0.000906 1.000797 0.000916 
7778.035139 1.0873 217.3 -0.803 0.451 19.50 31896.4 MSCL1_1701240498 1.000892 0.000879 1.000432 0.000887 1.000311 0.000895 1.000284 0.000904 1.000179 0.000914 
7778.035428 1.0867 214.5 0.332 -0.090 20.10 28419.7 MSCL1_1701240499 1.002134 0.000881 1.002049 0.000888 1.001791 0.000897 1.001622 0.000906 1.001657 0.000915 
7778.035706 1.0860 213.8 0.356 -0.178 20.14 29816.6 MSCL1_1701240500 0.999340 0.000877 0.999589 0.000885 0.999727 0.000893 0.999707 0.000902 0.999992 0.000912 
7778.035984 1.0854 216.5 0.019 -0.535 20.38 27878.1 MSCL1_1701240501 1.001207 0.000879 1.000855 0.000887 1.000667 0.000896 1.000767 0.000905 1.000687 0.000914 
7778.036273 1.0848 215.3 -0.966 0.742 20.36 28881.7 MSCL1_1701240502 0.999149 0.000877 0.999464 0.000885 0.999515 0.000893 0.999603 0.000903 0.999635 0.000912 
7778.036551 1.0842 215.3 -1.211 -0.280 19.15 29784.9 MSCL1_1701240503 1.001694 0.000879 1.001579 0.000887 1.001678 0.000895 1.001805 0.000905 1.001698 0.000914 
7778.036829 1.0836 212.9 -0.059 0.048 20.13 26985.4 MSCL1_1701240504 1.000647 0.000877 1.000979 0.000886 1.001246 0.000894 1.001291 0.000903 1.001556 0.000913 
7778.037106 1.0829 213.5 0.346 0.141 19.49 30439.3 MSCL1_1701240505 1.001871 0.000878 1.001722 0.000885 1.001613 0.000894 1.001683 0.000903 1.001912 0.000913 
7778.037396 1.0823 211.7 0.770 0.165 19.95 30561.9 MSCL1_1701240506 1.002104 0.000877 1.001620 0.000885 1.001296 0.000893 1.001301 0.000902 1.001365 0.000911 
7778.037674 1.0817 210.7 -0.382 -0.130 19.19 33724.9 MSCL1_1701240507 1.002552 0.000878 1.001925 0.000886 1.001574 0.000894 1.001301 0.000903 1.001234 0.000913 
7778.037963 1.0811 211.5 -0.670 -0.659 20.46 29129.3 MSCL1_1701240508 1.001491 0.000876 1.001364 0.000884 1.001486 0.000892 1.001526 0.000901 1.001509 0.000911 
7778.038241 1.0805 213.9 0.875 -0.168 18.73 35301.6 MSCL1_1701240509 1.002714 0.000877 1.002145 0.000884 1.001930 0.000893 1.001721 0.000902 1.001614 0.000911 
7778.038518 1.0799 210.8 0.089 0.349 19.87 28906.9 MSCL1_1701240510 1.000599 0.000875 1.000190 0.000883 1.000000 0.000891 1.000000 0.000900 0.999889 0.000910 
7778.038808 1.0793 218.9 -0.674 0.435 20.54 29673.7 MSCL1_1701240511 1.002101 0.000876 1.001738 0.000884 1.001560 0.000893 1.001589 0.000902 1.001738 0.000912 
7778.039074 1.0787 216.3 -0.454 0.281 20.39 26775.5 MSCL1_1701240512 1.002449 0.000876 1.002471 0.000884 1.002493 0.000892 1.002508 0.000902 1.002573 0.000911 
7778.039363 1.0781 215.6 -0.098 -0.067 22.27 25435.5 MSCL1_1701240513 1.000560 0.000874 1.000502 0.000881 1.000550 0.000890 1.000785 0.000899 1.000942 0.000909 
7778.039641 1.0775 211.7 -0.010 -1.326 20.78 26441.7 MSCL1_1701240514 1.002037 0.000874 1.001956 0.000882 1.001888 0.000890 1.001927 0.000899 1.001957 0.000909 
7778.039919 1.0770 212.8 -0.280 -0.318 19.75 31198.0 MSCL1_1701240515 1.001890 0.000873 1.001712 0.000881 1.001485 0.000890 1.001591 0.000899 1.001582 0.000908 
7778.040208 1.0764 209.0 0.883 0.665 20.02 33136.2 MSCL1_1701240516 1.002203 0.000873 1.002086 0.000881 1.002143 0.000889 1.002211 0.000898 1.002074 0.000908 
7778.040486 1.0758 209.0 -1.437 -0.079 19.32 29994.7 MSCL1_1701240517 1.000714 0.000872 1.000585 0.000879 1.000563 0.000888 1.000585 0.000897 1.000727 0.000906 
7778.040775 1.0752 205.0 -0.452 0.004 19.46 30834.5 MSCL1_1701240518 1.003215 0.000872 1.002314 0.000879 1.001884 0.000887 1.001609 0.000895 1.001582 0.000905 
7778.041053 1.0746 205.6 -0.188 -0.637 19.06 32109.8 MSCL1_1701240519 1.002626 0.000871 1.002073 0.000879 1.001836 0.000887 1.001624 0.000896 1.001653 0.000905 
7778.041331 1.0741 208.1 0.028 -0.255 19.97 29106.3 MSCL1_1701240520 1.002328 0.000871 1.001717 0.000878 1.001511 0.000886 1.001328 0.000895 1.001381 0.000905 
7778.041609 1.0735 205.7 -0.167 0.283 20.11 29158.7 MSCL1_1701240521 1.002354 0.000871 1.001871 0.000878 1.001728 0.000887 1.001454 0.000895 1.001398 0.000905 
7778.041886 1.0730 204.8 0.195 -0.537 17.96 35404.3 MSCL1_1701240522 1.001977 0.000870 1.001708 0.000878 1.001610 0.000886 1.001637 0.000895 1.001742 0.000904 
7778.042164 1.0724 202.9 0.331 0.190 18.73 34957.8 MSCL1_1701240523 1.002250 0.000869 1.001699 0.000877 1.001397 0.000885 1.001379 0.000894 1.001355 0.000903 
7778.042442 1.0719 203.3 -0.588 -0.353 19.32 29714.7 MSCL1_1701240524 1.001763 0.000869 1.001863 0.000877 1.001960 0.000885 1.002082 0.000894 1.002232 0.000904 
7778.042731 1.0713 203.3 0.488 0.350 19.24 35553.5 MSCL1_1701240525 1.002092 0.000868 1.001467 0.000875 1.001312 0.000883 1.001183 0.000892 1.001189 0.000902 
7778.043009 1.0707 202.0 -0.023 0.057 19.65 32742.7 MSCL1_1701240526 1.001930 0.000868 1.001367 0.000875 1.001003 0.000883 1.000778 0.000892 1.000763 0.000901 
7778.043287 1.0702 202.4 -0.752 -0.035 19.59 34431.7 MSCL1_1701240527 1.001953 0.000867 1.001095 0.000874 1.000661 0.000882 1.000473 0.000891 1.000398 0.000900 
7778.043576 1.0696 201.2 -0.500 -0.755 19.96 35246.9 MSCL1_1701240528 1.003705 0.000868 1.003096 0.000876 1.002807 0.000884 1.002596 0.000893 1.002792 0.000902 
7778.043866 1.0691 201.9 -0.168 0.006 18.94 32427.7 MSCL1_1701240529 1.001303 0.000866 1.000568 0.000873 1.000245 0.000881 1.000165 0.000890 1.000009 0.000899 
7778.044132 1.0686 201.1 -0.312 1.138 20.86 29016.8 MSCL1_1701240530 1.001854 0.000866 1.001374 0.000874 1.001061 0.000882 1.000927 0.000891 1.000891 0.000900 
7778.044421 1.0680 203.6 0.555 -0.450 18.71 34170.9 MSCL1_1701240531 1.001574 0.000866 1.000897 0.000873 1.000580 0.000881 1.000479 0.000890 1.000562 0.000900 
7778.044711 1.0675 198.1 -0.231 -0.393 18.84 37389.4 MSCL1_1701240532 1.002515 0.000865 1.001894 0.000873 1.001555 0.000881 1.001485 0.000889 1.001324 0.000899 
7778.044988 1.0670 202.1 -0.556 -0.536 19.92 31978.5 MSCL1_1701240533 1.002170 0.000865 1.001608 0.000873 1.001267 0.000881 1.001072 0.000890 1.001150 0.000899 
7778.045278 1.0664 198.6 -0.210 -0.710 19.76 37453.3 MSCL1_1701240534 1.002923 0.000865 1.002202 0.000872 1.001739 0.000880 1.001357 0.000889 1.001304 0.000898 
7778.045555 1.0659 196.4 -0.146 -0.038 18.34 39418.9 MSCL1_1701240535 1.001491 0.000865 1.001083 0.000872 1.000688 0.000880 1.000516 0.000889 1.000428 0.000899 
7778.045845 1.0654 196.6 -0.907 0.191 19.74 30667.6 MSCL1_1701240536 1.000664 0.000863 1.000512 0.000871 1.000332 0.000879 1.000319 0.000888 1.000263 0.000897 
7778.046111 1.0649 195.6 0.130 0.375 19.94 32144.3 MSCL1_1701240537 1.003357 0.000865 1.002574 0.000872 1.002340 0.000880 1.002266 0.000889 1.002123 0.000898 
7778.046400 1.0644 197.0 0.489 -0.019 20.33 32250.4 MSCL1_1701240538 1.002862 0.000864 1.002630 0.000872 1.002420 0.000880 1.002350 0.000889 1.002493 0.000898 
7778.046678 1.0639 196.2 -0.203 -0.421 19.79 33514.7 MSCL1_1701240539 1.004511 0.000864 1.003905 0.000871 1.003523 0.000879 1.003379 0.000888 1.003272 0.000897 
7778.046956 1.0634 198.7 -0.735 0.580 20.36 30637.7 MSCL1_1701240540 1.004397 0.000865 1.003705 0.000873 1.003493 0.000881 1.003144 0.000890 1.002990 0.000899 
7778.047234 1.0629 197.0 -0.308 0.084 19.47 30345.3 MSCL1_1701240541 1.001864 0.000863 1.001382 0.000870 1.001100 0.000878 1.000809 0.000887 1.000649 0.000896 
7778.047523 1.0623 192.9 0.004 -0.416 20.21 29323.9 MSCL1_1701240542 1.001687 0.000862 1.001259 0.000870 1.000804 0.000878 1.000662 0.000886 1.000704 0.000896 
7778.047801 1.0619 194.3 -0.576 0.482 20.79 29743.4 MSCL1_1701240543 1.002952 0.000863 1.002590 0.000870 1.002802 0.000878 1.002791 0.000887 1.002861 0.000896 
7778.048079 1.0614 191.6 -0.132 -0.384 20.77 22940.8 MSCL1_1701240544 1.000262 0.000860 1.000311 0.000868 1.000166 0.000876 1.000191 0.000885 1.000352 0.000895 
7778.048368 1.0609 190.6 1.548 -0.410 17.87 37110.8 MSCL1_1701240545 1.001402 0.000860 1.000941 0.000868 1.000602 0.000876 1.000632 0.000885 1.000725 0.000894 
7778.048646 1.0604 191.1 -0.541 -0.181 19.82 29889.3 MSCL1_1701240546 1.000708 0.000860 1.000416 0.000867 1.000364 0.000875 1.000455 0.000884 1.000358 0.000893 
7778.048924 1.0599 187.5 -0.881 1.112 19.59 26782.0 MSCL1_1701240547 1.001605 0.000860 1.001378 0.000868 1.001508 0.000876 1.001491 0.000885 1.001591 0.000895 
7778.049213 1.0594 190.9 -1.613 -0.427 21.87 23255.7 MSCL1_1701240548 1.000500 0.000860 1.000933 0.000868 1.001166 0.000876 1.001179 0.000885 1.001207 0.000894 
7778.049491 1.0589 185.8 -0.231 -1.837 20.05 31513.0 MSCL1_1701240549 1.003179 0.000861 1.002807 0.000868 1.002552 0.000876 1.002303 0.000885 1.002340 0.000894 
7778.049768 1.0584 187.7 0.245 -0.893 20.12 30260.6 MSCL1_1701240550 1.003716 0.000861 1.002974 0.000868 1.002534 0.000876 1.002367 0.000884 1.002271 0.000893 
7778.050046 1.0580 185.4 0.304 0.570 21.40 28991.2 MSCL1_1701240551 1.003300 0.000860 1.003137 0.000868 1.003000 0.000876 1.002947 0.000885 1.003166 0.000894 
7778.050324 1.0575 186.6 -1.820 0.318 20.65 28769.9 MSCL1_1701240552 1.000614 0.000858 1.001078 0.000866 1.001327 0.000875 1.001417 0.000884 1.001547 0.000893 
7778.050602 1.0570 182.8 1.342 0.128 18.40 34521.0 MSCL1_1701240553 1.003174 0.000858 1.002392 0.000865 1.001927 0.000873 1.001652 0.000881 1.001375 0.000890 
7778.050891 1.0566 181.9 0.756 -0.607 19.44 32955.1 MSCL1_1701240554 1.001730 0.000856 1.000850 0.000863 1.000273 0.000870 0.999976 0.000879 0.999939 0.000888 
7778.051169 1.0561 181.0 -0.676 -1.027 20.24 31137.9 MSCL1_1701240555 1.001449 0.000856 1.000867 0.000863 1.000695 0.000871 1.000697 0.000880 1.000661 0.000889 
7778.051458 1.0556 179.6 -0.185 -0.549 19.10 31548.8 MSCL1_1701240556 1.002739 0.000856 1.001893 0.000863 1.001601 0.000871 1.001343 0.000879 1.001408 0.000889 
7778.051736 1.0552 176.6 -0.344 0.538 18.58 34321.9 MSCL1_1701240557 1.002871 0.000855 1.002297 0.000862 1.001831 0.000870 1.001592 0.000878 1.001371 0.000887 
7778.052025 1.0547 177.8 -0.893 0.237 21.00 31461.1 MSCL1_1701240558 1.002288 0.000855 1.001821 0.000863 1.001686 0.000871 1.001473 0.000879 1.001437 0.000888 
7778.052292 1.0543 175.1 0.049 0.379 20.67 27741.6 MSCL1_1701240559 1.003045 0.000856 1.002291 0.000863 1.001940 0.000870 1.001713 0.000879 1.001622 0.000888 
7778.052569 1.0539 176.5 -0.395 -1.312 20.23 28738.2 MSCL1_1701240560 1.001955 0.000854 1.001273 0.000861 1.000912 0.000869 1.000752 0.000877 1.000753 0.000886 
7778.052859 1.0534 177.6 0.873 -0.718 18.87 33737.1 MSCL1_1701240561 1.003114 0.000854 1.002114 0.000861 1.001614 0.000869 1.001462 0.000877 1.001585 0.000886 
7778.053136 1.0530 174.1 0.043 0.833 19.04 32191.6 MSCL1_1701240562 1.002071 0.000854 1.001559 0.000861 1.001243 0.000869 1.000906 0.000878 1.000771 0.000887 
7778.053426 1.0525 176.6 -0.905 0.062 19.60 33043.7 MSCL1_1701240563 1.002702 0.000854 1.001813 0.000861 1.001347 0.000869 1.001180 0.000877 1.001029 0.000886 
7778.053704 1.0521 172.2 -0.093 -0.447 21.44 27890.3 MSCL1_1701240564 1.002506 0.000853 1.001605 0.000860 1.001126 0.000868 1.000760 0.000876 1.000610 0.000885 
7778.053993 1.0516 174.1 -0.550 -0.393 20.64 31840.7 MSCL1_1701240565 1.005988 0.000856 1.004891 0.000862 1.004308 0.000870 1.003898 0.000878 1.003811 0.000887 
7778.054259 1.0512 172.8 -0.158 -0.895 18.66 36869.7 MSCL1_1701240566 1.003128 0.000852 1.002006 0.000859 1.001486 0.000867 1.001215 0.000875 1.001302 0.000884 
7778.054549 1.0508 171.8 -0.289 0.108 19.94 26075.8 MSCL1_1701240567 1.002230 0.000852 1.001459 0.000859 1.000998 0.000866 1.000794 0.000875 1.000931 0.000884 
7778.054826 1.0504 169.9 0.184 0.964 19.99 34584.0 MSCL1_1701240568 1.002376 0.000851 1.001663 0.000858 1.001351 0.000866 1.001208 0.000874 1.001138 0.000883 
7778.055116 1.0499 170.7 0.118 -0.656 19.71 31862.3 MSCL1_1701240569 1.002517 0.000851 1.002052 0.000858 1.001806 0.000866 1.001807 0.000875 1.001975 0.000884 
7778.055393 1.0495 170.2 0.039 -1.087 19.73 32241.6 MSCL1_1701240570 1.002179 0.000850 1.001494 0.000857 1.001413 0.000865 1.001319 0.000874 1.001417 0.000883 
7778.055671 1.0491 169.8 -0.057 -0.449 20.38 29345.3 MSCL1_1701240571 1.002423 0.000849 1.002013 0.000856 1.001904 0.000864 1.001781 0.000873 1.001649 0.000881 
7778.055949 1.0487 166.1 -0.472 1.061 18.89 36281.5 MSCL1_1701240572 1.003454 0.000849 1.002262 0.000856 1.001728 0.000863 1.001490 0.000871 1.001298 0.000880 
7778.056238 1.0483 168.1 -0.557 0.008 19.69 36883.3 MSCL1_1701240573 1.004225 0.000851 1.003354 0.000858 1.002811 0.000865 1.002542 0.000873 1.002415 0.000882 
7778.056516 1.0479 165.1 -0.548 -0.663 19.87 33654.4 MSCL1_1701240574 1.002501 0.000848 1.002131 0.000855 1.001785 0.000862 1.001600 0.000871 1.001464 0.000879 
7778.056805 1.0474 165.7 0.176 -1.445 19.94 26647.8 MSCL1_1701240575 1.002746 0.000848 1.002111 0.000855 1.001709 0.000862 1.001650 0.000871 1.001618 0.000880 
7778.057095 1.0470 166.1 0.378 0.003 21.09 25754.2 MSCL1_1701240576 1.002818 0.000848 1.002233 0.000855 1.001987 0.000862 1.001891 0.000871 1.001997 0.000879 
7778.057373 1.0466 163.5 -0.948 1.849 19.73 33687.7 MSCL1_1701240577 1.001151 0.000846 1.000820 0.000853 1.000733 0.000860 1.000516 0.000869 1.000488 0.000877 
7778.057650 1.0462 165.6 -0.866 0.266 21.28 28570.1 MSCL1_1701240578 1.003380 0.000848 1.002755 0.000855 1.002388 0.000862 1.002184 0.000871 1.002140 0.000880 
7778.057928 1.0458 161.7 -0.075 -1.296 19.42 32869.2 MSCL1_1701240579 1.001783 0.000846 1.001309 0.000852 1.001070 0.000860 1.000875 0.000868 1.000779 0.000877 
7778.058206 1.0455 163.3 -0.255 -0.434 20.70 28713.1 MSCL1_1701240580 1.003256 0.000846 1.002745 0.000853 1.002591 0.000861 1.002442 0.000869 1.002419 0.000878 
7778.058484 1.0451 161.2 0.371 -0.747 19.90 34353.6 MSCL1_1701240581 1.003982 0.000847 1.003226 0.000853 1.002664 0.000861 1.002427 0.000869 1.002524 0.000878 
7778.058761 1.0447 161.3 0.060 0.032 17.72 45296.6 MSCL1_1701240582 1.004065 0.000845 1.002950 0.000852 1.002282 0.000859 1.002004 0.000867 1.001761 0.000876 
7778.059051 1.0443 159.5 -0.090 1.356 19.59 32236.8 MSCL1_1701240583 1.002137 0.000845 1.001382 0.000851 1.001101 0.000859 1.000966 0.000867 1.000921 0.000876 
7778.059329 1.0439 161.8 -1.209 -0.150 19.82 29322.7 MSCL1_1701240584 1.002263 0.000845 1.001627 0.000851 1.001285 0.000859 1.001101 0.000867 1.001203 0.000876 
7778.059618 1.0435 158.1 0.755 -1.252 18.47 37982.6 MSCL1_1701240585 1.003471 0.000844 1.002228 0.000851 1.001640 0.000858 1.001275 0.000866 1.001092 0.000874 
7778.059896 1.0432 161.4 0.748 -1.601 18.60 38562.6 MSCL1_1701240586 1.003584 0.000844 1.002586 0.000851 1.002034 0.000858 1.001774 0.000866 1.001850 0.000875 
7778.060185 1.0428 161.4 -0.071 -0.130 18.52 37995.6 MSCL1_1701240587 1.003650 0.000844 1.002630 0.000850 1.002094 0.000858 1.001798 0.000866 1.001714 0.000875 
7778.060463 1.0424 158.5 -0.613 0.564 20.32 38257.0 MSCL1_1701240588 1.004515 0.000845 1.003219 0.000852 1.002560 0.000859 1.002185 0.000867 1.001855 0.000876 
7778.060741 1.0420 159.8 0.343 -0.158 19.10 41592.5 MSCL1_1701240589 1.004078 0.000845 1.002746 0.000851 1.002006 0.000859 1.001567 0.000867 1.001313 0.000876 
7778.061030 1.0417 158.6 0.156 -0.246 19.14 35148.7 MSCL1_1701240590 1.004068 0.000844 1.003102 0.000851 1.002623 0.000859 1.002345 0.000867 1.002357 0.000876 
7778.061308 1.0413 158.4 -0.489 -0.419 20.38 32172.7 MSCL1_1701240591 1.002360 0.000843 1.001560 0.000850 1.001256 0.000857 1.000993 0.000865 1.000863 0.000874 
7778.061597 1.0409 158.8 -0.002 -1.088 18.82 34376.4 MSCL1_1701240592 1.003827 0.000844 1.002848 0.000850 1.002216 0.000858 1.001801 0.000866 1.001856 0.000875 
7778.061886 1.0406 158.3 -0.140 0.330 19.78 26822.1 MSCL1_1701240593 1.002969 0.000842 1.002296 0.000849 1.001908 0.000856 1.001711 0.000865 1.001887 0.000873 
7778.062164 1.0402 160.6 -1.123 1.047 18.95 30997.9 MSCL1_1701240594 1.004814 0.000845 1.004137 0.000851 1.003799 0.000859 1.003631 0.000867 1.003693 0.000876 
7778.062454 1.0399 161.9 -0.514 -1.065 20.69 31416.9 MSCL1_1701240595 1.003545 0.000844 1.002763 0.000850 1.002410 0.000858 1.002230 0.000866 1.002140 0.000875 
7778.062731 1.0395 166.3 0.421 -2.112 19.68 31648.6 MSCL1_1701240596 1.004149 0.000844 1.003245 0.000851 1.002737 0.000858 1.002566 0.000867 1.002655 0.000876 
7778.063021 1.0392 162.7 0.215 0.229 19.60 33424.7 MSCL1_1701240597 1.002922 0.000842 1.002053 0.000849 1.001667 0.000856 1.001622 0.000865 1.001590 0.000874 
7778.063310 1.0388 158.8 -0.077 0.171 18.51 35747.9 MSCL1_1701240598 1.003787 0.000842 1.002785 0.000848 1.002318 0.000856 1.002145 0.000864 1.001940 0.000872 
7778.063588 1.0385 155.3 -0.121 0.107 20.23 36983.2 MSCL1_1701240599 1.003393 0.000841 1.002262 0.000847 1.001840 0.000855 1.001515 0.000863 1.001395 0.000872 
7778.063866 1.0382 158.1 0.108 0.002 19.25 36735.1 MSCL1_1701240600 1.004659 0.000843 1.003670 0.000849 1.003338 0.000857 1.003120 0.000865 1.003009 0.000874 
7778.064132 1.0378 157.3 0.559 -0.567 19.73 30720.4 MSCL1_1701240601 1.002833 0.000842 1.002278 0.000848 1.001953 0.000856 1.001817 0.000864 1.001854 0.000873 
7778.064410 1.0375 157.4 -0.607 -0.266 20.22 36135.8 MSCL1_1701240602 1.004235 0.000842 1.003406 0.000848 1.003018 0.000856 1.002768 0.000864 1.002785 0.000873 
7778.064687 1.0372 157.1 -0.649 -0.056 20.02 30245.4 MSCL1_1701240603 1.003177 0.000841 1.002206 0.000848 1.001755 0.000855 1.001565 0.000863 1.001643 0.000872 
7778.064977 1.0368 157.6 0.421 -0.539 18.91 39554.5 MSCL1_1701240604 1.002651 0.000841 1.001436 0.000847 1.001018 0.000855 1.000569 0.000862 1.000418 0.000871 
7778.065255 1.0365 157.0 -0.025 -0.564 18.86 38866.6 MSCL1_1701240605 1.003975 0.000841 1.002821 0.000847 1.002236 0.000855 1.001857 0.000862 1.001844 0.000871 
7778.065544 1.0362 155.5 0.498 -0.410 18.16 41701.9 MSCL1_1701240606 1.004208 0.000841 1.003067 0.000847 1.002353 0.000854 1.001921 0.000862 1.001489 0.000871 
7778.065822 1.0359 154.4 -0.114 0.668 16.85 46014.1 MSCL1_1701240607 1.004970 0.000841 1.003511 0.000847 1.002988 0.000855 1.002664 0.000863 1.002528 0.000872 
7778.066111 1.0356 156.8 -0.673 0.085 18.53 39243.9 MSCL1_1701240608 1.003314 0.000839 1.002140 0.000845 1.001578 0.000853 1.001319 0.000861 1.001037 0.000869 
