# BJD(TDB)-2450000 airmass sky(ADU) dx(pix) dy(pix) fwhm(pix) peak(ADU) frame flux(r=28.0) err(r=28.0) flux(r=30.0) err(r=30.0) flux(r=32.0) err(r=32.0) flux(r=34.0) err(r=34.0) flux(r=36.0) err(r=36.0) 
7777.909495 2.0022 418.7 1.593 1.054 20.55 21855.3 MSCL2_1701240051 1.002226 0.002057 1.002272 0.002112 1.002573 0.002169 1.003201 0.002230 1.003407 0.002292 
7777.910120 1.9912 409.6 1.257 0.148 19.23 23590.5 MSCL2_1701240052 1.000772 0.002049 1.001156 0.002104 1.001578 0.002162 1.003091 0.002226 1.002709 0.002286 
7777.910756 1.9802 404.8 0.634 1.202 20.15 22171.3 MSCL2_1701240053 1.000110 0.002032 1.000779 0.002087 1.001167 0.002145 1.000985 0.002202 1.000425 0.002260 
7777.911381 1.9694 407.4 2.002 0.604 20.44 21555.5 MSCL2_1701240054 1.001981 0.002026 1.002445 0.002081 1.002596 0.002137 1.002798 0.002196 1.003040 0.002257 
7777.912006 1.9588 404.7 1.591 0.304 22.34 17479.3 MSCL2_1701240055 1.000567 0.002019 1.001637 0.002074 1.002729 0.002133 1.002974 0.002191 1.003144 0.002251 
7777.912642 1.9482 406.1 0.894 1.452 20.97 19397.9 MSCL2_1701240056 0.995792 0.002001 0.997478 0.002058 0.998461 0.002116 0.998920 0.002175 0.999675 0.002238 
7777.913278 1.9376 403.2 1.628 1.511 20.26 21910.9 MSCL2_1701240057 1.003399 0.002013 1.004490 0.002070 1.005566 0.002130 1.006195 0.002191 1.006829 0.002254 
7777.913903 1.9274 399.5 1.595 0.454 20.22 22073.6 MSCL2_1701240058 1.001442 0.001998 1.001841 0.002054 1.001640 0.002110 1.002603 0.002172 1.003017 0.002235 
7777.914540 1.9172 397.1 -0.176 0.060 21.20 20814.0 MSCL2_1701240059 1.005927 0.001996 1.007002 0.002053 1.007478 0.002111 1.008191 0.002171 1.007427 0.002229 
7777.915165 1.9072 392.8 2.337 1.645 20.73 20942.2 MSCL2_1701240060 1.000403 0.001975 1.001186 0.002031 1.001154 0.002086 1.001789 0.002146 1.001300 0.002205 
7777.915790 1.8974 391.9 0.734 1.250 20.27 22901.0 MSCL2_1701240061 1.001864 0.001971 1.001788 0.002024 1.002363 0.002081 1.002789 0.002140 1.002696 0.002201 
7777.916427 1.8875 393.1 1.113 0.150 19.91 25046.0 MSCL2_1701240062 1.001432 0.001963 1.001451 0.002017 1.001515 0.002075 1.001937 0.002135 1.001439 0.002194 
7777.917052 1.8779 413.8 1.281 0.362 20.88 21373.9 MSCL2_1701240063 1.003108 0.002009 1.003549 0.002068 1.004598 0.002133 1.005296 0.002198 1.005753 0.002266 
7777.917665 1.8685 382.4 0.562 2.234 19.82 25254.7 MSCL2_1701240064 1.002097 0.001944 1.002604 0.001999 1.002255 0.002054 1.003266 0.002115 1.002269 0.002173 
7777.918302 1.8590 381.0 1.601 -0.058 21.70 18616.9 MSCL2_1701240065 1.002893 0.001941 1.004040 0.001997 1.004717 0.002054 1.004657 0.002111 1.004286 0.002170 
7777.918938 1.8495 378.9 0.425 1.086 20.09 22326.9 MSCL2_1701240066 0.999311 0.001926 1.000365 0.001982 1.000512 0.002038 1.001241 0.002098 1.001492 0.002159 
7777.919563 1.8404 453.4 2.317 -0.341 20.98 17907.7 MSCL2_1701240067 0.996624 0.002055 0.998414 0.002124 0.999130 0.002193 0.999889 0.002265 0.999699 0.002336 
7777.920200 1.8311 553.5 -0.091 1.461 19.91 17869.3 MSCL2_1701240068 1.014665 0.002393 1.015514 0.002485 1.016159 0.002581 1.017675 0.002684 1.018497 0.002787 
7777.920836 1.8220 375.8 1.042 0.895 20.51 20286.7 MSCL2_1701240069 1.001478 0.001914 1.002539 0.001968 1.003317 0.002025 1.003554 0.002082 1.004009 0.002143 
7777.921461 1.8132 377.6 1.602 1.145 20.81 21121.2 MSCL2_1701240070 0.999838 0.001892 1.000512 0.001946 1.000909 0.002002 1.000685 0.002058 1.000383 0.002116 
7777.922086 1.8044 369.2 0.237 1.091 19.76 23461.2 MSCL2_1701240071 0.997754 0.001884 0.998151 0.001937 0.997686 0.001990 0.998541 0.002049 0.998601 0.002108 
7777.922700 1.7959 371.7 1.325 0.514 20.70 21153.7 MSCL2_1701240072 0.998288 0.001890 0.999648 0.001946 1.000436 0.002004 1.000853 0.002062 1.001115 0.002123 
7777.923336 1.7872 367.2 1.248 1.324 20.23 21677.2 MSCL2_1701240073 1.002598 0.001887 1.002646 0.001941 1.002621 0.001997 1.002946 0.002056 1.002779 0.002116 
7777.923950 1.7790 367.1 1.134 0.717 21.01 22030.1 MSCL2_1701240074 1.000694 0.001877 1.000923 0.001931 1.000931 0.001987 1.001392 0.002047 1.001238 0.002106 
7777.924575 1.7706 366.1 0.622 0.509 18.04 24541.2 MSCL2_1701240075 0.997797 0.001862 0.998029 0.001915 0.998085 0.001970 0.998262 0.002027 0.998180 0.002085 
7777.925200 1.7623 364.6 1.033 0.723 20.19 22295.9 MSCL2_1701240076 1.007353 0.001888 1.007556 0.001943 1.007459 0.001999 1.008098 0.002060 1.007428 0.002118 
7777.925825 1.7542 366.0 0.890 0.527 20.85 21592.4 MSCL2_1701240077 0.998453 0.001850 0.999098 0.001905 0.998892 0.001959 0.998975 0.002016 0.999075 0.002075 
7777.926450 1.7461 360.5 1.072 0.973 22.13 18447.2 MSCL2_1701240078 1.002450 0.001864 1.003744 0.001920 1.004275 0.001977 1.004995 0.002037 1.005011 0.002097 
7777.927086 1.7380 363.4 0.915 -0.027 19.69 22540.7 MSCL2_1701240079 1.000079 0.001852 1.000551 0.001905 1.000864 0.001962 1.002207 0.002023 1.002670 0.002084 
7777.927711 1.7301 361.0 0.876 1.091 21.16 21005.1 MSCL2_1701240080 1.002621 0.001856 1.003530 0.001912 1.003672 0.001969 1.004710 0.002030 1.004923 0.002091 
7777.928348 1.7221 358.2 0.735 1.554 19.92 22512.8 MSCL2_1701240081 1.002604 0.001842 1.002774 0.001895 1.002715 0.001951 1.003384 0.002010 1.003567 0.002070 
7777.928973 1.7144 357.9 1.318 -0.858 20.23 23285.1 MSCL2_1701240082 1.000465 0.001838 1.000941 0.001892 1.001367 0.001949 1.001500 0.002008 1.001312 0.002067 
7777.929609 1.7066 357.1 0.407 2.719 20.84 20582.3 MSCL2_1701240083 0.997833 0.001824 0.998023 0.001877 0.998412 0.001933 0.999746 0.001994 1.000444 0.002056 
7777.930223 1.6992 354.9 1.010 -0.848 19.25 24393.9 MSCL2_1701240084 1.004592 0.001829 1.005311 0.001884 1.005840 0.001941 1.006129 0.002000 1.005828 0.002059 
7777.930859 1.6916 355.4 0.769 1.149 20.11 21757.5 MSCL2_1701240085 1.002597 0.001825 1.003035 0.001879 1.003677 0.001937 1.004551 0.001998 1.004545 0.002058 
7777.931484 1.6842 355.2 0.962 1.285 21.04 20102.7 MSCL2_1701240086 0.998649 0.001815 0.999232 0.001870 0.999808 0.001927 1.000584 0.001987 1.000513 0.002047 
7777.932121 1.6767 352.6 0.547 -0.209 20.28 21125.2 MSCL2_1701240087 1.000319 0.001814 1.000710 0.001868 1.000749 0.001924 1.001953 0.001985 1.002321 0.002046 
7777.932734 1.6696 348.1 1.286 1.313 21.61 20685.7 MSCL2_1701240088 1.001961 0.001815 1.002604 0.001870 1.001833 0.001924 1.002314 0.001983 1.001644 0.002042 
7777.933359 1.6625 350.5 -0.273 -0.499 19.94 22654.6 MSCL2_1701240089 1.003576 0.001819 1.004065 0.001875 1.004095 0.001931 1.004920 0.001992 1.005114 0.002054 
7777.933984 1.6554 349.8 2.510 1.289 19.69 23327.5 MSCL2_1701240090 0.999508 0.001801 0.999430 0.001855 0.999237 0.001910 0.999058 0.001968 0.998319 0.002026 
7777.934598 1.6485 350.2 -0.098 0.219 19.98 22858.4 MSCL2_1701240091 1.000442 0.001802 1.000304 0.001856 1.000321 0.001913 1.001028 0.001974 1.001105 0.002036 
7777.935234 1.6415 346.8 0.939 0.133 21.28 20836.9 MSCL2_1701240092 0.997374 0.001788 0.997281 0.001841 0.997236 0.001897 0.997328 0.001955 0.997249 0.002014 
7777.935859 1.6346 343.6 1.464 0.663 20.46 24002.3 MSCL2_1701240093 1.004416 0.001798 1.004786 0.001854 1.005528 0.001913 1.006707 0.001975 1.005853 0.002033 
7777.936473 1.6280 339.9 0.636 0.645 19.23 29124.7 MSCL2_1701240094 1.001494 0.001785 1.000869 0.001838 1.000000 0.001893 1.000000 0.001951 0.999730 0.002011 
7777.937098 1.6213 333.1 0.717 0.720 19.38 27634.8 MSCL2_1701240095 1.001904 0.001773 1.002412 0.001829 1.002364 0.001885 1.002940 0.001944 1.003028 0.002004 
7777.937723 1.6146 330.5 0.818 1.148 20.98 24176.2 MSCL2_1701240096 0.999176 0.001772 0.998910 0.001826 0.998734 0.001881 0.999500 0.001942 0.999982 0.002003 
7777.938348 1.6080 333.4 0.646 -0.666 21.32 24913.2 MSCL2_1701240097 1.003108 0.001781 1.002928 0.001836 1.002571 0.001892 1.003331 0.001952 1.003319 0.002013 
7777.938973 1.6015 328.8 -0.221 1.258 19.46 25564.2 MSCL2_1701240098 0.998235 0.001763 0.998227 0.001817 0.998035 0.001872 0.998598 0.001931 0.998003 0.001989 
7777.939609 1.5950 325.4 0.942 -0.190 20.07 24122.9 MSCL2_1701240099 0.999655 0.001758 0.999360 0.001811 0.999151 0.001866 0.999547 0.001925 0.999937 0.001986 
7777.940223 1.5887 318.1 0.179 0.974 19.30 25176.5 MSCL2_1701240100 0.999026 0.001751 1.000200 0.001807 1.000225 0.001862 1.001193 0.001922 1.001520 0.001983 
7777.940859 1.5823 315.0 0.521 0.188 20.08 24690.0 MSCL2_1701240101 0.998443 0.001741 0.998612 0.001794 0.999393 0.001852 0.999709 0.001909 0.999210 0.001967 
7777.941484 1.5761 314.0 0.049 0.396 21.14 23568.3 MSCL2_1701240102 1.000000 0.001745 1.000082 0.001798 1.000027 0.001853 1.000647 0.001912 1.000761 0.001972 
7777.942109 1.5699 309.6 1.007 1.155 21.54 21974.8 MSCL2_1701240103 0.995711 0.001730 0.995035 0.001781 0.995295 0.001836 0.995753 0.001893 0.995316 0.001950 
7777.942734 1.5638 308.9 0.128 -0.534 18.78 28034.5 MSCL2_1701240104 0.999181 0.001740 0.999294 0.001794 0.998889 0.001848 0.998070 0.001903 0.998132 0.001963 
7777.943371 1.5576 305.0 0.307 1.360 21.55 21673.5 MSCL2_1701240105 0.997302 0.001736 0.998210 0.001792 0.998399 0.001848 0.999430 0.001909 0.999822 0.001970 
7777.943996 1.5517 302.5 0.259 -0.308 20.30 24299.7 MSCL2_1701240106 0.995774 0.001718 0.995260 0.001769 0.995480 0.001825 0.995583 0.001881 0.996197 0.001942 
7777.944633 1.5456 303.3 0.977 0.679 19.55 27068.2 MSCL2_1701240107 0.994551 0.001715 0.993152 0.001763 0.992817 0.001817 0.993345 0.001875 0.992970 0.001932 
7777.945258 1.5398 300.2 0.076 0.970 20.41 24937.7 MSCL2_1701240108 0.995868 0.001721 0.996054 0.001774 0.996211 0.001830 0.997439 0.001890 0.997146 0.001948 
7777.945871 1.5341 298.0 0.961 -0.603 20.50 24525.2 MSCL2_1701240109 0.993108 0.001708 0.993341 0.001761 0.993064 0.001816 0.993097 0.001873 0.993156 0.001931 
7777.946496 1.5283 294.5 0.627 1.644 21.14 25878.0 MSCL2_1701240110 0.989396 0.001684 0.989221 0.001734 0.988840 0.001787 0.988337 0.001840 0.987703 0.001894 
7777.947121 1.5226 293.0 0.075 0.274 20.84 25199.0 MSCL2_1701240111 0.990203 0.001686 0.989599 0.001736 0.989219 0.001789 0.989649 0.001845 0.989434 0.001902 
7777.947746 1.5170 292.8 0.783 -0.261 20.52 26627.3 MSCL2_1701240112 0.992602 0.001689 0.992207 0.001740 0.991927 0.001793 0.992227 0.001849 0.992422 0.001908 
7777.948371 1.5114 288.1 0.421 0.797 19.95 30015.2 MSCL2_1701240113 0.990331 0.001675 0.990421 0.001727 0.989527 0.001778 0.990736 0.001837 0.990707 0.001894 
7777.948996 1.5059 286.1 -0.626 0.493 19.99 28416.3 MSCL2_1701240114 0.990657 0.001680 0.990301 0.001731 0.990376 0.001786 0.990592 0.001842 0.990579 0.001900 
7777.949621 1.5005 285.7 0.744 -0.250 19.21 29424.7 MSCL2_1701240115 0.990174 0.001678 0.989473 0.001728 0.989731 0.001783 0.990265 0.001840 0.990288 0.001898 
7777.950258 1.4950 283.2 0.394 1.001 18.87 31877.5 MSCL2_1701240116 0.990659 0.001671 0.990082 0.001722 0.989560 0.001774 0.990040 0.001831 0.989480 0.001886 
7777.950883 1.4896 280.0 0.354 0.037 20.06 29555.2 MSCL2_1701240117 0.990027 0.001663 0.989241 0.001713 0.988687 0.001764 0.989698 0.001822 0.989795 0.001879 
7777.951508 1.4843 284.4 1.145 0.594 19.43 31255.7 MSCL2_1701240118 0.985366 0.001672 0.983969 0.001721 0.983093 0.001773 0.983023 0.001828 0.983425 0.001888 
7777.952144 1.4790 338.7 -0.229 0.850 19.58 27649.2 MSCL2_1701240119 0.985709 0.001899 0.985179 0.001967 0.984736 0.002038 0.985167 0.002113 0.985106 0.002189 
7777.952769 1.4738 616.4 0.695 0.286 19.59 11190.8 MSCL2_1701240120 0.979816 0.004123 0.977687 0.004341 0.976888 0.004573 0.977131 0.004814 0.978546 0.005069 
7777.953393 1.4686 376.6 0.921 1.207 19.91 23268.2 MSCL2_1701240121 1.000633 0.002118 0.999934 0.002202 1.000142 0.002291 1.000589 0.002383 1.000796 0.002477 
7777.954030 1.4635 337.7 0.492 0.692 19.48 28164.4 MSCL2_1701240122 0.985407 0.001891 0.984559 0.001959 0.984637 0.002033 0.985024 0.002108 0.985029 0.002185 
7777.954655 1.4584 690.1 -0.231 -0.560 19.91 9083.5 MSCL2_1701240123 0.974217 0.005435 0.974784 0.005773 0.973346 0.006092 0.974722 0.006446 0.972871 0.006759 
7777.955280 1.4534 392.2 0.293 1.071 19.63 20904.8 MSCL2_1701240124 0.985696 0.002205 0.985429 0.002298 0.986073 0.002397 0.984931 0.002490 0.984251 0.002587 
7777.955916 1.4484 577.6 0.167 -0.330 20.48 9955.2 MSCL2_1701240125 0.977720 0.004745 0.977145 0.005020 0.976393 0.005296 0.976262 0.005577 0.974436 0.005845 
7777.956541 1.4435 412.5 1.106 0.860 19.20 21029.2 MSCL2_1701240126 0.991359 0.002480 0.990311 0.002590 0.989763 0.002704 0.989422 0.002821 0.989370 0.002942 
7777.957178 1.4386 266.4 -0.343 -0.013 19.10 31560.4 MSCL2_1701240127 0.988936 0.001650 0.988001 0.001700 0.987624 0.001753 0.987701 0.001809 0.986865 0.001864 
7777.957803 1.4338 254.6 0.171 0.542 19.88 29660.2 MSCL2_1701240128 0.985278 0.001620 0.984495 0.001668 0.983741 0.001719 0.983622 0.001772 0.983581 0.001827 
7777.958439 1.4289 254.5 0.323 0.051 19.84 27478.5 MSCL2_1701240129 0.988001 0.001626 0.987958 0.001677 0.987600 0.001728 0.988564 0.001785 0.988550 0.001840 
7777.959064 1.4242 310.6 0.414 0.290 20.01 24331.0 MSCL2_1701240130 0.984369 0.001880 0.983926 0.001948 0.983557 0.002019 0.984543 0.002096 0.985073 0.002175 
7777.959689 1.4196 244.5 0.326 0.856 20.23 29941.1 MSCL2_1701240131 0.990640 0.001616 0.990442 0.001666 0.990464 0.001718 0.991094 0.001774 0.991477 0.001830 
7777.960314 1.4149 247.4 0.542 -0.452 19.89 30386.6 MSCL2_1701240132 0.990176 0.001629 0.989133 0.001677 0.989347 0.001731 0.989187 0.001785 0.989184 0.001842 
7777.960939 1.4104 250.7 -0.521 0.921 20.09 26428.0 MSCL2_1701240133 0.988868 0.001642 0.989273 0.001694 0.989395 0.001749 0.989689 0.001805 0.989705 0.001862 
7777.961564 1.4059 241.5 1.217 -0.305 20.34 28060.8 MSCL2_1701240134 0.988915 0.001613 0.988344 0.001662 0.988481 0.001714 0.988875 0.001769 0.988664 0.001824 
7777.962189 1.4014 238.1 -0.460 0.553 20.18 30240.0 MSCL2_1701240135 0.985936 0.001593 0.985177 0.001640 0.984911 0.001691 0.984859 0.001743 0.984893 0.001798 
7777.962803 1.3970 239.9 0.601 0.957 18.58 38222.9 MSCL2_1701240136 0.988132 0.001604 0.987989 0.001655 0.987620 0.001707 0.987697 0.001761 0.987536 0.001816 
7777.963428 1.3926 242.8 0.364 -0.612 18.70 34675.1 MSCL2_1701240137 0.989117 0.001610 0.987746 0.001657 0.986824 0.001708 0.986940 0.001762 0.986540 0.001817 
7777.964053 1.3883 241.3 -0.019 0.735 20.23 28398.4 MSCL2_1701240138 0.986752 0.001595 0.986593 0.001644 0.985816 0.001694 0.985813 0.001746 0.985353 0.001800 
7777.964689 1.3839 238.1 0.198 0.700 19.31 32427.0 MSCL2_1701240139 0.987037 0.001590 0.986199 0.001638 0.985361 0.001687 0.985765 0.001741 0.985279 0.001794 
7777.965314 1.3796 236.7 0.402 -0.496 19.91 30085.1 MSCL2_1701240140 0.985582 0.001590 0.984773 0.001638 0.984110 0.001688 0.984436 0.001742 0.984033 0.001795 
7777.965939 1.3754 236.4 0.414 0.994 19.73 28390.4 MSCL2_1701240141 0.987601 0.001605 0.987328 0.001655 0.987088 0.001707 0.987696 0.001763 0.987848 0.001819 
7777.966553 1.3713 235.6 0.027 -0.740 19.55 26591.5 MSCL2_1701240142 0.988960 0.001608 0.989270 0.001659 0.989041 0.001711 0.989609 0.001766 0.990279 0.001824 
7777.967178 1.3671 234.1 0.322 1.471 19.41 31297.7 MSCL2_1701240143 0.985510 0.001591 0.985022 0.001641 0.985085 0.001693 0.985136 0.001747 0.984587 0.001801 
7777.967803 1.3630 250.5 0.338 -0.866 19.34 31365.3 MSCL2_1701240144 0.989853 0.001684 0.988326 0.001737 0.987660 0.001794 0.987513 0.001854 0.987003 0.001914 
7777.968428 1.3589 230.1 -0.698 1.257 19.44 34834.8 MSCL2_1701240145 0.989380 0.001591 0.988879 0.001640 0.988147 0.001691 0.987786 0.001743 0.987702 0.001799 
7777.969053 1.3549 229.7 0.107 -0.404 19.30 33072.8 MSCL2_1701240146 0.986565 0.001575 0.985376 0.001622 0.984420 0.001670 0.984388 0.001723 0.984285 0.001777 
7777.969678 1.3509 232.4 0.646 -0.087 18.79 35285.9 MSCL2_1701240147 0.989744 0.001598 0.989161 0.001648 0.988471 0.001699 0.988779 0.001754 0.988097 0.001809 
7777.970303 1.3469 225.7 0.021 0.498 19.51 34913.9 MSCL2_1701240148 0.986405 0.001572 0.985263 0.001618 0.984168 0.001667 0.984211 0.001719 0.983792 0.001772 
7777.970928 1.3430 224.7 0.391 0.460 18.41 34252.1 MSCL2_1701240149 0.987187 0.001579 0.986521 0.001627 0.986259 0.001678 0.986666 0.001732 0.986092 0.001786 
7777.971553 1.3391 224.3 -0.077 0.102 19.06 34062.9 MSCL2_1701240150 0.986369 0.001573 0.985436 0.001620 0.984794 0.001670 0.984835 0.001723 0.985241 0.001779 
7777.972178 1.3353 226.5 0.231 0.413 18.89 30219.8 MSCL2_1701240151 0.984478 0.001591 0.983921 0.001641 0.984075 0.001693 0.984604 0.001749 0.985072 0.001806 
7777.972814 1.3314 241.2 0.354 -0.299 18.73 29294.5 MSCL2_1701240152 0.987663 0.001691 0.987357 0.001749 0.987150 0.001808 0.986995 0.001869 0.986686 0.001932 
7777.973451 1.3275 246.8 -0.556 0.446 19.52 25602.2 MSCL2_1701240153 0.982670 0.001715 0.981949 0.001773 0.981402 0.001834 0.982370 0.001900 0.981385 0.001962 
7777.974076 1.3238 216.1 0.213 -0.106 20.35 25199.7 MSCL2_1701240154 0.984180 0.001569 0.984308 0.001618 0.984305 0.001668 0.985096 0.001723 0.985569 0.001778 
7777.974701 1.3201 223.6 0.000 0.545 19.36 25783.3 MSCL2_1701240155 0.983354 0.001620 0.983177 0.001672 0.983108 0.001727 0.983591 0.001784 0.983697 0.001843 
7777.975326 1.3164 335.5 -0.433 -0.396 19.07 20370.2 MSCL2_1701240156 0.988460 0.002252 0.988161 0.002350 0.988047 0.002452 0.987889 0.002555 0.988798 0.002666 
7777.975939 1.3129 236.3 0.686 0.830 19.07 29704.9 MSCL2_1701240157 0.984788 0.001652 0.983798 0.001705 0.983407 0.001762 0.983581 0.001822 0.983724 0.001884 
7777.976564 1.3093 727.0 79.501 -52.094 19.12 2410.0 MSCL2_1701240158 0.461893 0.006299 0.460412 0.006675 0.460545 0.007088 0.463620 0.007597 0.463942 0.008017 
7777.977201 1.3056 703.0 -201.534 -175.554 23.78 1479.6 MSCL2_1701240159 0.162401 0.002060 0.162179 0.002191 0.162048 0.002326 0.162031 0.002454 0.161961 0.002578 
7777.977826 1.3021 580.1 -2.147 -1.121 20.02 3304.2 MSCL2_1701240160 1.017864 0.015091 1.023154 0.016249 1.030744 0.017500 1.032019 0.018585 1.038463 0.019890 
7777.978439 1.2987 466.8 -3.131 -1.241 19.62 7166.2 MSCL2_1701240161 0.991406 0.006641 0.993987 0.007091 0.995921 0.007538 0.998500 0.008000 1.002113 0.008483 
7777.979076 1.2951 266.0 -3.606 -0.414 20.14 23432.3 MSCL2_1701240162 0.989659 0.001877 0.990330 0.001951 0.989432 0.002022 0.989681 0.002098 0.989061 0.002173 
7777.979713 1.2916 199.4 0.576 0.189 19.99 31808.3 MSCL2_1701240163 0.988383 0.001541 0.988101 0.001588 0.987396 0.001636 0.987682 0.001688 0.988025 0.001742 
7777.980338 1.2882 200.0 -0.448 0.102 19.25 36368.0 MSCL2_1701240164 0.986165 0.001534 0.985366 0.001580 0.984714 0.001628 0.984856 0.001680 0.984673 0.001732 
7777.980974 1.2848 199.2 0.616 -0.335 18.93 33646.9 MSCL2_1701240165 0.984329 0.001524 0.983362 0.001569 0.982499 0.001616 0.982333 0.001666 0.981865 0.001716 
7777.981588 1.2815 198.4 -0.418 0.590 18.48 36187.3 MSCL2_1701240166 0.986331 0.001528 0.985825 0.001575 0.985687 0.001624 0.985902 0.001675 0.985555 0.001727 
7777.982213 1.2782 196.4 -0.023 -0.295 19.14 34460.3 MSCL2_1701240167 0.986874 0.001532 0.986701 0.001580 0.986035 0.001628 0.986249 0.001680 0.986239 0.001733 
7777.982838 1.2749 194.3 0.446 0.306 18.93 37318.7 MSCL2_1701240168 0.986875 0.001531 0.986298 0.001578 0.986062 0.001628 0.986124 0.001679 0.986396 0.001733 
7777.983474 1.2716 194.2 -0.003 0.313 18.88 40607.6 MSCL2_1701240169 0.988120 0.001530 0.987117 0.001576 0.986339 0.001624 0.985974 0.001674 0.986010 0.001727 
7777.984099 1.2684 192.3 -0.429 -0.367 18.44 39645.9 MSCL2_1701240170 0.990155 0.001537 0.989013 0.001583 0.988720 0.001633 0.989188 0.001685 0.989095 0.001738 
7777.984736 1.2652 191.9 0.706 0.624 18.57 38581.1 MSCL2_1701240171 0.990589 0.001540 0.989884 0.001588 0.989883 0.001638 0.990158 0.001691 0.990229 0.001744 
7777.985361 1.2620 189.5 0.303 -0.789 18.36 43655.0 MSCL2_1701240172 0.988780 0.001539 0.987798 0.001586 0.987731 0.001637 0.987882 0.001689 0.988111 0.001744 
7777.985997 1.2588 188.6 -0.681 0.748 18.93 36416.8 MSCL2_1701240173 0.989316 0.001527 0.988321 0.001573 0.988040 0.001622 0.989155 0.001676 0.989524 0.001730 
7777.986622 1.2557 188.3 0.152 0.238 19.13 36002.7 MSCL2_1701240174 0.985235 0.001526 0.984034 0.001571 0.983560 0.001620 0.983460 0.001671 0.983521 0.001724 
7777.987247 1.2527 190.8 0.109 -0.769 18.95 36565.3 MSCL2_1701240175 0.986709 0.001536 0.986213 0.001584 0.985773 0.001633 0.986139 0.001686 0.986196 0.001740 
7777.987884 1.2496 199.4 -0.217 0.398 19.27 34621.0 MSCL2_1701240176 0.987139 0.001534 0.986898 0.001583 0.986216 0.001632 0.986700 0.001686 0.986810 0.001740 
7777.988509 1.2465 198.4 0.121 -0.089 18.61 38323.5 MSCL2_1701240177 0.989308 0.001524 0.988767 0.001572 0.988280 0.001621 0.988961 0.001674 0.989122 0.001727 
7777.989145 1.2435 184.5 0.214 -0.072 18.56 37841.0 MSCL2_1701240178 0.988040 0.001516 0.987322 0.001562 0.986425 0.001609 0.986595 0.001660 0.986415 0.001712 
7777.989782 1.2405 182.4 -0.549 0.471 19.02 33679.5 MSCL2_1701240179 0.988358 0.001513 0.987860 0.001558 0.987201 0.001606 0.987494 0.001656 0.987087 0.001707 
7777.990407 1.2376 180.1 0.077 -0.724 17.34 43461.1 MSCL2_1701240180 0.990461 0.001508 0.989617 0.001554 0.989364 0.001602 0.989612 0.001653 0.989016 0.001703 
7777.991032 1.2347 179.6 0.088 0.317 18.73 37607.3 MSCL2_1701240181 0.989821 0.001506 0.988709 0.001551 0.988218 0.001599 0.988458 0.001649 0.988283 0.001701 
7777.991657 1.2318 180.2 0.032 -0.158 18.80 38114.7 MSCL2_1701240182 0.986183 0.001494 0.985207 0.001539 0.984230 0.001585 0.984137 0.001635 0.983197 0.001683 
7777.992294 1.2289 181.1 -0.322 0.025 18.56 40835.3 MSCL2_1701240183 0.986740 0.001492 0.986153 0.001537 0.985534 0.001584 0.985643 0.001634 0.985444 0.001684 
7777.992919 1.2261 181.1 0.368 0.402 18.28 45473.4 MSCL2_1701240184 0.986375 0.001494 0.985443 0.001539 0.985187 0.001587 0.985039 0.001636 0.985051 0.001687 
7777.993554 1.2232 209.3 0.041 -0.385 17.83 40497.2 MSCL2_1701240185 0.989387 0.001683 0.988337 0.001740 0.987749 0.001801 0.987858 0.001864 0.988038 0.001930 
7777.994168 1.2205 178.9 -0.254 0.445 18.46 43797.6 MSCL2_1701240186 0.988803 0.001499 0.987830 0.001544 0.987072 0.001591 0.987197 0.001641 0.986848 0.001692 
7777.994804 1.2177 175.5 0.037 -0.089 19.26 38535.1 MSCL2_1701240187 0.987297 0.001489 0.986384 0.001533 0.985572 0.001580 0.985060 0.001627 0.984173 0.001676 
7777.995429 1.2150 178.6 -0.104 -0.511 17.70 46654.9 MSCL2_1701240188 0.986554 0.001489 0.985549 0.001534 0.984808 0.001580 0.984637 0.001630 0.984312 0.001680 
7777.996043 1.2124 184.3 0.124 0.430 17.88 45446.0 MSCL2_1701240189 0.989668 0.001493 0.988574 0.001538 0.988185 0.001586 0.988099 0.001635 0.987957 0.001687 
7777.996668 1.2097 176.0 -0.278 -0.244 18.14 48758.7 MSCL2_1701240190 0.990238 0.001484 0.989053 0.001528 0.987990 0.001573 0.987848 0.001621 0.987136 0.001670 
7777.997281 1.2071 172.7 0.363 0.110 17.98 50429.6 MSCL2_1701240191 0.989728 0.001489 0.988718 0.001534 0.987795 0.001580 0.987526 0.001628 0.987190 0.001679 
7777.997906 1.2045 172.4 -0.516 0.063 22.35 31990.2 MSCL2_1701240192 0.989710 0.001486 0.988863 0.001530 0.988287 0.001577 0.988055 0.001625 0.988294 0.001677 
7777.998531 1.2019 172.4 0.309 -0.545 22.68 27349.0 MSCL2_1701240193 0.991752 0.001486 0.990970 0.001530 0.990736 0.001577 0.990535 0.001625 0.990323 0.001675 
7777.999156 1.1994 173.1 -0.553 0.257 21.87 30665.5 MSCL2_1701240194 0.989153 0.001481 0.988385 0.001525 0.987686 0.001571 0.987764 0.001620 0.987849 0.001671 
7777.999781 1.1968 173.1 -0.192 -0.042 23.20 27605.5 MSCL2_1701240195 0.989663 0.001487 0.988919 0.001532 0.988202 0.001578 0.988544 0.001629 0.988418 0.001680 
7778.000406 1.1943 170.5 0.167 -0.216 22.36 29337.4 MSCL2_1701240196 0.990253 0.001479 0.989335 0.001523 0.988748 0.001569 0.988628 0.001617 0.988515 0.001667 
7778.001043 1.1918 169.0 -0.476 0.353 22.17 28212.0 MSCL2_1701240197 0.989611 0.001472 0.988823 0.001516 0.988039 0.001560 0.988342 0.001609 0.987745 0.001657 
7778.001679 1.1893 168.3 -0.278 -0.000 22.34 29062.2 MSCL2_1701240198 0.991673 0.001485 0.991073 0.001530 0.990247 0.001575 0.990612 0.001625 0.989755 0.001674 
7778.002304 1.1868 169.5 -0.014 0.003 22.88 27577.4 MSCL2_1701240199 0.991936 0.001486 0.991075 0.001531 0.990708 0.001578 0.991025 0.001628 0.991175 0.001680 
7778.002929 1.1844 168.7 -0.128 -0.393 21.61 29940.5 MSCL2_1701240200 0.990806 0.001477 0.989522 0.001520 0.988987 0.001566 0.989436 0.001616 0.988919 0.001665 
7778.003554 1.1820 167.7 -0.242 0.000 22.30 32085.9 MSCL2_1701240201 0.995831 0.001487 0.994586 0.001530 0.993633 0.001576 0.993648 0.001625 0.993128 0.001675 
7778.004191 1.1796 166.3 -0.088 -0.036 22.51 31822.8 MSCL2_1701240202 0.995022 0.001484 0.993925 0.001528 0.993051 0.001574 0.992923 0.001623 0.993170 0.001675 
7778.004816 1.1772 165.0 -0.284 0.455 22.56 29214.1 MSCL2_1701240203 0.994564 0.001485 0.994139 0.001531 0.993503 0.001578 0.993854 0.001629 0.993684 0.001680 
7778.005452 1.1749 162.4 -0.024 -0.430 21.52 32334.1 MSCL2_1701240204 0.995905 0.001478 0.995376 0.001522 0.995315 0.001570 0.995779 0.001620 0.995750 0.001670 
7778.006089 1.1725 162.3 -0.434 -0.532 21.60 33078.2 MSCL2_1701240205 0.996314 0.001481 0.995206 0.001525 0.994390 0.001571 0.994067 0.001619 0.993839 0.001669 
7778.006702 1.1703 161.6 0.475 -0.140 21.68 33038.6 MSCL2_1701240206 0.997565 0.001479 0.996617 0.001523 0.996224 0.001570 0.996104 0.001618 0.996516 0.001670 
7778.007339 1.1680 160.7 -0.591 0.090 22.55 30176.0 MSCL2_1701240207 1.001118 0.001487 1.000000 0.001531 0.999479 0.001578 0.999429 0.001627 0.999144 0.001677 
7778.007964 1.1657 158.4 0.016 0.227 22.54 28431.5 MSCL2_1701240208 0.994916 0.001471 0.993690 0.001514 0.992753 0.001559 0.993143 0.001608 0.992775 0.001657 
7778.008577 1.1636 156.4 -0.267 -0.728 22.61 28207.5 MSCL2_1701240209 0.997245 0.001476 0.996262 0.001520 0.995726 0.001566 0.995837 0.001615 0.995576 0.001664 
7778.009202 1.1614 157.4 -0.318 0.471 21.74 31005.8 MSCL2_1701240210 0.997266 0.001471 0.996376 0.001514 0.995933 0.001560 0.996135 0.001609 0.995393 0.001657 
7778.009827 1.1592 158.2 -0.243 -0.028 22.95 29122.6 MSCL2_1701240211 0.999760 0.001479 0.998302 0.001521 0.997681 0.001567 0.998043 0.001617 0.997371 0.001666 
7778.010441 1.1571 158.7 -0.225 -0.511 22.15 30962.8 MSCL2_1701240212 1.002081 0.001475 1.000992 0.001518 1.000264 0.001564 1.000419 0.001612 1.000328 0.001662 
7778.011043 1.1550 157.6 -0.427 0.191 22.03 30285.8 MSCL2_1701240213 1.002025 0.001479 1.001397 0.001523 1.001330 0.001571 1.001526 0.001620 1.001186 0.001670 
7778.011679 1.1529 166.7 0.021 -0.229 21.70 32148.1 MSCL2_1701240214 1.000366 0.001481 0.999564 0.001525 0.998712 0.001571 0.999206 0.001622 0.999306 0.001673 
7778.012304 1.1508 161.0 0.137 -0.469 22.46 29736.5 MSCL2_1701240215 1.002877 0.001481 1.002455 0.001527 1.001383 0.001572 1.001282 0.001621 1.000791 0.001670 
7778.012929 1.1487 174.3 -0.368 -0.319 22.09 34387.1 MSCL2_1701240216 1.003537 0.001488 1.002703 0.001533 1.001572 0.001579 1.001635 0.001630 1.001313 0.001680 
7778.013554 1.1466 161.1 -0.335 0.122 22.88 27265.8 MSCL2_1701240217 1.001959 0.001476 1.001989 0.001522 1.001745 0.001569 1.001893 0.001617 1.002170 0.001668 
7778.014168 1.1446 158.0 0.202 -0.173 22.91 26754.5 MSCL2_1701240218 1.003245 0.001474 1.002707 0.001519 1.001980 0.001564 1.002147 0.001613 1.002216 0.001663 
7778.014781 1.1427 156.0 -0.470 -0.414 23.67 24320.9 MSCL2_1701240219 1.003086 0.001475 1.002588 0.001520 1.001768 0.001565 1.001458 0.001613 1.001386 0.001663 
7778.015406 1.1407 155.2 -0.683 0.181 21.56 29159.7 MSCL2_1701240220 1.004421 0.001477 1.003763 0.001521 1.003294 0.001567 1.003869 0.001617 1.003271 0.001666 
7778.016043 1.1387 152.7 0.028 -0.732 21.82 30136.2 MSCL2_1701240221 1.003134 0.001468 1.001858 0.001510 1.000974 0.001555 1.001557 0.001604 1.001712 0.001654 
7778.016679 1.1367 150.4 -0.855 0.542 22.51 31916.9 MSCL2_1701240222 1.003909 0.001471 1.003273 0.001515 1.002565 0.001561 1.003196 0.001611 1.003014 0.001660 
7778.017293 1.1348 148.3 0.304 -0.566 21.42 32083.1 MSCL2_1701240223 1.003123 0.001467 1.002815 0.001511 1.002383 0.001557 1.002214 0.001604 1.001968 0.001653 
7778.017918 1.1329 146.4 -0.283 0.145 22.48 32907.2 MSCL2_1701240224 1.004813 0.001470 1.003686 0.001513 1.003204 0.001559 1.003218 0.001608 1.003580 0.001659 
7778.018554 1.1309 145.0 -0.393 -0.050 21.91 33854.6 MSCL2_1701240225 1.001056 0.001460 1.000291 0.001503 0.999824 0.001549 0.999581 0.001596 0.998507 0.001643 
7778.019179 1.1291 141.9 -0.339 -0.605 21.23 32030.0 MSCL2_1701240226 1.003131 0.001463 1.003007 0.001507 1.002565 0.001552 1.003015 0.001601 1.002838 0.001650 
7778.019793 1.1272 141.5 -0.190 0.037 22.24 28557.7 MSCL2_1701240227 1.002870 0.001464 1.002344 0.001508 1.002049 0.001554 1.002033 0.001601 1.002533 0.001652 
7778.020429 1.1254 139.9 -0.338 -0.393 22.03 29016.8 MSCL2_1701240228 1.002740 0.001459 1.001666 0.001501 1.001042 0.001545 1.001557 0.001594 1.001583 0.001643 
7778.021054 1.1236 139.8 -1.099 0.151 21.66 28454.1 MSCL2_1701240229 1.003068 0.001462 1.003113 0.001507 1.002757 0.001553 1.003126 0.001602 1.002763 0.001650 
7778.021668 1.1218 138.1 0.723 -0.807 21.97 27995.8 MSCL2_1701240230 1.001686 0.001452 1.000893 0.001495 1.000448 0.001539 1.000876 0.001587 1.001038 0.001636 
7778.022304 1.1200 136.3 -1.171 -0.063 21.13 32193.9 MSCL2_1701240231 1.002345 0.001447 1.001791 0.001489 1.001007 0.001533 1.001845 0.001582 1.001833 0.001630 
7778.022918 1.1182 136.5 0.332 -0.058 21.82 30688.3 MSCL2_1701240232 1.005865 0.001461 1.005324 0.001505 1.004515 0.001549 1.004601 0.001597 1.004650 0.001647 
7778.023554 1.1165 137.6 -0.172 -0.280 22.38 26968.0 MSCL2_1701240233 1.002935 0.001451 1.002159 0.001493 1.001567 0.001538 1.001832 0.001585 1.001534 0.001633 
7778.024179 1.1147 135.8 -0.556 0.113 22.26 26347.7 MSCL2_1701240234 1.003192 0.001455 1.002414 0.001499 1.001654 0.001543 1.002170 0.001592 1.001985 0.001641 
7778.024804 1.1130 134.7 -0.054 -0.277 21.70 32645.0 MSCL2_1701240235 1.004018 0.001453 1.002814 0.001494 1.002001 0.001538 1.002329 0.001586 1.002067 0.001634 
7778.025418 1.1114 134.3 -0.556 -0.362 22.10 28698.3 MSCL2_1701240236 1.003364 0.001457 1.002697 0.001499 1.002061 0.001544 1.002299 0.001592 1.001998 0.001641 
7778.026043 1.1097 134.4 -0.234 0.019 22.41 30764.8 MSCL2_1701240237 1.003833 0.001451 1.003238 0.001494 1.002438 0.001538 1.002839 0.001586 1.002586 0.001635 
7778.026668 1.1081 132.4 -0.448 -0.603 22.30 31948.9 MSCL2_1701240238 1.004071 0.001457 1.003129 0.001500 1.002985 0.001546 1.003279 0.001594 1.002747 0.001642 
7778.027293 1.1064 130.6 -0.360 0.480 21.42 32926.0 MSCL2_1701240239 1.002147 0.001446 1.000801 0.001487 1.000348 0.001531 1.000746 0.001579 1.000173 0.001626 
7778.027929 1.1048 148.0 -0.459 -0.617 22.55 29213.4 MSCL2_1701240240 1.004360 0.001468 1.004010 0.001514 1.003526 0.001560 1.003934 0.001610 1.003817 0.001661 
7778.028554 1.1032 131.2 0.133 -0.433 23.16 29512.2 MSCL2_1701240241 1.002583 0.001445 1.001737 0.001486 1.001117 0.001531 1.001337 0.001578 1.001188 0.001626 
7778.029179 1.1016 128.3 -0.860 -0.111 23.16 30858.7 MSCL2_1701240242 1.004982 0.001446 1.004089 0.001488 1.003596 0.001533 1.004118 0.001581 1.003814 0.001629 
7778.029804 1.1000 128.1 -0.123 0.018 24.06 27041.5 MSCL2_1701240243 1.006467 0.001449 1.006133 0.001492 1.005339 0.001536 1.005700 0.001583 1.005992 0.001633 
7778.030429 1.0985 126.9 -0.520 -0.426 22.18 29762.2 MSCL2_1701240244 1.003302 0.001444 1.002314 0.001485 1.002157 0.001530 1.001940 0.001576 1.001883 0.001625 
7778.031054 1.0969 125.5 -0.488 -0.128 23.36 26027.7 MSCL2_1701240245 1.002924 0.001436 1.002264 0.001477 1.001683 0.001520 1.001967 0.001566 1.001757 0.001613 
7778.031679 1.0954 126.3 0.009 -0.408 21.76 30993.8 MSCL2_1701240246 1.002552 0.001436 1.002388 0.001478 1.001848 0.001522 1.002558 0.001570 1.002618 0.001618 
7778.032304 1.0939 126.1 -1.302 0.368 22.62 23642.1 MSCL2_1701240247 1.002699 0.001440 1.002664 0.001483 1.002159 0.001527 1.002825 0.001575 1.002537 0.001622 
7778.032929 1.0924 125.2 -0.627 -1.271 22.27 26594.9 MSCL2_1701240248 1.003689 0.001439 1.003237 0.001482 1.003128 0.001527 1.003399 0.001574 1.003616 0.001623 
7778.033566 1.0909 124.0 0.227 0.383 22.16 30017.3 MSCL2_1701240249 1.002680 0.001438 1.001903 0.001480 1.000833 0.001523 1.001518 0.001571 1.001457 0.001619 
7778.034190 1.0895 124.3 -0.459 -1.221 21.48 31609.0 MSCL2_1701240250 1.005916 0.001439 1.005266 0.001481 1.004664 0.001524 1.004688 0.001570 1.005054 0.001619 
7778.034815 1.0881 124.2 -0.371 0.365 22.48 28030.1 MSCL2_1701240251 1.003336 0.001439 1.002878 0.001481 1.002393 0.001525 1.002649 0.001572 1.002333 0.001619 
7778.035440 1.0866 124.5 -0.188 -0.423 23.32 27229.7 MSCL2_1701240252 1.002930 0.001435 1.002709 0.001477 1.002486 0.001521 1.002718 0.001568 1.002821 0.001616 
7778.036076 1.0852 122.9 -0.551 -0.275 22.16 27667.6 MSCL2_1701240253 1.001242 0.001435 1.001186 0.001478 1.000631 0.001521 1.001030 0.001568 1.000824 0.001616 
7778.036701 1.0838 120.6 -0.771 -0.419 21.58 28776.0 MSCL2_1701240254 1.002221 0.001435 1.001648 0.001477 1.001259 0.001520 1.001339 0.001566 1.000568 0.001612 
7778.037338 1.0824 121.2 0.301 -0.087 22.10 30652.0 MSCL2_1701240255 1.004469 0.001436 1.003692 0.001478 1.003242 0.001522 1.003781 0.001569 1.003725 0.001617 
7778.037951 1.0811 121.9 -0.634 -0.674 22.48 30312.3 MSCL2_1701240256 0.998773 0.001427 0.997875 0.001468 0.996873 0.001510 0.996993 0.001556 0.996279 0.001602 
7778.038588 1.0798 126.1 -0.450 0.085 22.55 28449.2 MSCL2_1701240257 1.002896 0.001440 1.002414 0.001483 1.001907 0.001527 1.002377 0.001575 1.001905 0.001622 
7778.039213 1.0784 131.9 -0.785 -0.092 23.77 23748.4 MSCL2_1701240258 1.003085 0.001436 1.002702 0.001478 1.002416 0.001523 1.002900 0.001570 1.002988 0.001618 
7778.039838 1.0771 121.3 -0.421 -0.927 23.25 25419.4 MSCL2_1701240259 1.002912 0.001431 1.002178 0.001472 1.002179 0.001516 1.001763 0.001560 1.001519 0.001607 
7778.040474 1.0758 119.0 -0.667 -0.046 21.06 29527.7 MSCL2_1701240260 1.003440 0.001434 1.002334 0.001475 1.002170 0.001519 1.001948 0.001564 1.001615 0.001611 
7778.041099 1.0745 117.9 -0.364 -0.678 22.32 27693.9 MSCL2_1701240261 1.003258 0.001432 1.002484 0.001474 1.001972 0.001518 1.002594 0.001565 1.003070 0.001615 
7778.041724 1.0733 116.6 -0.290 -0.327 21.54 30248.6 MSCL2_1701240262 1.000201 0.001424 0.999277 0.001465 0.998562 0.001507 0.998833 0.001553 0.998689 0.001600 
7778.042361 1.0720 114.6 -0.411 -0.298 22.45 29294.5 MSCL2_1701240263 1.002481 0.001425 1.002090 0.001466 1.001426 0.001509 1.001848 0.001555 1.001447 0.001601 
7778.042986 1.0708 112.3 -0.206 -0.078 22.46 32013.4 MSCL2_1701240264 1.003187 0.001422 1.002590 0.001463 1.002100 0.001506 1.002165 0.001551 1.002108 0.001598 
7778.043611 1.0696 109.8 -0.885 -0.722 22.04 33239.1 MSCL2_1701240265 1.006710 0.001434 1.005978 0.001475 1.005482 0.001519 1.005660 0.001565 1.005138 0.001612 
7778.044236 1.0684 110.2 -0.388 0.190 22.70 29185.2 MSCL2_1701240266 1.001866 0.001418 1.000998 0.001458 1.000546 0.001501 1.000685 0.001546 1.000677 0.001593 
7778.044861 1.0672 109.6 -0.594 -0.693 22.31 33603.6 MSCL2_1701240267 1.001380 0.001423 1.000678 0.001464 1.000088 0.001507 1.000232 0.001553 0.999957 0.001600 
7778.045486 1.0660 109.2 -0.598 -0.552 22.00 33620.8 MSCL2_1701240268 1.004367 0.001423 1.003703 0.001464 1.003118 0.001507 1.003673 0.001554 1.003377 0.001600 
7778.046111 1.0649 108.1 -0.223 -0.080 23.14 29807.1 MSCL2_1701240269 1.002199 0.001422 1.001173 0.001462 1.000633 0.001505 1.000902 0.001550 1.000871 0.001597 
7778.046736 1.0638 105.9 -0.646 -0.355 22.48 31558.5 MSCL2_1701240270 1.003315 0.001418 1.002702 0.001459 1.002321 0.001502 1.002421 0.001547 1.002127 0.001593 
7778.047373 1.0626 105.0 -0.484 -0.351 22.45 27356.8 MSCL2_1701240271 1.002311 0.001421 1.001670 0.001462 1.001312 0.001505 1.001553 0.001551 1.001291 0.001597 
7778.047998 1.0615 104.9 -0.456 -0.430 22.68 24542.7 MSCL2_1701240272 1.001419 0.001417 1.001356 0.001458 1.000801 0.001500 1.001511 0.001546 1.000914 0.001591 
7778.048611 1.0604 103.3 -0.330 -0.241 22.11 29088.8 MSCL2_1701240273 1.000760 0.001416 1.000335 0.001457 1.000036 0.001499 1.000151 0.001544 0.999763 0.001590 
7778.049236 1.0594 103.4 -1.369 -0.714 23.38 22679.6 MSCL2_1701240274 1.001541 0.001418 1.001196 0.001459 1.000917 0.001502 1.001047 0.001547 1.000736 0.001593 
7778.049861 1.0583 104.5 -0.078 -0.608 23.48 25914.3 MSCL2_1701240275 1.003706 0.001424 1.003329 0.001465 1.002646 0.001508 1.002575 0.001553 1.002122 0.001599 
7778.050486 1.0572 104.0 -0.373 0.044 21.76 26969.0 MSCL2_1701240276 0.999996 0.001415 0.999820 0.001457 0.999470 0.001499 0.999697 0.001545 0.999569 0.001591 
7778.051123 1.0562 102.3 -0.524 -1.203 21.95 30799.2 MSCL2_1701240277 1.003222 0.001417 1.002677 0.001458 1.001954 0.001500 1.001790 0.001545 1.001273 0.001590 
7778.051736 1.0552 101.2 -0.755 0.002 21.85 30211.9 MSCL2_1701240278 1.005271 0.001418 1.004702 0.001459 1.004308 0.001502 1.004482 0.001547 1.004239 0.001593 
7778.052361 1.0542 100.8 -0.569 -0.513 22.76 26979.2 MSCL2_1701240279 1.004447 0.001419 1.003586 0.001460 1.003538 0.001503 1.003668 0.001549 1.003595 0.001595 
7778.052986 1.0532 101.4 0.053 -0.269 21.77 29553.6 MSCL2_1701240280 1.004806 0.001420 1.003781 0.001459 1.002908 0.001501 1.003098 0.001547 1.003020 0.001593 
7778.053623 1.0522 99.8 -0.769 -0.611 23.26 28613.8 MSCL2_1701240281 1.002923 0.001413 1.002568 0.001454 1.002298 0.001497 1.002670 0.001543 1.002665 0.001589 
7778.054259 1.0512 100.0 -0.447 -0.956 21.96 29855.4 MSCL2_1701240282 1.003615 0.001415 1.002856 0.001456 1.002341 0.001498 1.002390 0.001543 1.001944 0.001589 
7778.054884 1.0503 98.6 -0.279 0.360 22.33 30838.4 MSCL2_1701240283 1.004526 0.001414 1.003869 0.001455 1.002961 0.001496 1.003274 0.001541 1.003101 0.001587 
7778.055509 1.0493 98.0 -0.330 -1.039 22.47 30134.5 MSCL2_1701240284 1.001211 0.001405 1.000755 0.001446 1.000211 0.001487 0.999967 0.001531 1.000175 0.001577 
7778.056134 1.0484 98.1 -0.965 0.152 21.70 33227.9 MSCL2_1701240285 1.005537 0.001416 1.005187 0.001458 1.004646 0.001500 1.005037 0.001546 1.005685 0.001595 
7778.056759 1.0475 97.2 -0.196 -1.508 23.10 24958.6 MSCL2_1701240286 1.002155 0.001405 1.001897 0.001445 1.001124 0.001486 1.001635 0.001531 1.001788 0.001577 
7778.057384 1.0466 97.0 -1.191 0.999 22.71 29788.3 MSCL2_1701240287 1.002874 0.001408 1.002275 0.001448 1.001668 0.001490 1.001977 0.001535 1.001533 0.001580 
7778.058009 1.0457 96.8 -0.655 -1.150 22.97 25983.3 MSCL2_1701240288 1.002299 0.001402 1.001315 0.001441 1.000784 0.001482 1.000594 0.001525 1.000226 0.001570 
7778.058646 1.0449 94.6 -0.118 -0.581 21.45 37801.7 MSCL2_1701240289 1.004704 0.001407 1.003986 0.001447 1.003416 0.001489 1.003673 0.001534 1.003711 0.001580 
7778.059282 1.0440 94.9 -0.954 -0.062 22.61 26431.5 MSCL2_1701240290 1.003110 0.001406 1.002946 0.001447 1.002693 0.001490 1.003282 0.001535 1.003190 0.001581 
7778.059907 1.0431 95.2 0.397 -1.601 21.41 34039.6 MSCL2_1701240291 1.003317 0.001403 1.002627 0.001443 1.002387 0.001485 1.002161 0.001529 1.002424 0.001575 
7778.060532 1.0423 94.7 -0.671 0.032 22.21 37984.6 MSCL2_1701240292 1.004723 0.001407 1.003713 0.001447 1.002892 0.001489 1.002603 0.001532 1.002271 0.001577 
7778.061157 1.0415 93.5 -0.495 -0.661 22.51 31510.6 MSCL2_1701240293 1.002885 0.001402 1.002259 0.001443 1.001379 0.001484 1.001290 0.001527 1.001140 0.001573 
7778.061794 1.0407 94.2 -0.568 -0.400 22.34 26265.5 MSCL2_1701240294 1.001709 0.001401 1.000964 0.001440 1.000563 0.001482 1.000950 0.001527 1.000949 0.001573 
7778.062396 1.0399 99.3 -1.020 -1.013 22.60 26143.6 MSCL2_1701240295 1.002592 0.001410 1.002061 0.001451 1.001291 0.001493 1.001400 0.001538 1.001123 0.001584 
7778.063032 1.0392 103.3 -0.092 -0.651 22.16 29283.2 MSCL2_1701240296 1.005404 0.001414 1.004715 0.001455 1.003963 0.001497 1.004136 0.001542 1.004079 0.001588 
7778.063657 1.0384 93.1 -0.441 -0.311 22.21 33790.1 MSCL2_1701240297 1.005830 0.001412 1.004899 0.001452 1.004100 0.001494 1.004646 0.001540 1.005076 0.001587 
7778.064294 1.0376 93.2 -0.591 -0.705 22.53 30302.9 MSCL2_1701240298 1.002021 0.001402 1.001287 0.001442 1.000706 0.001483 1.000346 0.001526 1.000000 0.001571 
7778.064919 1.0369 91.1 -0.341 -0.689 22.34 32655.5 MSCL2_1701240299 1.006649 0.001419 1.005726 0.001460 1.004736 0.001502 1.004730 0.001547 1.003813 0.001591 
7778.065555 1.0362 90.4 -0.155 -0.485 20.55 38369.6 MSCL2_1701240300 1.003751 0.001407 1.002890 0.001447 1.002238 0.001489 1.002420 0.001534 1.001916 0.001579 
7778.066180 1.0355 90.4 -1.043 -0.214 21.70 31997.6 MSCL2_1701240301 1.002756 0.001398 1.002459 0.001439 1.001947 0.001480 1.002623 0.001526 1.002476 0.001571 
