# BJD(TDB)-2450000 airmass sky(mag) dx(pix) dy(pix) fwhm(pix) peak(mag) frame mag_t(r=28.0) mag_t-c_err(r=28.0) mag_c(r=28.0) mag_t(r=30.0) mag_t-c_err(r=30.0) mag_c(r=30.0) mag_t(r=32.0) mag_t-c_err(r=32.0) mag_c(r=32.0) mag_t(r=34.0) mag_t-c_err(r=34.0) mag_c(r=34.0) mag_t(r=36.0) mag_t-c_err(r=36.0) mag_c(r=36.0) 
7777.909506 2.0020 -8.452 -0.935 0.031 20.40 -10.999 MSCL0_1701240051 -16.96671 0.00151 -17.15210 -16.97099 0.00110 -17.15368 -16.97402 0.00111 -17.15480 -16.97648 0.00113 -17.15596 -16.97849 0.00114 -17.15681 
7777.910247 1.9890 -8.419 -1.152 -0.389 18.66 -11.100 MSCL0_1701240052 -16.97401 0.00150 -17.15821 -16.97844 0.00150 -17.16006 -16.98149 0.00110 -17.16128 -16.98370 0.00111 -17.16232 -16.98589 0.00113 -17.16317 
7777.910988 1.9762 -8.397 -1.875 -0.652 20.48 -10.963 MSCL0_1701240053 -16.97846 0.00150 -17.16571 -16.98347 0.00150 -17.16729 -16.98697 0.00150 -17.16863 -16.98915 0.00110 -17.16949 -16.99102 0.00112 -17.17038 
7777.911740 1.9633 -8.385 -0.495 0.616 20.46 -10.938 MSCL0_1701240054 -16.98341 0.00150 -17.17121 -16.98908 0.00150 -17.17315 -16.99241 0.00151 -17.17467 -16.99475 0.00151 -17.17567 -16.99685 0.00111 -17.17642 
7777.912480 1.9509 -8.373 -1.299 -0.820 21.79 -10.858 MSCL0_1701240055 -16.98065 0.00151 -17.17055 -16.98735 0.00150 -17.17328 -16.99195 0.00151 -17.17505 -16.99526 0.00151 -17.17645 -16.99785 0.00151 -17.17760 
7777.913232 1.9384 -8.362 -0.912 0.765 20.84 -10.965 MSCL0_1701240056 -16.99064 0.00104 -17.17632 -16.99651 0.00105 -17.17858 -17.00032 0.00106 -17.18013 -17.00320 0.00108 -17.18135 -17.00554 0.00109 -17.18230 
7777.913984 1.9261 -8.357 -1.234 -0.501 19.99 -10.980 MSCL0_1701240057 -16.98558 0.00103 -17.17349 -16.99042 0.00104 -17.17536 -16.99366 0.00105 -17.17655 -16.99609 0.00106 -17.17736 -16.99823 0.00108 -17.17808 
7777.914725 1.9142 -8.353 -1.542 -0.512 20.60 -10.922 MSCL0_1701240058 -16.98486 0.00102 -17.17000 -16.99012 0.00103 -17.17219 -16.99369 0.00105 -17.17370 -16.99613 0.00106 -17.17496 -16.99840 0.00108 -17.17550 
7777.915466 1.9025 -8.331 -1.067 0.865 20.86 -10.952 MSCL0_1701240059 -16.99456 0.00101 -17.18309 -16.99982 0.00102 -17.18489 -17.00326 0.00103 -17.18630 -17.00598 0.00105 -17.18745 -17.00835 0.00106 -17.18843 
7777.916218 1.8907 -8.324 -0.677 -0.072 19.50 -11.089 MSCL0_1701240060 -16.99723 0.00100 -17.18561 -17.00152 0.00101 -17.18724 -17.00389 0.00103 -17.18851 -17.00574 0.00104 -17.18936 -17.00786 0.00106 -17.18993 
7777.916959 1.8793 -8.343 -1.143 -0.413 20.10 -11.004 MSCL0_1701240061 -16.97484 0.00100 -17.16177 -16.97936 0.00101 -17.16341 -16.98217 0.00103 -17.16452 -16.98448 0.00104 -17.16553 -16.98647 0.00106 -17.16639 
7777.917700 1.8680 -8.291 -1.892 1.160 19.76 -11.105 MSCL0_1701240062 -17.00750 0.00098 -17.19742 -17.01202 0.00100 -17.19903 -17.01500 0.00101 -17.20044 -17.01718 0.00102 -17.20136 -17.01918 0.00104 -17.20204 
7777.918452 1.8567 -8.274 -1.036 -0.068 22.02 -10.830 MSCL0_1701240063 -17.00763 0.00098 -17.19761 -17.01348 0.00099 -17.19992 -17.01740 0.00100 -17.20148 -17.02014 0.00101 -17.20258 -17.02226 0.00103 -17.20362 
7777.919193 1.8458 -8.289 -0.676 -0.986 20.15 -10.989 MSCL0_1701240064 -16.99814 0.00097 -17.18885 -17.00332 0.00099 -17.19088 -17.00658 0.00100 -17.19250 -17.00934 0.00101 -17.19349 -17.01161 0.00103 -17.19441 
7777.919922 1.8352 -8.568 -1.390 0.167 20.78 -10.610 MSCL0_1701240065 -16.68181 0.00110 -16.86455 -16.68878 0.00112 -16.86729 -16.69339 0.00115 -16.86942 -16.69649 0.00117 -16.87081 -16.69953 0.00120 -16.87161 
7777.920674 1.8243 -8.254 -0.630 0.257 19.77 -10.969 MSCL0_1701240066 -17.01337 0.00096 -17.20388 -17.01965 0.00097 -17.20653 -17.02406 0.00098 -17.20850 -17.02738 0.00099 -17.21003 -17.02996 0.00101 -17.21101 
7777.921415 1.8138 -8.239 -0.865 0.331 20.83 -10.989 MSCL0_1701240067 -17.02387 0.00094 -17.21277 -17.02939 0.00096 -17.21452 -17.03283 0.00097 -17.21588 -17.03561 0.00098 -17.21698 -17.03790 0.00100 -17.21790 
7777.922156 1.8035 -8.231 -2.635 0.248 20.40 -11.002 MSCL0_1701240068 -17.01962 0.00094 -17.21118 -17.02522 0.00095 -17.21345 -17.02938 0.00096 -17.21495 -17.03229 0.00098 -17.21628 -17.03457 0.00099 -17.21704 
7777.922896 1.7933 -8.223 0.188 -0.668 20.23 -10.990 MSCL0_1701240069 -17.02555 0.00093 -17.21486 -17.03073 0.00094 -17.21682 -17.03383 0.00096 -17.21814 -17.03621 0.00097 -17.21922 -17.03842 0.00098 -17.22015 
7777.923637 1.7832 -8.214 -0.606 1.158 20.07 -11.035 MSCL0_1701240070 -17.03062 0.00093 -17.21748 -17.03535 0.00094 -17.21918 -17.03843 0.00095 -17.22032 -17.04057 0.00096 -17.22119 -17.04297 0.00098 -17.22197 
7777.924389 1.7731 -8.203 -1.405 -0.641 20.59 -11.018 MSCL0_1701240071 -17.03129 0.00092 -17.22006 -17.03657 0.00093 -17.22225 -17.03990 0.00094 -17.22375 -17.04256 0.00095 -17.22492 -17.04485 0.00097 -17.22570 
7777.925130 1.7633 -8.201 -0.870 0.329 19.32 -11.050 MSCL0_1701240072 -17.03023 0.00091 -17.22209 -17.03554 0.00093 -17.22426 -17.03908 0.00094 -17.22571 -17.04187 0.00095 -17.22669 -17.04433 0.00096 -17.22753 
7777.925883 1.7534 -8.195 -1.327 -0.158 21.02 -10.972 MSCL0_1701240073 -17.02958 0.00091 -17.22088 -17.03473 0.00092 -17.22281 -17.03811 0.00093 -17.22434 -17.04097 0.00094 -17.22520 -17.04339 0.00096 -17.22611 
7777.926623 1.7439 -8.180 -0.423 0.353 20.31 -10.938 MSCL0_1701240074 -17.03123 0.00090 -17.22056 -17.03686 0.00091 -17.22269 -17.04059 0.00092 -17.22459 -17.04323 0.00094 -17.22568 -17.04526 0.00095 -17.22647 
7777.927364 1.7344 -8.171 -0.938 -0.417 20.71 -10.934 MSCL0_1701240075 -17.03022 0.00089 -17.22217 -17.03652 0.00090 -17.22461 -17.04046 0.00092 -17.22634 -17.04346 0.00093 -17.22772 -17.04602 0.00094 -17.22858 
7777.928116 1.7250 -8.160 -0.891 1.614 20.32 -10.969 MSCL0_1701240076 -17.03616 0.00089 -17.22742 -17.04140 0.00090 -17.22952 -17.04491 0.00091 -17.23097 -17.04743 0.00092 -17.23213 -17.04939 0.00094 -17.23279 
7777.928857 1.7158 -8.137 -0.526 -1.463 19.06 -11.084 MSCL0_1701240077 -17.04336 0.00088 -17.23122 -17.04826 0.00089 -17.23329 -17.05141 0.00090 -17.23480 -17.05391 0.00092 -17.23589 -17.05598 0.00093 -17.23668 
7777.929598 1.7067 -8.125 -1.336 1.667 20.65 -10.972 MSCL0_1701240078 -17.04149 0.00088 -17.23381 -17.04648 0.00089 -17.23594 -17.05014 0.00090 -17.23763 -17.05308 0.00091 -17.23893 -17.05530 0.00092 -17.23967 
7777.930339 1.6978 -8.117 -0.756 -1.323 19.12 -11.095 MSCL0_1701240079 -17.04321 0.00087 -17.23158 -17.04800 0.00088 -17.23360 -17.05087 0.00089 -17.23503 -17.05326 0.00091 -17.23610 -17.05544 0.00092 -17.23694 
7777.931091 1.6888 -8.106 -0.685 0.820 18.99 -11.071 MSCL0_1701240080 -17.04259 0.00087 -17.23255 -17.04743 0.00088 -17.23448 -17.05040 0.00089 -17.23595 -17.05298 0.00090 -17.23695 -17.05520 0.00091 -17.23760 
7777.931832 1.6801 -8.095 -0.871 0.394 21.21 -10.873 MSCL0_1701240081 -17.04122 0.00086 -17.23376 -17.04704 0.00087 -17.23611 -17.05115 0.00088 -17.23784 -17.05390 0.00089 -17.23901 -17.05624 0.00090 -17.23992 
7777.932584 1.6714 -8.091 -0.816 0.109 20.99 -10.937 MSCL0_1701240082 -17.04110 0.00086 -17.23228 -17.04666 0.00087 -17.23457 -17.05034 0.00088 -17.23605 -17.05304 0.00089 -17.23722 -17.05519 0.00090 -17.23806 
7777.933325 1.6629 -8.088 -1.833 -0.465 19.73 -11.003 MSCL0_1701240083 -17.04048 0.00085 -17.22847 -17.04596 0.00086 -17.23064 -17.04979 0.00087 -17.23226 -17.05257 0.00089 -17.23318 -17.05484 0.00090 -17.23394 
7777.934042 1.6548 -8.074 0.628 0.878 19.48 -11.095 MSCL0_1701240084 -17.04164 0.00085 -17.23299 -17.04654 0.00086 -17.23501 -17.04974 0.00087 -17.23621 -17.05204 0.00088 -17.23741 -17.05416 0.00090 -17.23840 
7777.934795 1.6463 -8.068 -1.581 -0.301 20.13 -11.025 MSCL0_1701240085 -17.04255 0.00084 -17.23241 -17.04729 0.00085 -17.23434 -17.05044 0.00086 -17.23577 -17.05267 0.00088 -17.23696 -17.05494 0.00089 -17.23769 
7777.935535 1.6382 -8.055 0.070 -0.208 20.96 -11.035 MSCL0_1701240086 -17.04532 0.00084 -17.23499 -17.04996 0.00085 -17.23670 -17.05273 0.00086 -17.23814 -17.05481 0.00087 -17.23929 -17.05680 0.00088 -17.23989 
7777.936276 1.6301 -8.041 -0.931 0.743 18.90 -11.244 MSCL0_1701240087 -17.05154 0.00083 -17.24268 -17.05527 0.00084 -17.24433 -17.05757 0.00085 -17.24569 -17.05955 0.00086 -17.24668 -17.06141 0.00088 -17.24745 
7777.937017 1.6221 -8.026 -0.486 0.035 18.52 -11.319 MSCL0_1701240088 -17.05652 0.00083 -17.24650 -17.06057 0.00084 -17.24800 -17.06311 0.00085 -17.24925 -17.06509 0.00086 -17.25003 -17.06688 0.00087 -17.25071 
7777.937769 1.6141 -8.031 -0.601 0.594 20.87 -11.063 MSCL0_1701240089 -17.05130 0.00082 -17.24221 -17.05576 0.00083 -17.24426 -17.05843 0.00084 -17.24566 -17.06050 0.00086 -17.24680 -17.06255 0.00087 -17.24748 
7777.938510 1.6064 -8.025 -1.057 -0.928 21.13 -11.074 MSCL0_1701240090 -17.05065 0.00082 -17.24319 -17.05523 0.00083 -17.24494 -17.05829 0.00084 -17.24630 -17.06041 0.00085 -17.24733 -17.06254 0.00087 -17.24818 
7777.939251 1.5987 -8.021 -0.994 0.624 19.30 -11.116 MSCL0_1701240091 -17.04895 0.00082 -17.24088 -17.05318 0.00083 -17.24241 -17.05596 0.00084 -17.24363 -17.05801 0.00085 -17.24464 -17.05992 0.00086 -17.24530 
7777.939991 1.5911 -8.002 -0.889 -0.731 19.76 -11.145 MSCL0_1701240092 -17.05402 0.00081 -17.24721 -17.05839 0.00082 -17.24910 -17.06108 0.00083 -17.25071 -17.06340 0.00084 -17.25178 -17.06544 0.00086 -17.25244 
7777.940732 1.5836 -7.993 -0.811 0.630 19.81 -11.092 MSCL0_1701240093 -17.05228 0.00081 -17.24785 -17.05723 0.00082 -17.24970 -17.06046 0.00083 -17.25111 -17.06277 0.00084 -17.25227 -17.06504 0.00085 -17.25298 
7777.941484 1.5761 -7.994 -1.119 0.160 20.38 -11.103 MSCL0_1701240094 -17.05222 0.00080 -17.24580 -17.05646 0.00081 -17.24749 -17.05920 0.00082 -17.24858 -17.06113 0.00084 -17.24944 -17.06313 0.00085 -17.25022 
7777.942225 1.5688 -7.987 -0.312 0.852 20.84 -11.023 MSCL0_1701240095 -17.04864 0.00080 -17.24481 -17.05378 0.00081 -17.24688 -17.05699 0.00082 -17.24832 -17.05953 0.00084 -17.24943 -17.06171 0.00085 -17.25036 
7777.942966 1.5616 -7.982 -0.883 0.151 18.75 -11.213 MSCL0_1701240096 -17.05147 0.00079 -17.24794 -17.05521 0.00081 -17.24961 -17.05777 0.00082 -17.25082 -17.05987 0.00083 -17.25172 -17.06185 0.00084 -17.25238 
7777.943718 1.5543 -7.975 -0.889 -0.162 19.96 -11.122 MSCL0_1701240097 -17.04987 0.00079 -17.24709 -17.05375 0.00080 -17.24869 -17.05595 0.00081 -17.24984 -17.05776 0.00083 -17.25076 -17.05951 0.00084 -17.25149 
7777.944471 1.5472 -7.969 -0.525 0.322 19.55 -11.132 MSCL0_1701240098 -17.04778 0.00079 -17.24491 -17.05188 0.00080 -17.24679 -17.05463 0.00081 -17.24788 -17.05679 0.00082 -17.24906 -17.05856 0.00084 -17.24982 
7777.945211 1.5402 -7.947 -1.111 0.526 19.84 -11.148 MSCL0_1701240099 -17.05146 0.00078 -17.25199 -17.05629 0.00079 -17.25417 -17.05963 0.00080 -17.25580 -17.06209 0.00081 -17.25682 -17.06430 0.00083 -17.25770 
7777.945940 1.5334 -7.925 -0.162 -0.340 20.00 -11.134 MSCL0_1701240100 -17.05752 0.00078 -17.25888 -17.06149 0.00079 -17.26042 -17.06387 0.00080 -17.26156 -17.06563 0.00081 -17.26240 -17.06753 0.00082 -17.26301 
7777.946681 1.5266 -7.910 -0.428 0.780 20.65 -11.182 MSCL0_1701240101 -17.06087 0.00077 -17.26101 -17.06517 0.00078 -17.26280 -17.06773 0.00079 -17.26411 -17.06967 0.00080 -17.26520 -17.07168 0.00082 -17.26593 
7777.947422 1.5199 -7.904 -1.009 -0.255 19.98 -11.217 MSCL0_1701240102 -17.05793 0.00077 -17.26106 -17.06192 0.00078 -17.26255 -17.06427 0.00079 -17.26368 -17.06595 0.00081 -17.26463 -17.06770 0.00082 -17.26529 
7777.948174 1.5132 -7.896 -0.288 0.064 19.37 -11.346 MSCL0_1701240103 -17.05781 0.00077 -17.25924 -17.06124 0.00078 -17.26065 -17.06322 0.00079 -17.26164 -17.06471 0.00080 -17.26236 -17.06643 0.00081 -17.26303 
7777.948915 1.5066 -7.884 -1.721 0.375 19.05 -11.287 MSCL0_1701240104 -17.05732 0.00076 -17.26107 -17.06071 0.00077 -17.26231 -17.06297 0.00078 -17.26316 -17.06479 0.00080 -17.26387 -17.06695 0.00081 -17.26453 
7777.949656 1.5002 -7.879 -0.413 -0.339 18.49 -11.324 MSCL0_1701240105 -17.05409 0.00076 -17.25829 -17.05768 0.00077 -17.25966 -17.05986 0.00078 -17.26077 -17.06155 0.00080 -17.26157 -17.06350 0.00081 -17.26220 
7777.950385 1.4939 -7.861 -0.503 0.591 18.47 -11.379 MSCL0_1701240106 -17.05928 0.00075 -17.26413 -17.06200 0.00076 -17.26533 -17.06366 0.00078 -17.26635 -17.06534 0.00079 -17.26706 -17.06686 0.00080 -17.26765 
7777.951137 1.4874 -7.851 -0.452 -0.285 18.70 -11.323 MSCL0_1701240107 -17.05785 0.00075 -17.26626 -17.06117 0.00076 -17.26755 -17.06331 0.00077 -17.26854 -17.06493 0.00078 -17.26925 -17.06636 0.00080 -17.26973 
7777.951878 1.4812 -7.940 -0.840 0.527 19.05 -11.274 MSCL0_1701240108 -16.92730 0.00079 -17.14037 -16.93019 0.00080 -17.14158 -16.93194 0.00082 -17.14234 -16.93337 0.00083 -17.14317 -16.93464 0.00085 -17.14358 
7777.952607 1.4751 -8.284 -0.577 0.493 19.30 -10.764 MSCL0_1701240109 -16.42683 0.00103 -16.63535 -16.43002 0.00107 -16.63666 -16.43169 0.00110 -16.63743 -16.43287 0.00113 -16.63788 -16.43483 0.00117 -16.63817 
7777.953358 1.4689 -8.170 0.034 0.943 18.95 -10.981 MSCL0_1701240110 -16.62614 0.00092 -16.83111 -16.62938 0.00094 -16.83219 -16.63143 0.00097 -16.83306 -16.63250 0.00099 -16.83402 -16.63419 0.00102 -16.83444 
7777.954088 1.4630 -8.003 -0.836 0.350 18.70 -11.249 MSCL0_1701240111 -16.82901 0.00082 -17.05323 -16.83172 0.00084 -17.05401 -16.83315 0.00085 -17.05472 -16.83428 0.00087 -17.05536 -16.83568 0.00089 -17.05613 
7777.954828 1.4570 -8.516 -0.147 0.865 19.88 -10.264 MSCL0_1701240112 -15.78260 0.00165 -16.01119 -15.78468 0.00173 -16.01194 -15.78584 0.00181 -16.01220 -15.78745 0.00189 -16.01264 -15.78864 0.00198 -16.01269 
7777.955569 1.4511 -8.222 -0.569 0.156 19.26 -10.814 MSCL0_1701240113 -16.41588 0.00103 -16.63248 -16.41898 0.00106 -16.63360 -16.42042 0.00109 -16.63434 -16.42165 0.00113 -16.63488 -16.42338 0.00116 -16.63499 
7777.956321 1.4452 -8.264 -0.540 -0.019 18.63 -10.614 MSCL0_1701240114 -16.18504 0.00118 -16.40764 -16.18777 0.00122 -16.40853 -16.18948 0.00127 -16.40900 -16.19043 0.00132 -16.40946 -16.19177 0.00137 -16.40988 
7777.957074 1.4394 -7.816 -0.871 0.189 18.46 -11.379 MSCL0_1701240115 -17.02054 0.00074 -17.22545 -17.02336 0.00075 -17.22643 -17.02489 0.00076 -17.22733 -17.02621 0.00077 -17.22821 -17.02781 0.00079 -17.22894 
7777.957814 1.4337 -7.765 -0.593 0.414 18.95 -11.319 MSCL0_1701240116 -17.07254 0.00072 -17.28174 -17.07560 0.00073 -17.28284 -17.07745 0.00074 -17.28385 -17.07880 0.00075 -17.28467 -17.08054 0.00077 -17.28522 
7777.958567 1.4280 -7.815 -0.461 -0.534 19.04 -11.237 MSCL0_1701240117 -16.99796 0.00074 -17.20215 -17.00118 0.00075 -17.20354 -17.00327 0.00076 -17.20465 -17.00520 0.00078 -17.20547 -17.00682 0.00079 -17.20619 
7777.959307 1.4224 -7.825 -0.434 0.900 19.73 -11.291 MSCL0_1701240118 -16.98166 0.00075 -17.19946 -16.98457 0.00076 -17.20053 -16.98623 0.00077 -17.20116 -16.98777 0.00078 -17.20182 -16.98939 0.00080 -17.20241 
7777.960048 1.4169 -7.761 -0.214 -0.118 19.34 -11.368 MSCL0_1701240119 -17.06767 0.00071 -17.27634 -17.07076 0.00072 -17.27747 -17.07249 0.00073 -17.27829 -17.07378 0.00075 -17.27893 -17.07560 0.00076 -17.27935 
7777.960789 1.4115 -7.786 -0.877 0.344 18.98 -11.269 MSCL0_1701240120 -17.03834 0.00072 -17.25278 -17.04183 0.00073 -17.25413 -17.04408 0.00074 -17.25502 -17.04590 0.00076 -17.25577 -17.04757 0.00077 -17.25623 
7777.961530 1.4061 -7.761 0.456 -0.361 19.49 -11.275 MSCL0_1701240121 -17.06674 0.00071 -17.27898 -17.06992 0.00072 -17.28023 -17.07183 0.00073 -17.28119 -17.07324 0.00074 -17.28169 -17.07464 0.00076 -17.28230 
7777.962270 1.4008 -7.746 -0.804 0.534 19.04 -11.399 MSCL0_1701240122 -17.07649 0.00071 -17.28789 -17.07913 0.00072 -17.28880 -17.08047 0.00073 -17.28962 -17.08158 0.00074 -17.29041 -17.08302 0.00075 -17.29085 
7777.963011 1.3955 -7.745 -0.424 0.411 18.27 -11.595 MSCL0_1701240123 -17.07390 0.00070 -17.28615 -17.07587 0.00071 -17.28697 -17.07717 0.00072 -17.28756 -17.07817 0.00073 -17.28814 -17.07937 0.00075 -17.28851 
7777.963763 1.3903 -7.736 -0.171 -0.671 18.65 -11.386 MSCL0_1701240124 -17.07262 0.00070 -17.28373 -17.07570 0.00071 -17.28493 -17.07765 0.00072 -17.28583 -17.07903 0.00073 -17.28657 -17.08079 0.00074 -17.28707 
7777.964504 1.3851 -7.717 -0.667 1.451 18.52 -11.502 MSCL0_1701240125 -17.07561 0.00070 -17.28791 -17.07804 0.00071 -17.28877 -17.07943 0.00072 -17.28916 -17.08066 0.00073 -17.28980 -17.08207 0.00074 -17.29026 
7777.965257 1.3800 -7.703 -0.196 -0.689 19.20 -11.403 MSCL0_1701240126 -17.06885 0.00070 -17.28356 -17.07180 0.00071 -17.28471 -17.07373 0.00072 -17.28558 -17.07522 0.00073 -17.28620 -17.07665 0.00074 -17.28675 
7777.965997 1.3750 -7.700 0.014 0.757 19.05 -11.268 MSCL0_1701240127 -17.05826 0.00070 -17.27216 -17.06184 0.00071 -17.27372 -17.06420 0.00072 -17.27472 -17.06621 0.00073 -17.27550 -17.06800 0.00074 -17.27602 
7777.966738 1.3700 -7.678 -0.535 -0.159 18.80 -11.286 MSCL0_1701240128 -17.05749 0.00069 -17.27067 -17.06110 0.00070 -17.27180 -17.06351 0.00072 -17.27266 -17.06521 0.00073 -17.27335 -17.06705 0.00074 -17.27395 
7777.967479 1.3651 -7.698 -0.360 0.473 18.77 -11.397 MSCL0_1701240129 -17.00145 0.00071 -17.21246 -17.00399 0.00072 -17.21333 -17.00556 0.00073 -17.21398 -17.00694 0.00074 -17.21465 -17.00852 0.00076 -17.21506 
7777.968231 1.3602 -7.631 -0.662 0.081 18.58 -11.452 MSCL0_1701240130 -17.06743 0.00069 -17.27984 -17.06976 0.00070 -17.28070 -17.07115 0.00071 -17.28152 -17.07237 0.00072 -17.28217 -17.07368 0.00073 -17.28267 
7777.968972 1.3554 -7.612 -0.493 -0.039 18.27 -11.467 MSCL0_1701240131 -17.06912 0.00068 -17.28175 -17.07165 0.00069 -17.28286 -17.07324 0.00070 -17.28365 -17.07458 0.00071 -17.28413 -17.07612 0.00072 -17.28463 
7777.969713 1.3507 -7.616 0.124 -0.087 18.69 -11.520 MSCL0_1701240132 -17.05470 0.00069 -17.26740 -17.05719 0.00069 -17.26817 -17.05858 0.00071 -17.26881 -17.05967 0.00072 -17.26952 -17.06101 0.00073 -17.26997 
7777.970465 1.3459 -7.584 -0.438 0.382 18.80 -11.534 MSCL0_1701240133 -17.07366 0.00068 -17.28725 -17.07599 0.00068 -17.28817 -17.07756 0.00069 -17.28890 -17.07857 0.00071 -17.28933 -17.07995 0.00072 -17.28978 
7777.971206 1.3413 -7.572 -0.195 0.103 18.23 -11.435 MSCL0_1701240134 -17.07142 0.00068 -17.28425 -17.07431 0.00069 -17.28545 -17.07597 0.00070 -17.28632 -17.07739 0.00071 -17.28699 -17.07893 0.00072 -17.28765 
7777.971958 1.3366 -7.578 -0.281 0.396 17.79 -11.453 MSCL0_1701240135 -17.05817 0.00068 -17.27283 -17.06090 0.00069 -17.27406 -17.06232 0.00070 -17.27494 -17.06366 0.00071 -17.27560 -17.06530 0.00072 -17.27619 
7777.972699 1.3321 -7.626 -0.142 -0.332 18.68 -11.325 MSCL0_1701240136 -16.98215 0.00070 -17.19932 -16.98539 0.00071 -17.20038 -16.98719 0.00072 -17.20117 -16.98858 0.00073 -17.20180 -16.98989 0.00074 -17.20223 
7777.973439 1.3276 -7.627 -0.733 0.245 18.71 -11.244 MSCL0_1701240137 -16.95434 0.00070 -17.17378 -16.95755 0.00071 -17.17501 -16.95974 0.00072 -17.17591 -16.96120 0.00074 -17.17653 -16.96284 0.00075 -17.17708 
7777.974192 1.3231 -7.543 0.080 -0.149 19.22 -11.176 MSCL0_1701240138 -17.05271 0.00067 -17.27293 -17.05725 0.00068 -17.27465 -17.06015 0.00069 -17.27588 -17.06221 0.00070 -17.27670 -17.06422 0.00071 -17.27752 
7777.974932 1.3187 -7.603 -0.772 0.298 18.84 -11.213 MSCL0_1701240139 -16.95894 0.00070 -17.18500 -16.96251 0.00071 -17.18647 -16.96472 0.00072 -17.18778 -16.96651 0.00074 -17.18857 -16.96832 0.00075 -17.18909 
7777.975685 1.3143 -7.700 0.062 0.070 18.62 -11.227 MSCL0_1701240140 -16.88424 0.00072 -17.09295 -16.88734 0.00074 -17.09411 -16.88937 0.00075 -17.09479 -16.89088 0.00076 -17.09540 -16.89233 0.00078 -17.09593 
7777.976437 1.3100 -8.379 0.584 1.208 19.70 -9.971 MSCL0_1701240141 -15.43650 0.00205 -15.67719 -15.44019 0.00216 -15.67842 -15.44274 0.00227 -15.67982 -15.44441 0.00238 -15.68154 -15.44613 0.00249 -15.68213 
7777.977178 1.3058 -8.528 77.631 -53.593 19.05 -8.941 MSCL0_1701240142 -13.35247 0.01313 -13.59301 -13.36072 0.01393 -13.59981 -13.36965 0.01471 -13.60397 -13.37472 0.01554 -13.60517 -13.37831 0.01638 -13.60524 
7777.977919 1.3016 -8.340 -2.464 -0.972 19.55 -9.340 MSCL0_1701240143 -14.52739 0.00425 -14.73523 -14.53004 0.00451 -14.73806 -14.53208 0.00478 -14.73914 -14.53154 0.00505 -14.74018 -14.53088 0.00533 -14.74153 
7777.978659 1.2974 -8.021 -3.881 -0.876 19.21 -10.323 MSCL0_1701240144 -15.91830 0.00130 -16.12986 -15.92108 0.00135 -16.13094 -15.92307 0.00141 -16.13202 -15.92409 0.00146 -16.13254 -15.92546 0.00152 -16.13288 
7777.979388 1.2934 -7.491 -1.823 -0.343 20.63 -11.232 MSCL0_1701240145 -17.05967 0.00066 -17.27434 -17.06319 0.00067 -17.27569 -17.06544 0.00068 -17.27680 -17.06732 0.00069 -17.27767 -17.06903 0.00070 -17.27813 
7777.980141 1.2893 -7.460 0.162 0.278 18.75 -11.555 MSCL0_1701240146 -17.08728 0.00065 -17.30242 -17.08957 0.00066 -17.30337 -17.09086 0.00066 -17.30410 -17.09208 0.00067 -17.30472 -17.09338 0.00068 -17.30523 
7777.980882 1.2853 -7.456 -0.020 -0.527 18.36 -11.494 MSCL0_1701240147 -17.08742 0.00065 -17.30458 -17.08994 0.00065 -17.30562 -17.09137 0.00066 -17.30654 -17.09256 0.00067 -17.30717 -17.09387 0.00068 -17.30765 
7777.981634 1.2813 -7.453 -0.626 0.460 18.16 -11.537 MSCL0_1701240148 -17.09119 0.00064 -17.30598 -17.09349 0.00065 -17.30706 -17.09477 0.00066 -17.30774 -17.09623 0.00067 -17.30835 -17.09768 0.00068 -17.30866 
7777.982386 1.2773 -7.458 0.256 -0.299 18.40 -11.538 MSCL0_1701240149 -17.08748 0.00064 -17.30171 -17.08987 0.00065 -17.30260 -17.09105 0.00066 -17.30335 -17.09212 0.00067 -17.30391 -17.09349 0.00068 -17.30441 
7777.983127 1.2734 -7.455 0.190 0.449 18.09 -11.624 MSCL0_1701240150 -17.08945 0.00064 -17.30224 -17.09145 0.00065 -17.30315 -17.09268 0.00066 -17.30381 -17.09375 0.00067 -17.30434 -17.09498 0.00068 -17.30483 
7777.983879 1.2695 -7.450 -0.873 -0.309 17.55 -11.693 MSCL0_1701240151 -17.08923 0.00064 -17.30348 -17.09105 0.00065 -17.30442 -17.09237 0.00066 -17.30514 -17.09340 0.00067 -17.30564 -17.09452 0.00068 -17.30612 
7777.984620 1.2657 -7.442 0.440 0.456 18.36 -11.580 MSCL0_1701240152 -17.08598 0.00064 -17.29955 -17.08814 0.00065 -17.30036 -17.08940 0.00066 -17.30107 -17.09056 0.00067 -17.30164 -17.09184 0.00068 -17.30201 
7777.985372 1.2619 -7.434 0.188 -0.667 17.30 -11.744 MSCL0_1701240153 -17.08633 0.00064 -17.29813 -17.08809 0.00065 -17.29884 -17.08907 0.00065 -17.29955 -17.09001 0.00066 -17.30017 -17.09131 0.00067 -17.30060 
7777.986125 1.2582 -7.423 -0.632 0.901 18.19 -11.603 MSCL0_1701240154 -17.09061 0.00063 -17.30398 -17.09253 0.00064 -17.30479 -17.09381 0.00065 -17.30548 -17.09470 0.00066 -17.30602 -17.09590 0.00067 -17.30639 
7777.986865 1.2545 -7.423 0.196 -0.346 17.95 -11.537 MSCL0_1701240155 -17.07855 0.00064 -17.29295 -17.08107 0.00064 -17.29404 -17.08279 0.00065 -17.29496 -17.08416 0.00066 -17.29567 -17.08554 0.00067 -17.29626 
7777.987606 1.2509 -7.418 -0.091 0.000 18.33 -11.554 MSCL0_1701240156 -17.08014 0.00063 -17.29409 -17.08254 0.00064 -17.29510 -17.08411 0.00065 -17.29597 -17.08539 0.00066 -17.29668 -17.08682 0.00067 -17.29725 
7777.988347 1.2473 -7.396 -0.437 -0.041 17.84 -11.641 MSCL0_1701240157 -17.09801 0.00063 -17.31137 -17.10006 0.00064 -17.31229 -17.10130 0.00064 -17.31285 -17.10243 0.00065 -17.31334 -17.10372 0.00066 -17.31379 
7777.989088 1.2438 -7.379 0.410 0.004 18.12 -11.620 MSCL0_1701240158 -17.10636 0.00062 -17.31938 -17.10864 0.00063 -17.32048 -17.11001 0.00064 -17.32134 -17.11111 0.00065 -17.32205 -17.11248 0.00066 -17.32249 
7777.989840 1.2402 -7.365 -0.510 0.403 18.39 -11.541 MSCL0_1701240159 -17.10569 0.00062 -17.32048 -17.10825 0.00063 -17.32155 -17.10997 0.00064 -17.32249 -17.11130 0.00065 -17.32329 -17.11287 0.00065 -17.32399 
7777.990581 1.2368 -7.352 0.360 -0.938 16.81 -11.660 MSCL0_1701240160 -17.11175 0.00062 -17.32310 -17.11377 0.00063 -17.32389 -17.11484 0.00063 -17.32463 -17.11578 0.00064 -17.32510 -17.11692 0.00065 -17.32554 
7777.991321 1.2333 -7.335 -0.310 0.783 17.54 -11.725 MSCL0_1701240161 -17.11808 0.00061 -17.32984 -17.11981 0.00062 -17.33062 -17.12088 0.00063 -17.33116 -17.12177 0.00064 -17.33164 -17.12292 0.00065 -17.33200 
7777.992051 1.2300 -7.324 -0.060 -0.722 17.83 -11.644 MSCL0_1701240162 -17.12030 0.00061 -17.33294 -17.12191 0.00062 -17.33359 -17.12287 0.00063 -17.33423 -17.12390 0.00064 -17.33472 -17.12506 0.00065 -17.33517 
7777.992791 1.2267 -7.309 0.262 0.611 17.05 -11.816 MSCL0_1701240163 -17.12151 0.00061 -17.33273 -17.12309 0.00062 -17.33354 -17.12412 0.00063 -17.33420 -17.12504 0.00064 -17.33472 -17.12623 0.00065 -17.33515 
7777.993543 1.2233 -7.393 0.043 -0.234 17.71 -11.690 MSCL0_1701240164 -16.98964 0.00065 -17.19897 -16.99108 0.00066 -17.19961 -16.99177 0.00067 -17.20022 -16.99243 0.00068 -17.20074 -16.99363 0.00069 -17.20128 
7777.994283 1.2200 -7.292 -0.130 0.229 17.51 -11.781 MSCL0_1701240165 -17.12069 0.00061 -17.32952 -17.12226 0.00062 -17.33029 -17.12327 0.00062 -17.33089 -17.12401 0.00063 -17.33134 -17.12534 0.00064 -17.33186 
7777.995036 1.2167 -7.282 0.130 -0.014 17.79 -11.723 MSCL0_1701240166 -17.12065 0.00061 -17.32948 -17.12228 0.00062 -17.33018 -17.12323 0.00062 -17.33072 -17.12414 0.00063 -17.33122 -17.12524 0.00064 -17.33165 
7777.995776 1.2135 -7.272 0.097 0.143 17.59 -11.742 MSCL0_1701240167 -17.12207 0.00061 -17.33198 -17.12385 0.00061 -17.33280 -17.12497 0.00062 -17.33338 -17.12604 0.00063 -17.33386 -17.12734 0.00064 -17.33426 
7777.996506 1.2104 -7.266 -0.219 0.035 17.30 -11.894 MSCL0_1701240168 -17.12276 0.00060 -17.33055 -17.12413 0.00061 -17.33129 -17.12506 0.00062 -17.33181 -17.12584 0.00063 -17.33233 -17.12701 0.00064 -17.33285 
7777.997246 1.2073 -7.251 0.506 0.056 17.37 -11.878 MSCL0_1701240169 -17.12718 0.00060 -17.33331 -17.12862 0.00061 -17.33405 -17.12952 0.00062 -17.33462 -17.13026 0.00062 -17.33511 -17.13149 0.00063 -17.33553 
7777.997987 1.2042 -7.245 -0.143 -0.052 21.45 -11.444 MSCL0_1701240170 -17.12717 0.00060 -17.33984 -17.12981 0.00061 -17.34063 -17.13112 0.00062 -17.34138 -17.13235 0.00063 -17.34188 -17.13410 0.00064 -17.34229 
7777.998728 1.2011 -7.240 0.306 0.087 21.23 -11.378 MSCL0_1701240171 -17.12460 0.00060 -17.33694 -17.12769 0.00061 -17.33786 -17.12928 0.00062 -17.33850 -17.13050 0.00063 -17.33911 -17.13224 0.00064 -17.33955 
7777.999469 1.1981 -7.239 0.135 0.226 21.43 -11.376 MSCL0_1701240172 -17.12635 0.00060 -17.33562 -17.12917 0.00061 -17.33641 -17.13048 0.00062 -17.33702 -17.13172 0.00062 -17.33746 -17.13331 0.00063 -17.33796 
7778.000221 1.1951 -7.230 0.117 -0.118 21.73 -11.350 MSCL0_1701240173 -17.12598 0.00060 -17.33654 -17.12906 0.00061 -17.33730 -17.13065 0.00062 -17.33792 -17.13198 0.00062 -17.33830 -17.13352 0.00063 -17.33875 
7778.000962 1.1921 -7.216 -0.225 0.250 21.63 -11.365 MSCL0_1701240174 -17.12788 0.00060 -17.33642 -17.13095 0.00060 -17.33735 -17.13271 0.00061 -17.33794 -17.13405 0.00062 -17.33857 -17.13568 0.00063 -17.33896 
7778.001714 1.1891 -7.216 -0.027 0.037 21.44 -11.373 MSCL0_1701240175 -17.12576 0.00060 -17.33491 -17.12882 0.00060 -17.33575 -17.13028 0.00061 -17.33639 -17.13153 0.00062 -17.33696 -17.13324 0.00063 -17.33745 
7778.002455 1.1862 -7.212 0.371 0.271 21.70 -11.361 MSCL0_1701240176 -17.12489 0.00060 -17.33186 -17.12797 0.00060 -17.33272 -17.12978 0.00061 -17.33348 -17.13105 0.00062 -17.33405 -17.13264 0.00063 -17.33455 
7778.003195 1.1834 -7.201 0.165 -0.059 20.98 -11.456 MSCL0_1701240177 -17.12748 0.00059 -17.33333 -17.13013 0.00060 -17.33415 -17.13150 0.00061 -17.33483 -17.13279 0.00062 -17.33543 -17.13440 0.00063 -17.33580 
7778.003948 1.1805 -7.195 0.236 0.017 20.94 -11.466 MSCL0_1701240178 -17.13040 0.00059 -17.33379 -17.13292 0.00060 -17.33451 -17.13423 0.00061 -17.33505 -17.13544 0.00062 -17.33550 -17.13682 0.00062 -17.33584 
7778.004688 1.1777 -7.185 -0.096 0.552 21.57 -11.421 MSCL0_1701240179 -17.13158 0.00059 -17.33261 -17.13395 0.00060 -17.33332 -17.13534 0.00060 -17.33393 -17.13652 0.00061 -17.33449 -17.13805 0.00062 -17.33488 
7778.005429 1.1750 -7.169 0.284 -0.229 21.04 -11.450 MSCL0_1701240180 -17.13046 0.00059 -17.33322 -17.13330 0.00059 -17.33393 -17.13473 0.00060 -17.33457 -17.13592 0.00061 -17.33509 -17.13748 0.00062 -17.33553 
7778.006158 1.1723 -7.154 0.061 -0.328 20.75 -11.480 MSCL0_1701240181 -17.12842 0.00059 -17.32963 -17.13098 0.00060 -17.33044 -17.13242 0.00060 -17.33095 -17.13368 0.00061 -17.33138 -17.13523 0.00062 -17.33172 
7778.006911 1.1695 -7.128 0.494 0.069 20.94 -11.422 MSCL0_1701240182 -17.12887 0.00059 -17.33023 -17.13150 0.00059 -17.33115 -17.13286 0.00060 -17.33186 -17.13391 0.00061 -17.33240 -17.13534 0.00062 -17.33278 
7778.007651 1.1668 -7.118 0.000 0.449 21.95 -11.355 MSCL0_1701240183 -17.13064 0.00058 -17.33040 -17.13349 0.00059 -17.33126 -17.13495 0.00060 -17.33193 -17.13624 0.00061 -17.33252 -17.13782 0.00061 -17.33304 
7778.008404 1.1642 -7.110 0.123 -0.465 21.54 -11.357 MSCL0_1701240184 -17.12941 0.00058 -17.32960 -17.13236 0.00059 -17.33063 -17.13386 0.00060 -17.33129 -17.13498 0.00061 -17.33180 -17.13640 0.00061 -17.33226 
7778.009144 1.1616 -7.103 0.180 0.523 21.39 -11.392 MSCL0_1701240185 -17.13160 0.00058 -17.33039 -17.13471 0.00059 -17.33129 -17.13646 0.00060 -17.33204 -17.13778 0.00060 -17.33275 -17.13928 0.00061 -17.33329 
7778.009897 1.1589 -7.097 0.282 0.069 21.95 -11.360 MSCL0_1701240186 -17.13406 0.00058 -17.33205 -17.13695 0.00059 -17.33297 -17.13837 0.00059 -17.33376 -17.13989 0.00060 -17.33434 -17.14171 0.00061 -17.33479 
7778.010637 1.1564 -7.091 -0.076 -0.308 21.52 -11.378 MSCL0_1701240187 -17.13373 0.00058 -17.33038 -17.13652 0.00059 -17.33125 -17.13805 0.00060 -17.33195 -17.13935 0.00060 -17.33254 -17.14093 0.00061 -17.33296 
7778.011390 1.1538 -7.085 0.368 0.092 21.10 -11.431 MSCL0_1701240188 -17.13826 0.00058 -17.33472 -17.14097 0.00058 -17.33562 -17.14237 0.00059 -17.33648 -17.14363 0.00060 -17.33706 -17.14529 0.00061 -17.33760 
7778.012131 1.1513 -7.081 0.481 -0.147 21.74 -11.401 MSCL0_1701240189 -17.13819 0.00058 -17.33396 -17.14099 0.00058 -17.33494 -17.14254 0.00059 -17.33573 -17.14382 0.00060 -17.33632 -17.14537 0.00061 -17.33675 
7778.012871 1.1489 -7.077 0.090 -0.294 21.13 -11.462 MSCL0_1701240190 -17.14224 0.00057 -17.33529 -17.14478 0.00058 -17.33612 -17.14612 0.00059 -17.33672 -17.14728 0.00060 -17.33730 -17.14869 0.00060 -17.33765 
7778.013612 1.1464 -7.067 0.101 0.339 21.79 -11.293 MSCL0_1701240191 -17.14350 0.00057 -17.34099 -17.14695 0.00058 -17.34213 -17.14904 0.00059 -17.34297 -17.15065 0.00060 -17.34369 -17.15245 0.00060 -17.34440 
7778.014353 1.1440 -7.064 0.840 -0.505 21.96 -11.302 MSCL0_1701240192 -17.14669 0.00057 -17.34170 -17.15023 0.00058 -17.34276 -17.15218 0.00059 -17.34362 -17.15373 0.00059 -17.34441 -17.15548 0.00060 -17.34498 
7778.015094 1.1417 -7.055 -0.378 0.667 20.92 -11.401 MSCL0_1701240193 -17.15011 0.00057 -17.34560 -17.15320 0.00058 -17.34661 -17.15482 0.00059 -17.34732 -17.15627 0.00059 -17.34804 -17.15792 0.00060 -17.34854 
7778.015834 1.1393 -7.049 0.617 -0.453 21.41 -11.358 MSCL0_1701240194 -17.14973 0.00057 -17.34600 -17.15274 0.00058 -17.34719 -17.15458 0.00058 -17.34804 -17.15624 0.00059 -17.34876 -17.15814 0.00060 -17.34930 
7778.016575 1.1370 -7.042 -0.202 0.534 21.75 -11.381 MSCL0_1701240195 -17.15196 0.00057 -17.34621 -17.15461 0.00058 -17.34705 -17.15611 0.00058 -17.34772 -17.15732 0.00059 -17.34825 -17.15888 0.00060 -17.34875 
7778.017327 1.1347 -7.039 0.809 -0.477 20.51 -11.498 MSCL0_1701240196 -17.15091 0.00057 -17.34516 -17.15400 0.00057 -17.34613 -17.15566 0.00058 -17.34691 -17.15694 0.00059 -17.34741 -17.15851 0.00060 -17.34781 
7778.018068 1.1324 -7.036 0.215 0.326 21.37 -11.482 MSCL0_1701240197 -17.15134 0.00057 -17.34542 -17.15387 0.00057 -17.34630 -17.15514 0.00058 -17.34693 -17.15625 0.00059 -17.34748 -17.15776 0.00059 -17.34794 
7778.018809 1.1302 -7.023 0.151 -0.405 21.00 -11.474 MSCL0_1701240198 -17.15310 0.00057 -17.34603 -17.15583 0.00057 -17.34704 -17.15744 0.00058 -17.34777 -17.15884 0.00059 -17.34836 -17.16041 0.00060 -17.34892 
7778.019561 1.1279 -7.023 0.322 0.280 20.99 -11.366 MSCL0_1701240199 -17.15222 0.00057 -17.34810 -17.15562 0.00057 -17.34925 -17.15755 0.00058 -17.35005 -17.15899 0.00059 -17.35082 -17.16057 0.00059 -17.35145 
7778.020302 1.1257 -7.020 0.381 -0.378 21.13 -11.366 MSCL0_1701240200 -17.15364 0.00056 -17.34848 -17.15696 0.00057 -17.34953 -17.15888 0.00058 -17.35037 -17.16014 0.00059 -17.35104 -17.16186 0.00059 -17.35147 
7778.021043 1.1236 -7.015 -0.362 0.374 20.98 -11.340 MSCL0_1701240201 -17.15551 0.00056 -17.35071 -17.15878 0.00057 -17.35180 -17.16052 0.00058 -17.35253 -17.16193 0.00059 -17.35319 -17.16351 0.00059 -17.35377 
7778.021795 1.1214 -7.004 0.851 -0.364 21.61 -11.308 MSCL0_1701240202 -17.15843 0.00056 -17.35452 -17.16181 0.00057 -17.35556 -17.16379 0.00057 -17.35640 -17.16541 0.00058 -17.35704 -17.16710 0.00059 -17.35763 
7778.022547 1.1193 -6.996 0.188 -0.121 20.77 -11.514 MSCL0_1701240203 -17.16200 0.00056 -17.35506 -17.16427 0.00057 -17.35582 -17.16558 0.00057 -17.35644 -17.16669 0.00058 -17.35702 -17.16812 0.00059 -17.35747 
7778.023276 1.1172 -6.995 0.206 0.292 21.88 -11.286 MSCL0_1701240204 -17.16160 0.00056 -17.35607 -17.16459 0.00057 -17.35691 -17.16610 0.00057 -17.35766 -17.16744 0.00058 -17.35817 -17.16905 0.00059 -17.35858 
7778.024006 1.1152 -6.993 0.586 -0.191 20.77 -11.329 MSCL0_1701240205 -17.16002 0.00056 -17.35441 -17.16244 0.00057 -17.35512 -17.16374 0.00057 -17.35570 -17.16491 0.00058 -17.35621 -17.16648 0.00059 -17.35665 
7778.024758 1.1132 -6.988 0.513 0.125 20.84 -11.449 MSCL0_1701240206 -17.15805 0.00056 -17.35266 -17.16083 0.00057 -17.35353 -17.16222 0.00057 -17.35420 -17.16338 0.00058 -17.35482 -17.16500 0.00059 -17.35528 
7778.025487 1.1112 -6.986 0.175 0.119 21.41 -11.335 MSCL0_1701240207 -17.15573 0.00056 -17.35047 -17.15895 0.00056 -17.35150 -17.16079 0.00057 -17.35230 -17.16223 0.00058 -17.35293 -17.16391 0.00058 -17.35336 
7778.026239 1.1092 -6.976 0.490 -0.413 21.10 -11.490 MSCL0_1701240208 -17.15845 0.00056 -17.35287 -17.16095 0.00056 -17.35370 -17.16238 0.00057 -17.35452 -17.16342 0.00058 -17.35511 -17.16489 0.00059 -17.35566 
7778.026980 1.1072 -6.973 0.166 0.218 20.85 -11.474 MSCL0_1701240209 -17.15776 0.00056 -17.35194 -17.16038 0.00056 -17.35293 -17.16188 0.00057 -17.35373 -17.16305 0.00058 -17.35434 -17.16447 0.00058 -17.35483 
7778.027721 1.1053 -6.964 0.300 -0.081 21.42 -11.392 MSCL0_1701240210 -17.16010 0.00056 -17.35382 -17.16284 0.00056 -17.35476 -17.16432 0.00057 -17.35534 -17.16566 0.00058 -17.35596 -17.16721 0.00058 -17.35637 
7778.028473 1.1034 -6.954 0.762 -0.406 21.72 -11.448 MSCL0_1701240211 -17.16162 0.00055 -17.35606 -17.16454 0.00056 -17.35695 -17.16611 0.00057 -17.35777 -17.16747 0.00057 -17.35835 -17.16897 0.00058 -17.35882 
7778.029214 1.1015 -6.942 0.090 0.014 22.16 -11.451 MSCL0_1701240212 -17.16561 0.00055 -17.35839 -17.16836 0.00056 -17.35925 -17.16982 0.00057 -17.35993 -17.17099 0.00057 -17.36051 -17.17248 0.00058 -17.36093 
7778.029955 1.0996 -6.940 0.481 0.108 22.41 -11.399 MSCL0_1701240213 -17.16545 0.00055 -17.36190 -17.16854 0.00056 -17.36286 -17.17004 0.00057 -17.36351 -17.17127 0.00057 -17.36411 -17.17287 0.00058 -17.36467 
7778.030707 1.0978 -6.934 0.465 -0.074 22.41 -11.296 MSCL0_1701240214 -17.16662 0.00055 -17.36184 -17.16988 0.00056 -17.36280 -17.17180 0.00056 -17.36364 -17.17325 0.00057 -17.36423 -17.17485 0.00058 -17.36472 
7778.031448 1.0960 -6.931 0.406 -0.445 21.25 -11.429 MSCL0_1701240215 -17.16536 0.00055 -17.36007 -17.16858 0.00056 -17.36109 -17.17041 0.00056 -17.36186 -17.17194 0.00057 -17.36252 -17.17364 0.00058 -17.36302 
7778.032188 1.0942 -6.930 0.034 0.688 22.84 -11.193 MSCL0_1701240216 -17.16538 0.00055 -17.36154 -17.16972 0.00056 -17.36280 -17.17204 0.00056 -17.36373 -17.17373 0.00057 -17.36448 -17.17558 0.00058 -17.36505 
7778.032929 1.0924 -6.932 0.255 -0.805 21.75 -11.249 MSCL0_1701240217 -17.16766 0.00055 -17.36349 -17.17113 0.00056 -17.36447 -17.17307 0.00056 -17.36511 -17.17446 0.00057 -17.36571 -17.17603 0.00058 -17.36613 
7778.033670 1.0907 -6.921 0.798 0.113 21.38 -11.392 MSCL0_1701240218 -17.16993 0.00055 -17.36518 -17.17282 0.00056 -17.36598 -17.17435 0.00056 -17.36656 -17.17544 0.00057 -17.36706 -17.17690 0.00058 -17.36753 
7778.034398 1.0890 -6.919 0.434 -0.591 20.81 -11.387 MSCL0_1701240219 -17.16728 0.00055 -17.36509 -17.17044 0.00055 -17.36611 -17.17232 0.00056 -17.36677 -17.17376 0.00057 -17.36724 -17.17523 0.00057 -17.36765 
7778.035150 1.0873 -6.915 0.373 0.130 22.05 -11.338 MSCL0_1701240220 -17.16708 0.00055 -17.36363 -17.17058 0.00055 -17.36470 -17.17251 0.00056 -17.36550 -17.17390 0.00057 -17.36610 -17.17540 0.00057 -17.36666 
7778.035891 1.0856 -6.914 0.740 -0.342 21.95 -11.290 MSCL0_1701240221 -17.16533 0.00055 -17.36242 -17.16894 0.00055 -17.36349 -17.17103 0.00056 -17.36430 -17.17274 0.00057 -17.36491 -17.17435 0.00057 -17.36541 
7778.036632 1.0840 -6.908 0.002 -0.085 21.16 -11.327 MSCL0_1701240222 -17.16465 0.00055 -17.36179 -17.16872 0.00055 -17.36303 -17.17111 0.00056 -17.36387 -17.17301 0.00057 -17.36468 -17.17489 0.00057 -17.36531 
7778.037384 1.0823 -6.904 1.021 0.016 21.02 -11.439 MSCL0_1701240223 -17.16617 0.00055 -17.36232 -17.16934 0.00055 -17.36324 -17.17110 0.00056 -17.36401 -17.17249 0.00057 -17.36467 -17.17408 0.00057 -17.36524 
7778.038125 1.0807 -6.904 0.653 -0.329 21.99 -11.344 MSCL0_1701240224 -17.16491 0.00055 -17.36103 -17.16840 0.00055 -17.36194 -17.17026 0.00056 -17.36264 -17.17182 0.00057 -17.36330 -17.17353 0.00057 -17.36378 
7778.038866 1.0792 -6.905 -0.052 0.300 22.39 -11.260 MSCL0_1701240225 -17.16566 0.00055 -17.36173 -17.16921 0.00055 -17.36267 -17.17115 0.00056 -17.36340 -17.17270 0.00056 -17.36401 -17.17445 0.00057 -17.36448 
7778.039630 1.0776 -6.901 0.612 -0.865 23.16 -11.165 MSCL0_1701240226 -17.16625 0.00055 -17.36218 -17.17028 0.00055 -17.36333 -17.17248 0.00056 -17.36421 -17.17422 0.00056 -17.36474 -17.17584 0.00057 -17.36518 
7778.040370 1.0760 -6.887 0.395 0.198 21.54 -11.339 MSCL0_1701240227 -17.16906 0.00054 -17.36505 -17.17269 0.00055 -17.36617 -17.17474 0.00056 -17.36700 -17.17625 0.00056 -17.36752 -17.17795 0.00057 -17.36800 
7778.041111 1.0745 -6.880 0.584 -0.426 21.03 -11.340 MSCL0_1701240228 -17.17177 0.00054 -17.36624 -17.17464 0.00055 -17.36716 -17.17626 0.00056 -17.36796 -17.17770 0.00056 -17.36852 -17.17926 0.00057 -17.36901 
7778.041863 1.0730 -6.874 0.832 -0.096 20.44 -11.421 MSCL0_1701240229 -17.16914 0.00054 -17.36366 -17.17243 0.00055 -17.36475 -17.17436 0.00055 -17.36560 -17.17592 0.00056 -17.36624 -17.17749 0.00057 -17.36679 
7778.042604 1.0715 -6.867 0.736 -0.088 21.73 -11.389 MSCL0_1701240230 -17.16792 0.00054 -17.36383 -17.17138 0.00055 -17.36473 -17.17334 0.00055 -17.36549 -17.17484 0.00056 -17.36615 -17.17645 0.00057 -17.36670 
7778.043333 1.0701 -6.862 0.098 -0.414 21.41 -11.481 MSCL0_1701240231 -17.16837 0.00054 -17.36273 -17.17122 0.00055 -17.36362 -17.17272 0.00055 -17.36432 -17.17409 0.00056 -17.36485 -17.17574 0.00057 -17.36534 
7778.044074 1.0687 -6.854 0.401 0.389 21.26 -11.428 MSCL0_1701240232 -17.16827 0.00054 -17.36421 -17.17134 0.00055 -17.36508 -17.17302 0.00055 -17.36574 -17.17437 0.00056 -17.36630 -17.17594 0.00057 -17.36670 
7778.044815 1.0673 -6.849 0.597 -0.718 21.44 -11.451 MSCL0_1701240233 -17.17009 0.00054 -17.36397 -17.17294 0.00055 -17.36489 -17.17448 0.00055 -17.36550 -17.17568 0.00056 -17.36588 -17.17729 0.00057 -17.36628 
7778.045567 1.0659 -6.838 0.353 -0.275 21.68 -11.462 MSCL0_1701240234 -17.16740 0.00054 -17.36248 -17.17086 0.00055 -17.36349 -17.17275 0.00055 -17.36414 -17.17423 0.00056 -17.36477 -17.17592 0.00057 -17.36536 
7778.046308 1.0645 -6.831 0.939 -0.127 21.91 -11.403 MSCL0_1701240235 -17.16782 0.00054 -17.36342 -17.17113 0.00054 -17.36433 -17.17275 0.00055 -17.36516 -17.17416 0.00056 -17.36572 -17.17570 0.00056 -17.36627 
7778.047060 1.0632 -6.823 0.304 0.098 21.90 -11.327 MSCL0_1701240236 -17.16739 0.00054 -17.36221 -17.17040 0.00055 -17.36303 -17.17201 0.00055 -17.36369 -17.17335 0.00056 -17.36427 -17.17477 0.00057 -17.36471 
7778.047789 1.0619 -6.805 0.425 -0.146 22.33 -11.243 MSCL0_1701240237 -17.16585 0.00054 -17.36058 -17.16931 0.00054 -17.36166 -17.17131 0.00055 -17.36252 -17.17290 0.00056 -17.36326 -17.17455 0.00056 -17.36379 
7778.048530 1.0606 -6.786 1.058 -0.289 21.38 -11.364 MSCL0_1701240238 -17.16630 0.00054 -17.36003 -17.16984 0.00054 -17.36119 -17.17183 0.00055 -17.36190 -17.17322 0.00056 -17.36248 -17.17486 0.00056 -17.36295 
7778.049282 1.0593 -6.777 -0.041 -0.683 22.07 -11.212 MSCL0_1701240239 -17.16360 0.00054 -17.35914 -17.16755 0.00054 -17.36018 -17.16972 0.00055 -17.36108 -17.17140 0.00056 -17.36176 -17.17322 0.00056 -17.36233 
7778.050023 1.0580 -6.765 0.620 0.002 22.29 -11.340 MSCL0_1701240240 -17.16553 0.00054 -17.35987 -17.16923 0.00054 -17.36105 -17.17138 0.00055 -17.36200 -17.17305 0.00055 -17.36265 -17.17495 0.00056 -17.36325 
7778.050764 1.0568 -6.749 1.619 -0.314 20.66 -11.440 MSCL0_1701240241 -17.17041 0.00053 -17.36404 -17.17342 0.00054 -17.36506 -17.17507 0.00055 -17.36581 -17.17644 0.00055 -17.36643 -17.17792 0.00056 -17.36692 
7778.051516 1.0555 -6.724 0.420 -0.401 20.74 -11.461 MSCL0_1701240242 -17.17121 0.00053 -17.36494 -17.17404 0.00054 -17.36587 -17.17546 0.00054 -17.36662 -17.17667 0.00055 -17.36729 -17.17815 0.00056 -17.36783 
7778.052268 1.0543 -6.715 0.430 -0.150 22.34 -11.350 MSCL0_1701240243 -17.17188 0.00053 -17.36579 -17.17519 0.00054 -17.36669 -17.17680 0.00054 -17.36749 -17.17815 0.00055 -17.36810 -17.17991 0.00056 -17.36870 
7778.053021 1.0531 -6.699 0.936 -0.130 20.34 -11.448 MSCL0_1701240244 -17.16966 0.00053 -17.36394 -17.17257 0.00054 -17.36498 -17.17418 0.00054 -17.36579 -17.17559 0.00055 -17.36642 -17.17716 0.00056 -17.36687 
7778.053761 1.0520 -6.689 0.464 -0.651 22.50 -11.360 MSCL0_1701240245 -17.17272 0.00053 -17.36481 -17.17532 0.00054 -17.36565 -17.17679 0.00054 -17.36644 -17.17788 0.00055 -17.36691 -17.17948 0.00055 -17.36739 
7778.054514 1.0508 -6.667 0.779 -0.135 20.75 -11.349 MSCL0_1701240246 -17.17397 0.00053 -17.36777 -17.17683 0.00054 -17.36858 -17.17844 0.00054 -17.36939 -17.17977 0.00055 -17.36998 -17.18133 0.00055 -17.37046 
7778.055255 1.0497 -6.658 1.018 -0.883 20.96 -11.440 MSCL0_1701240247 -17.17577 0.00053 -17.37000 -17.17876 0.00054 -17.37104 -17.18037 0.00054 -17.37178 -17.18168 0.00055 -17.37238 -17.18325 0.00055 -17.37288 
7778.056007 1.0486 -6.644 0.457 0.245 21.09 -11.444 MSCL0_1701240248 -17.18160 0.00053 -17.37278 -17.18411 0.00053 -17.37362 -17.18544 0.00054 -17.37431 -17.18659 0.00054 -17.37491 -17.18801 0.00055 -17.37538 
7778.056748 1.0475 -6.636 0.994 -1.277 22.14 -11.289 MSCL0_1701240249 -17.18213 0.00053 -17.37535 -17.18534 0.00053 -17.37632 -17.18705 0.00054 -17.37710 -17.18853 0.00055 -17.37768 -17.19025 0.00055 -17.37823 
7778.057500 1.0464 -6.627 -0.002 0.718 22.08 -11.359 MSCL0_1701240250 -17.18298 0.00053 -17.37734 -17.18635 0.00053 -17.37855 -17.18830 0.00054 -17.37938 -17.18982 0.00054 -17.38010 -17.19163 0.00055 -17.38066 
7778.058241 1.0454 -6.619 0.997 -0.937 22.14 -11.358 MSCL0_1701240251 -17.18468 0.00053 -17.38046 -17.18779 0.00053 -17.38141 -17.18956 0.00054 -17.38211 -17.19097 0.00054 -17.38278 -17.19269 0.00055 -17.38341 
7778.058993 1.0444 -6.610 0.693 0.542 20.95 -11.523 MSCL0_1701240252 -17.18612 0.00052 -17.37999 -17.18899 0.00053 -17.38096 -17.19054 0.00054 -17.38172 -17.19180 0.00054 -17.38239 -17.19345 0.00055 -17.38290 
7778.059734 1.0434 -6.603 1.384 -1.637 20.57 -11.522 MSCL0_1701240253 -17.18834 0.00052 -17.37975 -17.19069 0.00053 -17.38060 -17.19194 0.00053 -17.38121 -17.19307 0.00054 -17.38178 -17.19458 0.00055 -17.38227 
7778.060474 1.0424 -6.598 0.624 -0.007 20.89 -11.571 MSCL0_1701240254 -17.18671 0.00052 -17.37854 -17.18865 0.00053 -17.37921 -17.18977 0.00053 -17.37976 -17.19089 0.00054 -17.38020 -17.19231 0.00055 -17.38067 
7778.061215 1.0414 -6.590 0.725 -0.696 21.48 -11.487 MSCL0_1701240255 -17.18634 0.00052 -17.37776 -17.18895 0.00053 -17.37854 -17.19029 0.00053 -17.37908 -17.19151 0.00054 -17.37962 -17.19304 0.00055 -17.38023 
7778.061968 1.0405 -6.593 0.454 0.121 21.30 -11.272 MSCL0_1701240256 -17.18552 0.00052 -17.37848 -17.18822 0.00053 -17.37940 -17.18964 0.00053 -17.38016 -17.19098 0.00054 -17.38077 -17.19268 0.00055 -17.38131 
7778.062685 1.0396 -6.596 1.018 -1.751 21.90 -11.385 MSCL0_1701240257 -17.18539 0.00052 -17.37696 -17.18791 0.00053 -17.37785 -17.18943 0.00053 -17.37863 -17.19072 0.00054 -17.37924 -17.19234 0.00054 -17.37972 
7778.063437 1.0387 -6.581 0.961 -0.023 21.30 -11.516 MSCL0_1701240258 -17.18791 0.00052 -17.37998 -17.19035 0.00053 -17.38075 -17.19164 0.00053 -17.38131 -17.19281 0.00054 -17.38193 -17.19435 0.00054 -17.38247 
7778.064178 1.0378 -6.582 0.993 -0.458 21.71 -11.416 MSCL0_1701240259 -17.18433 0.00052 -17.37835 -17.18734 0.00053 -17.37945 -17.18898 0.00053 -17.38019 -17.19029 0.00054 -17.38080 -17.19190 0.00054 -17.38137 
7778.064919 1.0369 -6.585 0.896 -0.606 21.23 -11.462 MSCL0_1701240260 -17.18312 0.00052 -17.37488 -17.18551 0.00053 -17.37578 -17.18678 0.00053 -17.37660 -17.18796 0.00054 -17.37720 -17.18953 0.00054 -17.37775 
7778.065660 1.0361 -6.579 1.014 -0.240 19.71 -11.636 MSCL0_1701240261 -17.18687 0.00052 -17.37711 -17.18883 0.00053 -17.37789 -17.18994 0.00053 -17.37850 -17.19086 0.00054 -17.37912 -17.19232 0.00054 -17.37953 
7778.066412 1.0352 -6.582 0.297 -0.778 21.49 -11.404 MSCL0_1701240262 -17.18515 0.00052 -17.37804 -17.18822 0.00053 -17.37892 -17.18986 0.00053 -17.37968 -17.19131 0.00054 -17.38029 -17.19293 0.00054 -17.38087 
