# BJD(TDB)-2450000 airmass sky(mag) dx(pix) dy(pix) fwhm(pix) peak(mag) frame mag_t(r=28.0) mag_t-c_err(r=28.0) mag_c(r=28.0) mag_t(r=30.0) mag_t-c_err(r=30.0) mag_c(r=30.0) mag_t(r=32.0) mag_t-c_err(r=32.0) mag_c(r=32.0) mag_t(r=34.0) mag_t-c_err(r=34.0) mag_c(r=34.0) mag_t(r=36.0) mag_t-c_err(r=36.0) mag_c(r=36.0) 
7777.909506 2.0020 -8.453 -0.935 0.031 20.27 -10.999 MSCL0_1701240051 -16.96671 0.00137 -17.54173 -16.97099 0.00110 -17.54331 -16.97402 0.00111 -17.54448 -16.97648 0.00113 -17.54553 -16.97849 0.00114 -17.54651 
7777.910247 1.9890 -8.420 -1.152 -0.389 18.27 -11.100 MSCL0_1701240052 -16.97401 0.00137 -17.54786 -16.97844 0.00137 -17.54968 -16.98149 0.00110 -17.55110 -16.98370 0.00111 -17.55220 -16.98589 0.00113 -17.55304 
7777.910988 1.9762 -8.398 -1.875 -0.652 20.20 -10.963 MSCL0_1701240053 -16.97846 0.00137 -17.55597 -16.98347 0.00137 -17.55755 -16.98697 0.00138 -17.55897 -16.98915 0.00110 -17.56001 -16.99102 0.00112 -17.56096 
7777.911740 1.9633 -8.385 -0.495 0.616 20.32 -10.938 MSCL0_1701240054 -16.98341 0.00137 -17.55976 -16.98908 0.00137 -17.56166 -16.99241 0.00138 -17.56322 -16.99475 0.00139 -17.56418 -16.99685 0.00111 -17.56499 
7777.912480 1.9509 -8.374 -1.299 -0.820 21.36 -10.858 MSCL0_1701240055 -16.98065 0.00138 -17.55926 -16.98735 0.00138 -17.56224 -16.99195 0.00138 -17.56420 -16.99526 0.00139 -17.56564 -16.99785 0.00139 -17.56681 
7777.913232 1.9384 -8.362 -0.912 0.765 20.61 -10.965 MSCL0_1701240056 -16.99064 0.00104 -17.56454 -16.99651 0.00105 -17.56694 -17.00032 0.00106 -17.56849 -17.00320 0.00108 -17.56959 -17.00554 0.00109 -17.57041 
7777.913984 1.9261 -8.358 -1.234 -0.501 19.84 -10.980 MSCL0_1701240057 -16.98558 0.00103 -17.56274 -16.99042 0.00104 -17.56454 -16.99366 0.00105 -17.56568 -16.99609 0.00106 -17.56650 -16.99823 0.00108 -17.56716 
7777.914725 1.9142 -8.354 -1.542 -0.512 20.47 -10.922 MSCL0_1701240058 -16.98486 0.00102 -17.55958 -16.99012 0.00103 -17.56182 -16.99369 0.00105 -17.56345 -16.99613 0.00106 -17.56457 -16.99840 0.00108 -17.56537 
7777.915466 1.9025 -8.332 -1.067 0.865 20.52 -10.952 MSCL0_1701240059 -16.99456 0.00101 -17.57228 -16.99982 0.00102 -17.57403 -17.00326 0.00103 -17.57522 -17.00598 0.00105 -17.57624 -17.00835 0.00106 -17.57718 
7777.916218 1.8907 -8.325 -0.677 -0.072 19.27 -11.089 MSCL0_1701240060 -16.99723 0.00100 -17.57466 -17.00152 0.00101 -17.57633 -17.00389 0.00103 -17.57765 -17.00574 0.00104 -17.57857 -17.00786 0.00106 -17.57935 
7777.916959 1.8793 -8.344 -1.143 -0.413 19.77 -11.004 MSCL0_1701240061 -16.97484 0.00100 -17.55125 -16.97936 0.00101 -17.55299 -16.98217 0.00103 -17.55404 -16.98448 0.00104 -17.55500 -16.98647 0.00106 -17.55583 
7777.917700 1.8680 -8.292 -1.892 1.160 19.55 -11.105 MSCL0_1701240062 -17.00750 0.00098 -17.58584 -17.01202 0.00100 -17.58756 -17.01500 0.00101 -17.58895 -17.01718 0.00102 -17.58986 -17.01918 0.00104 -17.59056 
7777.918452 1.8567 -8.275 -1.036 -0.068 21.61 -10.830 MSCL0_1701240063 -17.00763 0.00098 -17.58704 -17.01348 0.00099 -17.58934 -17.01740 0.00100 -17.59088 -17.02014 0.00101 -17.59218 -17.02226 0.00103 -17.59320 
7777.919193 1.8458 -8.290 -0.676 -0.986 19.73 -10.989 MSCL0_1701240064 -16.99814 0.00097 -17.57689 -17.00332 0.00099 -17.57897 -17.00658 0.00100 -17.58059 -17.00934 0.00101 -17.58165 -17.01161 0.00103 -17.58257 
7777.919922 1.8352 -8.569 -1.390 0.167 20.31 -10.610 MSCL0_1701240065 -16.68181 0.00110 -17.25416 -16.68878 0.00112 -17.25678 -16.69339 0.00115 -17.25891 -16.69649 0.00117 -17.26058 -16.69953 0.00120 -17.26137 
7777.920674 1.8243 -8.255 -0.630 0.257 19.37 -10.969 MSCL0_1701240066 -17.01337 0.00096 -17.59308 -17.01965 0.00097 -17.59574 -17.02406 0.00098 -17.59764 -17.02738 0.00099 -17.59930 -17.02996 0.00101 -17.60036 
7777.921415 1.8138 -8.240 -0.865 0.331 20.56 -10.989 MSCL0_1701240067 -17.02387 0.00094 -17.60216 -17.02939 0.00096 -17.60402 -17.03283 0.00097 -17.60537 -17.03561 0.00098 -17.60652 -17.03790 0.00100 -17.60759 
7777.922156 1.8035 -8.232 -2.635 0.248 20.06 -11.002 MSCL0_1701240068 -17.01962 0.00094 -17.60012 -17.02522 0.00095 -17.60255 -17.02938 0.00096 -17.60423 -17.03229 0.00098 -17.60559 -17.03457 0.00099 -17.60637 
7777.922896 1.7933 -8.224 0.188 -0.668 19.95 -10.990 MSCL0_1701240069 -17.02555 0.00093 -17.60445 -17.03073 0.00094 -17.60648 -17.03383 0.00096 -17.60780 -17.03621 0.00097 -17.60900 -17.03842 0.00098 -17.60978 
7777.923637 1.7832 -8.215 -0.606 1.158 19.72 -11.035 MSCL0_1701240070 -17.03062 0.00093 -17.60696 -17.03535 0.00094 -17.60875 -17.03843 0.00095 -17.60999 -17.04057 0.00096 -17.61086 -17.04297 0.00098 -17.61170 
7777.924389 1.7731 -8.204 -1.405 -0.641 20.29 -11.018 MSCL0_1701240071 -17.03129 0.00092 -17.60996 -17.03657 0.00093 -17.61233 -17.03990 0.00094 -17.61386 -17.04256 0.00095 -17.61498 -17.04485 0.00097 -17.61591 
7777.925130 1.7633 -8.202 -0.870 0.329 18.83 -11.050 MSCL0_1701240072 -17.03023 0.00091 -17.61037 -17.03554 0.00093 -17.61254 -17.03908 0.00094 -17.61391 -17.04187 0.00095 -17.61509 -17.04433 0.00096 -17.61593 
7777.925883 1.7534 -8.196 -1.327 -0.158 20.64 -10.972 MSCL0_1701240073 -17.02958 0.00091 -17.61018 -17.03473 0.00092 -17.61210 -17.03811 0.00093 -17.61375 -17.04097 0.00094 -17.61485 -17.04339 0.00096 -17.61588 
7777.926623 1.7439 -8.181 -0.423 0.353 20.30 -10.938 MSCL0_1701240074 -17.03123 0.00090 -17.61012 -17.03686 0.00091 -17.61221 -17.04059 0.00092 -17.61410 -17.04323 0.00094 -17.61525 -17.04526 0.00095 -17.61613 
7777.927364 1.7344 -8.172 -0.938 -0.417 20.30 -10.934 MSCL0_1701240075 -17.03022 0.00089 -17.61127 -17.03652 0.00090 -17.61387 -17.04046 0.00092 -17.61567 -17.04346 0.00093 -17.61711 -17.04602 0.00094 -17.61824 
7777.928116 1.7250 -8.161 -0.891 1.614 20.03 -10.969 MSCL0_1701240076 -17.03616 0.00089 -17.61643 -17.04140 0.00090 -17.61861 -17.04491 0.00091 -17.62011 -17.04743 0.00092 -17.62125 -17.04939 0.00094 -17.62209 
7777.928857 1.7158 -8.137 -0.526 -1.463 18.97 -11.084 MSCL0_1701240077 -17.04336 0.00088 -17.62012 -17.04826 0.00089 -17.62220 -17.05141 0.00090 -17.62389 -17.05391 0.00092 -17.62514 -17.05598 0.00093 -17.62612 
7777.929598 1.7067 -8.126 -1.336 1.667 20.41 -10.972 MSCL0_1701240078 -17.04149 0.00088 -17.62324 -17.04648 0.00089 -17.62538 -17.05014 0.00090 -17.62699 -17.05308 0.00091 -17.62822 -17.05530 0.00092 -17.62899 
7777.930339 1.6978 -8.118 -0.756 -1.323 18.82 -11.095 MSCL0_1701240079 -17.04321 0.00087 -17.62140 -17.04800 0.00088 -17.62347 -17.05087 0.00089 -17.62503 -17.05326 0.00091 -17.62624 -17.05544 0.00092 -17.62712 
7777.931091 1.6888 -8.107 -0.685 0.820 18.59 -11.071 MSCL0_1701240080 -17.04259 0.00087 -17.62187 -17.04743 0.00088 -17.62385 -17.05040 0.00089 -17.62521 -17.05298 0.00090 -17.62628 -17.05520 0.00091 -17.62705 
7777.931832 1.6801 -8.096 -0.871 0.394 20.95 -10.873 MSCL0_1701240081 -17.04122 0.00086 -17.62310 -17.04704 0.00087 -17.62531 -17.05115 0.00088 -17.62710 -17.05390 0.00089 -17.62835 -17.05624 0.00090 -17.62923 
7777.932584 1.6714 -8.092 -0.816 0.109 20.59 -10.937 MSCL0_1701240082 -17.04110 0.00086 -17.62112 -17.04666 0.00087 -17.62342 -17.05034 0.00088 -17.62504 -17.05304 0.00089 -17.62632 -17.05519 0.00090 -17.62728 
7777.933325 1.6629 -8.089 -1.833 -0.465 19.32 -11.003 MSCL0_1701240083 -17.04048 0.00085 -17.61784 -17.04596 0.00086 -17.61992 -17.04979 0.00087 -17.62168 -17.05257 0.00089 -17.62266 -17.05484 0.00090 -17.62350 
7777.934042 1.6548 -8.075 0.628 0.878 19.18 -11.095 MSCL0_1701240084 -17.04164 0.00085 -17.62179 -17.04654 0.00086 -17.62374 -17.04974 0.00087 -17.62509 -17.05204 0.00088 -17.62628 -17.05416 0.00090 -17.62726 
7777.934795 1.6463 -8.068 -1.581 -0.301 19.96 -11.025 MSCL0_1701240085 -17.04255 0.00084 -17.62173 -17.04729 0.00085 -17.62365 -17.05044 0.00086 -17.62508 -17.05267 0.00088 -17.62633 -17.05494 0.00089 -17.62732 
7777.935535 1.6382 -8.055 0.070 -0.208 20.59 -11.035 MSCL0_1701240086 -17.04532 0.00084 -17.62540 -17.04996 0.00085 -17.62725 -17.05273 0.00086 -17.62874 -17.05481 0.00087 -17.62995 -17.05680 0.00088 -17.63068 
7777.936276 1.6301 -8.041 -0.931 0.743 18.83 -11.244 MSCL0_1701240087 -17.05154 0.00083 -17.63154 -17.05527 0.00084 -17.63319 -17.05757 0.00085 -17.63444 -17.05955 0.00086 -17.63540 -17.06141 0.00088 -17.63616 
7777.937017 1.6221 -8.027 -0.486 0.035 18.45 -11.319 MSCL0_1701240088 -17.05652 0.00083 -17.63555 -17.06057 0.00084 -17.63694 -17.06311 0.00085 -17.63811 -17.06509 0.00086 -17.63903 -17.06688 0.00087 -17.63972 
7777.937769 1.6141 -8.031 -0.601 0.594 20.73 -11.063 MSCL0_1701240089 -17.05130 0.00082 -17.63202 -17.05576 0.00083 -17.63405 -17.05843 0.00084 -17.63555 -17.06050 0.00086 -17.63662 -17.06255 0.00087 -17.63747 
7777.938510 1.6064 -8.026 -1.057 -0.928 20.68 -11.074 MSCL0_1701240090 -17.05065 0.00082 -17.63288 -17.05523 0.00083 -17.63470 -17.05829 0.00084 -17.63621 -17.06041 0.00085 -17.63720 -17.06254 0.00087 -17.63800 
7777.939251 1.5987 -8.022 -0.994 0.624 19.20 -11.116 MSCL0_1701240091 -17.04895 0.00082 -17.63061 -17.05318 0.00083 -17.63210 -17.05596 0.00084 -17.63327 -17.05801 0.00085 -17.63427 -17.05992 0.00086 -17.63495 
7777.939991 1.5911 -8.003 -0.889 -0.731 19.50 -11.145 MSCL0_1701240092 -17.05402 0.00081 -17.63723 -17.05839 0.00082 -17.63913 -17.06108 0.00083 -17.64063 -17.06340 0.00084 -17.64161 -17.06544 0.00086 -17.64227 
7777.940732 1.5836 -7.994 -0.811 0.630 19.52 -11.092 MSCL0_1701240093 -17.05228 0.00081 -17.63709 -17.05723 0.00082 -17.63900 -17.06046 0.00083 -17.64050 -17.06277 0.00084 -17.64164 -17.06504 0.00085 -17.64251 
7777.941484 1.5761 -7.995 -1.119 0.160 20.13 -11.103 MSCL0_1701240094 -17.05222 0.00080 -17.63459 -17.05646 0.00081 -17.63618 -17.05920 0.00082 -17.63723 -17.06113 0.00084 -17.63822 -17.06313 0.00085 -17.63904 
7777.942225 1.5688 -7.988 -0.312 0.852 20.77 -11.023 MSCL0_1701240095 -17.04864 0.00080 -17.63399 -17.05378 0.00081 -17.63606 -17.05699 0.00082 -17.63751 -17.05953 0.00084 -17.63873 -17.06171 0.00085 -17.63970 
7777.942966 1.5616 -7.983 -0.883 0.151 18.83 -11.213 MSCL0_1701240096 -17.05147 0.00079 -17.63702 -17.05521 0.00081 -17.63869 -17.05777 0.00082 -17.63991 -17.05987 0.00083 -17.64086 -17.06185 0.00084 -17.64168 
7777.943718 1.5543 -7.976 -0.889 -0.162 19.81 -11.122 MSCL0_1701240097 -17.04987 0.00079 -17.63613 -17.05375 0.00080 -17.63774 -17.05595 0.00081 -17.63900 -17.05776 0.00083 -17.63989 -17.05951 0.00084 -17.64066 
7777.944471 1.5472 -7.970 -0.525 0.322 19.26 -11.132 MSCL0_1701240098 -17.04778 0.00079 -17.63386 -17.05188 0.00080 -17.63583 -17.05463 0.00081 -17.63704 -17.05679 0.00082 -17.63818 -17.05856 0.00084 -17.63893 
7777.945211 1.5402 -7.948 -1.111 0.526 19.54 -11.148 MSCL0_1701240099 -17.05146 0.00078 -17.64062 -17.05629 0.00079 -17.64265 -17.05963 0.00080 -17.64417 -17.06209 0.00081 -17.64516 -17.06430 0.00083 -17.64610 
7777.945940 1.5334 -7.926 -0.162 -0.340 19.90 -11.134 MSCL0_1701240100 -17.05752 0.00078 -17.64813 -17.06149 0.00079 -17.64959 -17.06387 0.00080 -17.65077 -17.06563 0.00081 -17.65171 -17.06753 0.00082 -17.65232 
7777.946681 1.5266 -7.911 -0.428 0.780 20.34 -11.182 MSCL0_1701240101 -17.06087 0.00077 -17.65093 -17.06517 0.00078 -17.65268 -17.06773 0.00079 -17.65400 -17.06967 0.00080 -17.65513 -17.07168 0.00082 -17.65576 
7777.947422 1.5199 -7.905 -1.009 -0.255 19.74 -11.217 MSCL0_1701240102 -17.05793 0.00077 -17.65059 -17.06192 0.00078 -17.65200 -17.06427 0.00079 -17.65319 -17.06595 0.00081 -17.65428 -17.06770 0.00082 -17.65501 
7777.948174 1.5132 -7.897 -0.288 0.064 19.16 -11.346 MSCL0_1701240103 -17.05781 0.00077 -17.64891 -17.06124 0.00078 -17.65025 -17.06322 0.00079 -17.65120 -17.06471 0.00080 -17.65192 -17.06643 0.00081 -17.65256 
7777.948915 1.5066 -7.885 -1.721 0.375 18.75 -11.287 MSCL0_1701240104 -17.05732 0.00076 -17.65050 -17.06071 0.00077 -17.65179 -17.06297 0.00078 -17.65274 -17.06479 0.00080 -17.65344 -17.06695 0.00081 -17.65398 
7777.949656 1.5002 -7.880 -0.413 -0.339 18.09 -11.324 MSCL0_1701240105 -17.05409 0.00076 -17.64781 -17.05768 0.00077 -17.64919 -17.05986 0.00078 -17.65031 -17.06155 0.00080 -17.65116 -17.06350 0.00081 -17.65181 
7777.950385 1.4939 -7.862 -0.503 0.591 18.32 -11.379 MSCL0_1701240106 -17.05928 0.00075 -17.65319 -17.06200 0.00076 -17.65439 -17.06366 0.00078 -17.65540 -17.06534 0.00079 -17.65608 -17.06686 0.00080 -17.65669 
7777.951137 1.4874 -7.852 -0.452 -0.285 18.44 -11.323 MSCL0_1701240107 -17.05785 0.00075 -17.65537 -17.06117 0.00076 -17.65660 -17.06331 0.00077 -17.65747 -17.06493 0.00078 -17.65821 -17.06636 0.00080 -17.65876 
7777.951878 1.4812 -7.942 -0.840 0.527 18.54 -11.274 MSCL0_1701240108 -16.92730 0.00079 -17.52755 -16.93019 0.00080 -17.52883 -16.93194 0.00082 -17.52975 -16.93337 0.00083 -17.53050 -16.93464 0.00085 -17.53100 
7777.952607 1.4751 -8.284 -0.577 0.493 19.08 -10.764 MSCL0_1701240109 -16.42683 0.00103 -17.02651 -16.43002 0.00107 -17.02772 -16.43169 0.00110 -17.02833 -16.43287 0.00113 -17.02872 -16.43483 0.00117 -17.02896 
7777.953358 1.4689 -8.173 0.034 0.943 18.49 -10.981 MSCL0_1701240110 -16.62614 0.00092 -17.21804 -16.62938 0.00094 -17.21917 -16.63143 0.00097 -17.22005 -16.63250 0.00099 -17.22094 -16.63419 0.00102 -17.22148 
7777.954088 1.4630 -8.004 -0.836 0.350 18.35 -11.249 MSCL0_1701240111 -16.82901 0.00082 -17.43984 -16.83172 0.00084 -17.44063 -16.83315 0.00085 -17.44128 -16.83428 0.00087 -17.44196 -16.83568 0.00089 -17.44268 
7777.954828 1.4570 -8.518 -0.147 0.865 19.60 -10.264 MSCL0_1701240112 -15.78260 0.00165 -16.39629 -15.78468 0.00173 -16.39685 -15.78584 0.00181 -16.39697 -15.78745 0.00189 -16.39752 -15.78864 0.00198 -16.39805 
7777.955569 1.4511 -8.222 -0.569 0.156 18.99 -10.814 MSCL0_1701240113 -16.41588 0.00103 -17.02334 -16.41898 0.00106 -17.02447 -16.42042 0.00109 -17.02525 -16.42165 0.00113 -17.02589 -16.42338 0.00116 -17.02594 
7777.956321 1.4452 -8.266 -0.540 -0.019 18.17 -10.614 MSCL0_1701240114 -16.18504 0.00118 -16.79315 -16.18777 0.00122 -16.79407 -16.18948 0.00127 -16.79458 -16.19043 0.00132 -16.79506 -16.19177 0.00137 -16.79543 
7777.957074 1.4394 -7.817 -0.871 0.189 17.98 -11.379 MSCL0_1701240115 -17.02054 0.00074 -17.61559 -17.02336 0.00075 -17.61667 -17.02489 0.00076 -17.61754 -17.02621 0.00077 -17.61836 -17.02781 0.00079 -17.61900 
7777.957814 1.4337 -7.766 -0.593 0.414 18.82 -11.319 MSCL0_1701240116 -17.07254 0.00072 -17.67094 -17.07560 0.00073 -17.67215 -17.07745 0.00074 -17.67316 -17.07880 0.00075 -17.67401 -17.08054 0.00077 -17.67453 
7777.958567 1.4280 -7.815 -0.461 -0.534 18.66 -11.237 MSCL0_1701240117 -16.99796 0.00074 -17.59308 -17.00118 0.00075 -17.59454 -17.00327 0.00076 -17.59554 -17.00520 0.00078 -17.59634 -17.00682 0.00079 -17.59709 
7777.959307 1.4224 -7.827 -0.434 0.900 19.37 -11.291 MSCL0_1701240118 -16.98166 0.00075 -17.58747 -16.98457 0.00076 -17.58872 -16.98623 0.00077 -17.58941 -16.98777 0.00078 -17.59005 -16.98939 0.00080 -17.59085 
7777.960048 1.4169 -7.762 -0.214 -0.118 18.78 -11.368 MSCL0_1701240119 -17.06767 0.00071 -17.66666 -17.07076 0.00072 -17.66776 -17.07249 0.00073 -17.66862 -17.07378 0.00075 -17.66921 -17.07560 0.00076 -17.66972 
7777.960789 1.4115 -7.787 -0.877 0.344 18.69 -11.269 MSCL0_1701240120 -17.03834 0.00072 -17.64118 -17.04183 0.00073 -17.64251 -17.04408 0.00074 -17.64336 -17.04590 0.00076 -17.64415 -17.04757 0.00077 -17.64461 
7777.961530 1.4061 -7.762 0.456 -0.361 19.18 -11.275 MSCL0_1701240121 -17.06674 0.00071 -17.66823 -17.06992 0.00072 -17.66947 -17.07183 0.00073 -17.67043 -17.07324 0.00074 -17.67098 -17.07464 0.00076 -17.67156 
7777.962270 1.4008 -7.747 -0.804 0.534 18.58 -11.399 MSCL0_1701240122 -17.07649 0.00071 -17.67754 -17.07913 0.00072 -17.67837 -17.08047 0.00073 -17.67919 -17.08158 0.00074 -17.67982 -17.08302 0.00075 -17.68040 
7777.963011 1.3955 -7.746 -0.424 0.411 17.81 -11.595 MSCL0_1701240123 -17.07390 0.00070 -17.67538 -17.07587 0.00071 -17.67611 -17.07717 0.00072 -17.67663 -17.07817 0.00073 -17.67723 -17.07937 0.00075 -17.67764 
7777.963763 1.3903 -7.738 -0.171 -0.671 18.29 -11.386 MSCL0_1701240124 -17.07262 0.00070 -17.67352 -17.07570 0.00071 -17.67474 -17.07765 0.00072 -17.67556 -17.07903 0.00073 -17.67628 -17.08079 0.00074 -17.67691 
7777.964504 1.3851 -7.718 -0.667 1.451 18.05 -11.502 MSCL0_1701240125 -17.07561 0.00070 -17.67738 -17.07804 0.00071 -17.67817 -17.07943 0.00072 -17.67879 -17.08066 0.00073 -17.67944 -17.08207 0.00074 -17.67995 
7777.965257 1.3800 -7.704 -0.196 -0.689 18.72 -11.403 MSCL0_1701240126 -17.06885 0.00070 -17.67284 -17.07180 0.00071 -17.67411 -17.07373 0.00072 -17.67491 -17.07522 0.00073 -17.67561 -17.07665 0.00074 -17.67611 
7777.965997 1.3750 -7.701 0.014 0.757 18.58 -11.268 MSCL0_1701240127 -17.05826 0.00070 -17.66180 -17.06184 0.00071 -17.66340 -17.06420 0.00072 -17.66443 -17.06621 0.00073 -17.66524 -17.06800 0.00074 -17.66563 
7777.966738 1.3700 -7.679 -0.535 -0.159 18.49 -11.286 MSCL0_1701240128 -17.05749 0.00069 -17.65959 -17.06110 0.00070 -17.66074 -17.06351 0.00072 -17.66170 -17.06521 0.00073 -17.66237 -17.06705 0.00074 -17.66308 
7777.967479 1.3651 -7.699 -0.360 0.473 18.16 -11.397 MSCL0_1701240129 -17.00145 0.00071 -17.60246 -17.00399 0.00072 -17.60333 -17.00556 0.00073 -17.60403 -17.00694 0.00074 -17.60451 -17.00852 0.00076 -17.60500 
7777.968231 1.3602 -7.632 -0.662 0.081 18.23 -11.452 MSCL0_1701240130 -17.06743 0.00069 -17.66937 -17.06976 0.00070 -17.67029 -17.07115 0.00071 -17.67105 -17.07237 0.00072 -17.67168 -17.07368 0.00073 -17.67221 
7777.968972 1.3554 -7.613 -0.493 -0.039 17.91 -11.467 MSCL0_1701240131 -17.06912 0.00068 -17.67091 -17.07165 0.00069 -17.67203 -17.07324 0.00070 -17.67282 -17.07458 0.00071 -17.67340 -17.07612 0.00072 -17.67393 
7777.969713 1.3507 -7.617 0.124 -0.087 18.19 -11.520 MSCL0_1701240132 -17.05470 0.00069 -17.65729 -17.05719 0.00069 -17.65795 -17.05858 0.00071 -17.65871 -17.05967 0.00072 -17.65926 -17.06101 0.00073 -17.65968 
7777.970465 1.3459 -7.585 -0.438 0.382 18.19 -11.534 MSCL0_1701240133 -17.07366 0.00068 -17.67640 -17.07599 0.00068 -17.67734 -17.07756 0.00069 -17.67811 -17.07857 0.00071 -17.67866 -17.07995 0.00072 -17.67906 
7777.971206 1.3413 -7.573 -0.195 0.103 17.96 -11.435 MSCL0_1701240134 -17.07142 0.00068 -17.67391 -17.07431 0.00069 -17.67505 -17.07597 0.00070 -17.67595 -17.07739 0.00071 -17.67661 -17.07893 0.00072 -17.67721 
7777.971958 1.3366 -7.579 -0.281 0.396 17.46 -11.453 MSCL0_1701240135 -17.05817 0.00068 -17.66235 -17.06090 0.00069 -17.66358 -17.06232 0.00070 -17.66450 -17.06366 0.00071 -17.66524 -17.06530 0.00072 -17.66592 
7777.972699 1.3321 -7.627 -0.142 -0.332 18.27 -11.325 MSCL0_1701240136 -16.98215 0.00070 -17.58858 -16.98539 0.00071 -17.58971 -16.98719 0.00072 -17.59070 -16.98858 0.00073 -17.59143 -16.98989 0.00074 -17.59201 
7777.973439 1.3276 -7.628 -0.733 0.245 18.45 -11.244 MSCL0_1701240137 -16.95434 0.00070 -17.56221 -16.95755 0.00071 -17.56343 -16.95974 0.00072 -17.56437 -16.96120 0.00074 -17.56498 -16.96284 0.00075 -17.56546 
7777.974192 1.3231 -7.544 0.080 -0.149 18.83 -11.176 MSCL0_1701240138 -17.05271 0.00067 -17.66204 -17.05725 0.00068 -17.66378 -17.06015 0.00069 -17.66492 -17.06221 0.00070 -17.66591 -17.06422 0.00071 -17.66666 
7777.974932 1.3187 -7.604 -0.772 0.298 18.33 -11.213 MSCL0_1701240139 -16.95894 0.00070 -17.57254 -16.96251 0.00071 -17.57411 -16.96472 0.00072 -17.57539 -16.96651 0.00074 -17.57627 -16.96832 0.00075 -17.57679 
7777.975685 1.3143 -7.701 0.062 0.070 18.18 -11.227 MSCL0_1701240140 -16.88424 0.00072 -17.48241 -16.88734 0.00074 -17.48361 -16.88937 0.00075 -17.48438 -16.89088 0.00076 -17.48501 -16.89233 0.00078 -17.48553 
7777.976437 1.3100 -8.380 0.584 1.208 19.34 -9.971 MSCL0_1701240141 -15.43650 0.00205 -16.06310 -15.44019 0.00216 -16.06415 -15.44274 0.00227 -16.06517 -15.44441 0.00238 -16.06609 -15.44613 0.00249 -16.06671 
7777.977178 1.3058 -8.528 77.631 -53.593 18.81 -8.941 MSCL0_1701240142 -13.35247 0.01313 -14.34559 -13.36072 0.01393 -14.35238 -13.36965 0.01471 -14.35654 -13.37472 0.01554 -14.35775 -13.37831 0.01638 -14.35781 
7777.977919 1.3016 -8.342 -2.464 -0.972 19.29 -9.340 MSCL0_1701240143 -14.52739 0.00425 -15.12511 -14.53004 0.00451 -15.12704 -14.53208 0.00478 -15.12650 -14.53154 0.00505 -15.12705 -14.53088 0.00533 -15.12764 
7777.978659 1.2974 -8.023 -3.881 -0.876 18.94 -10.323 MSCL0_1701240144 -15.91830 0.00130 -16.51693 -15.92108 0.00135 -16.51814 -15.92307 0.00141 -16.51944 -15.92409 0.00146 -16.51976 -15.92546 0.00152 -16.52024 
7777.979388 1.2934 -7.492 -1.823 -0.343 20.24 -11.232 MSCL0_1701240145 -17.05967 0.00066 -17.66383 -17.06319 0.00067 -17.66523 -17.06544 0.00068 -17.66638 -17.06732 0.00069 -17.66729 -17.06903 0.00070 -17.66779 
7777.980141 1.2893 -7.461 0.162 0.278 18.34 -11.555 MSCL0_1701240146 -17.08728 0.00065 -17.69223 -17.08957 0.00066 -17.69310 -17.09086 0.00066 -17.69384 -17.09208 0.00067 -17.69447 -17.09338 0.00068 -17.69504 
7777.980882 1.2853 -7.458 -0.020 -0.527 17.94 -11.494 MSCL0_1701240147 -17.08742 0.00065 -17.69409 -17.08994 0.00065 -17.69521 -17.09137 0.00066 -17.69606 -17.09256 0.00067 -17.69677 -17.09387 0.00068 -17.69717 
7777.981634 1.2813 -7.454 -0.626 0.460 17.68 -11.537 MSCL0_1701240148 -17.09119 0.00064 -17.69509 -17.09349 0.00065 -17.69613 -17.09477 0.00066 -17.69686 -17.09623 0.00067 -17.69740 -17.09768 0.00068 -17.69779 
7777.982386 1.2773 -7.459 0.256 -0.299 17.97 -11.538 MSCL0_1701240149 -17.08748 0.00064 -17.69084 -17.08987 0.00065 -17.69180 -17.09105 0.00066 -17.69258 -17.09212 0.00067 -17.69316 -17.09349 0.00068 -17.69368 
7777.983127 1.2734 -7.456 0.190 0.449 17.68 -11.624 MSCL0_1701240150 -17.08945 0.00064 -17.69179 -17.09145 0.00065 -17.69262 -17.09268 0.00066 -17.69336 -17.09375 0.00067 -17.69397 -17.09498 0.00068 -17.69454 
7777.983879 1.2695 -7.451 -0.873 -0.309 17.17 -11.693 MSCL0_1701240151 -17.08923 0.00064 -17.69319 -17.09105 0.00065 -17.69417 -17.09237 0.00066 -17.69481 -17.09340 0.00067 -17.69537 -17.09452 0.00068 -17.69588 
7777.984620 1.2657 -7.443 0.440 0.456 17.87 -11.580 MSCL0_1701240152 -17.08598 0.00064 -17.68894 -17.08814 0.00065 -17.68976 -17.08940 0.00066 -17.69044 -17.09056 0.00067 -17.69094 -17.09184 0.00068 -17.69136 
7777.985372 1.2619 -7.436 0.188 -0.667 17.13 -11.744 MSCL0_1701240153 -17.08633 0.00064 -17.68795 -17.08809 0.00065 -17.68866 -17.08907 0.00065 -17.68923 -17.09001 0.00066 -17.68980 -17.09131 0.00067 -17.69029 
7777.986125 1.2582 -7.425 -0.632 0.901 17.77 -11.603 MSCL0_1701240154 -17.09061 0.00063 -17.69323 -17.09253 0.00064 -17.69419 -17.09381 0.00065 -17.69491 -17.09470 0.00066 -17.69551 -17.09590 0.00067 -17.69592 
7777.986865 1.2545 -7.424 0.196 -0.346 17.60 -11.537 MSCL0_1701240155 -17.07855 0.00064 -17.68201 -17.08107 0.00064 -17.68316 -17.08279 0.00065 -17.68407 -17.08416 0.00066 -17.68479 -17.08554 0.00067 -17.68548 
7777.987606 1.2509 -7.419 -0.091 0.000 18.07 -11.554 MSCL0_1701240156 -17.08014 0.00063 -17.68415 -17.08254 0.00064 -17.68514 -17.08411 0.00065 -17.68599 -17.08539 0.00066 -17.68664 -17.08682 0.00067 -17.68728 
7777.988347 1.2473 -7.397 -0.437 -0.041 17.43 -11.641 MSCL0_1701240157 -17.09801 0.00063 -17.70003 -17.10006 0.00064 -17.70094 -17.10130 0.00064 -17.70153 -17.10243 0.00065 -17.70201 -17.10372 0.00066 -17.70240 
7777.989088 1.2438 -7.380 0.410 0.004 17.59 -11.620 MSCL0_1701240158 -17.10636 0.00062 -17.70918 -17.10864 0.00063 -17.71028 -17.11001 0.00064 -17.71107 -17.11111 0.00065 -17.71177 -17.11248 0.00066 -17.71219 
7777.989840 1.2402 -7.366 -0.510 0.403 17.89 -11.541 MSCL0_1701240159 -17.10569 0.00062 -17.70939 -17.10825 0.00063 -17.71053 -17.10997 0.00064 -17.71151 -17.11130 0.00065 -17.71225 -17.11287 0.00065 -17.71288 
7777.990581 1.2368 -7.353 0.360 -0.938 16.69 -11.660 MSCL0_1701240160 -17.11175 0.00062 -17.71290 -17.11377 0.00063 -17.71375 -17.11484 0.00063 -17.71451 -17.11578 0.00064 -17.71500 -17.11692 0.00065 -17.71547 
7777.991321 1.2333 -7.336 -0.310 0.783 17.30 -11.725 MSCL0_1701240161 -17.11808 0.00061 -17.71960 -17.11981 0.00062 -17.72033 -17.12088 0.00063 -17.72086 -17.12177 0.00064 -17.72130 -17.12292 0.00065 -17.72162 
7777.992051 1.2300 -7.326 -0.060 -0.722 17.64 -11.644 MSCL0_1701240162 -17.12030 0.00061 -17.72274 -17.12191 0.00062 -17.72344 -17.12287 0.00063 -17.72415 -17.12390 0.00064 -17.72466 -17.12506 0.00065 -17.72515 
7777.992791 1.2267 -7.311 0.262 0.611 16.86 -11.816 MSCL0_1701240163 -17.12151 0.00061 -17.72297 -17.12309 0.00062 -17.72379 -17.12412 0.00063 -17.72450 -17.12504 0.00064 -17.72511 -17.12623 0.00065 -17.72562 
7777.993543 1.2233 -7.394 0.043 -0.234 17.40 -11.690 MSCL0_1701240164 -16.98964 0.00065 -17.58844 -16.99108 0.00066 -17.58911 -16.99177 0.00067 -17.58974 -16.99243 0.00068 -17.59024 -16.99363 0.00069 -17.59073 
7777.994283 1.2200 -7.293 -0.130 0.229 16.98 -11.781 MSCL0_1701240165 -17.12069 0.00061 -17.71940 -17.12226 0.00062 -17.72025 -17.12327 0.00062 -17.72083 -17.12401 0.00063 -17.72131 -17.12534 0.00064 -17.72180 
7777.995036 1.2167 -7.283 0.130 -0.014 17.62 -11.723 MSCL0_1701240166 -17.12065 0.00061 -17.71962 -17.12228 0.00062 -17.72032 -17.12323 0.00062 -17.72093 -17.12414 0.00063 -17.72141 -17.12524 0.00064 -17.72187 
7777.995776 1.2135 -7.274 0.097 0.143 17.27 -11.742 MSCL0_1701240167 -17.12207 0.00061 -17.72191 -17.12385 0.00061 -17.72277 -17.12497 0.00062 -17.72342 -17.12604 0.00063 -17.72391 -17.12734 0.00064 -17.72434 
7777.996506 1.2104 -7.267 -0.219 0.035 17.02 -11.894 MSCL0_1701240168 -17.12276 0.00060 -17.72050 -17.12413 0.00061 -17.72127 -17.12506 0.00062 -17.72186 -17.12584 0.00063 -17.72234 -17.12701 0.00064 -17.72280 
7777.997246 1.2073 -7.252 0.506 0.056 17.09 -11.878 MSCL0_1701240169 -17.12718 0.00060 -17.72359 -17.12862 0.00061 -17.72439 -17.12952 0.00062 -17.72496 -17.13026 0.00062 -17.72544 -17.13149 0.00063 -17.72584 
7777.997987 1.2042 -7.246 -0.143 -0.052 20.99 -11.444 MSCL0_1701240170 -17.12717 0.00060 -17.72917 -17.12981 0.00061 -17.72999 -17.13112 0.00062 -17.73069 -17.13235 0.00063 -17.73124 -17.13410 0.00064 -17.73169 
7777.998728 1.2011 -7.241 0.306 0.087 20.98 -11.378 MSCL0_1701240171 -17.12460 0.00060 -17.72593 -17.12769 0.00061 -17.72683 -17.12928 0.00062 -17.72754 -17.13050 0.00063 -17.72818 -17.13224 0.00064 -17.72852 
7777.999469 1.1981 -7.240 0.135 0.226 20.95 -11.376 MSCL0_1701240172 -17.12635 0.00060 -17.72565 -17.12917 0.00061 -17.72646 -17.13048 0.00062 -17.72707 -17.13172 0.00062 -17.72760 -17.13331 0.00063 -17.72802 
7778.000221 1.1951 -7.232 0.117 -0.118 21.27 -11.350 MSCL0_1701240173 -17.12598 0.00060 -17.72640 -17.12906 0.00061 -17.72718 -17.13065 0.00062 -17.72782 -17.13198 0.00062 -17.72828 -17.13352 0.00063 -17.72881 
7778.000962 1.1921 -7.218 -0.225 0.250 21.31 -11.365 MSCL0_1701240174 -17.12788 0.00060 -17.72584 -17.13095 0.00060 -17.72672 -17.13271 0.00061 -17.72730 -17.13405 0.00062 -17.72798 -17.13568 0.00063 -17.72846 
7778.001714 1.1891 -7.217 -0.027 0.037 21.14 -11.373 MSCL0_1701240175 -17.12576 0.00060 -17.72380 -17.12882 0.00060 -17.72460 -17.13028 0.00061 -17.72525 -17.13153 0.00062 -17.72575 -17.13324 0.00063 -17.72621 
7778.002455 1.1862 -7.213 0.371 0.271 21.31 -11.361 MSCL0_1701240176 -17.12489 0.00060 -17.72167 -17.12797 0.00060 -17.72256 -17.12978 0.00061 -17.72337 -17.13105 0.00062 -17.72404 -17.13264 0.00063 -17.72458 
7778.003195 1.1834 -7.202 0.165 -0.059 20.71 -11.456 MSCL0_1701240177 -17.12748 0.00059 -17.72294 -17.13013 0.00060 -17.72379 -17.13150 0.00061 -17.72451 -17.13279 0.00062 -17.72516 -17.13440 0.00063 -17.72550 
7778.003948 1.1805 -7.196 0.236 0.017 20.66 -11.466 MSCL0_1701240178 -17.13040 0.00059 -17.72293 -17.13292 0.00060 -17.72373 -17.13423 0.00061 -17.72433 -17.13544 0.00062 -17.72471 -17.13682 0.00062 -17.72508 
7778.004688 1.1777 -7.186 -0.096 0.552 21.45 -11.421 MSCL0_1701240179 -17.13158 0.00059 -17.72212 -17.13395 0.00060 -17.72283 -17.13534 0.00060 -17.72344 -17.13652 0.00061 -17.72411 -17.13805 0.00062 -17.72445 
7778.005429 1.1750 -7.170 0.284 -0.229 20.92 -11.450 MSCL0_1701240180 -17.13046 0.00059 -17.72259 -17.13330 0.00059 -17.72332 -17.13473 0.00060 -17.72392 -17.13592 0.00061 -17.72452 -17.13748 0.00062 -17.72501 
7778.006158 1.1723 -7.155 0.061 -0.328 20.44 -11.480 MSCL0_1701240181 -17.12842 0.00059 -17.71922 -17.13098 0.00060 -17.72006 -17.13242 0.00060 -17.72058 -17.13368 0.00061 -17.72105 -17.13523 0.00062 -17.72146 
7778.006911 1.1695 -7.129 0.494 0.069 20.75 -11.422 MSCL0_1701240182 -17.12887 0.00059 -17.71958 -17.13150 0.00059 -17.72048 -17.13286 0.00060 -17.72112 -17.13391 0.00061 -17.72167 -17.13534 0.00062 -17.72210 
7778.007651 1.1668 -7.119 0.000 0.449 21.59 -11.355 MSCL0_1701240183 -17.13064 0.00058 -17.71997 -17.13349 0.00059 -17.72084 -17.13495 0.00060 -17.72153 -17.13624 0.00061 -17.72211 -17.13782 0.00061 -17.72260 
7778.008404 1.1642 -7.112 0.123 -0.465 21.20 -11.357 MSCL0_1701240184 -17.12941 0.00058 -17.71884 -17.13236 0.00059 -17.71987 -17.13386 0.00060 -17.72066 -17.13498 0.00061 -17.72113 -17.13640 0.00061 -17.72157 
7778.009144 1.1616 -7.104 0.180 0.523 21.10 -11.392 MSCL0_1701240185 -17.13160 0.00058 -17.71967 -17.13471 0.00059 -17.72064 -17.13646 0.00060 -17.72141 -17.13778 0.00060 -17.72212 -17.13928 0.00061 -17.72272 
7778.009897 1.1589 -7.098 0.282 0.069 21.53 -11.360 MSCL0_1701240186 -17.13406 0.00058 -17.72163 -17.13695 0.00059 -17.72261 -17.13837 0.00059 -17.72346 -17.13989 0.00060 -17.72406 -17.14171 0.00061 -17.72451 
7778.010637 1.1564 -7.092 -0.076 -0.308 21.18 -11.378 MSCL0_1701240187 -17.13373 0.00058 -17.72058 -17.13652 0.00059 -17.72155 -17.13805 0.00060 -17.72229 -17.13935 0.00060 -17.72299 -17.14093 0.00061 -17.72343 
7778.011390 1.1538 -7.087 0.368 0.092 20.84 -11.431 MSCL0_1701240188 -17.13826 0.00058 -17.72426 -17.14097 0.00058 -17.72518 -17.14237 0.00059 -17.72597 -17.14363 0.00060 -17.72664 -17.14529 0.00061 -17.72726 
7778.012131 1.1513 -7.082 0.481 -0.147 21.36 -11.401 MSCL0_1701240189 -17.13819 0.00058 -17.72277 -17.14099 0.00058 -17.72372 -17.14254 0.00059 -17.72447 -17.14382 0.00060 -17.72505 -17.14537 0.00061 -17.72552 
7778.012871 1.1489 -7.078 0.090 -0.294 20.64 -11.462 MSCL0_1701240190 -17.14224 0.00057 -17.72505 -17.14478 0.00058 -17.72585 -17.14612 0.00059 -17.72651 -17.14728 0.00060 -17.72718 -17.14869 0.00060 -17.72761 
7778.013612 1.1464 -7.069 0.101 0.339 21.69 -11.293 MSCL0_1701240191 -17.14350 0.00057 -17.72988 -17.14695 0.00058 -17.73097 -17.14904 0.00059 -17.73195 -17.15065 0.00060 -17.73271 -17.15245 0.00060 -17.73343 
7778.014353 1.1440 -7.066 0.840 -0.505 21.73 -11.302 MSCL0_1701240192 -17.14669 0.00057 -17.73140 -17.15023 0.00058 -17.73244 -17.15218 0.00059 -17.73327 -17.15373 0.00059 -17.73408 -17.15548 0.00060 -17.73461 
7778.015094 1.1417 -7.056 -0.378 0.667 20.83 -11.401 MSCL0_1701240193 -17.15011 0.00057 -17.73478 -17.15320 0.00058 -17.73588 -17.15482 0.00059 -17.73668 -17.15627 0.00059 -17.73737 -17.15792 0.00060 -17.73792 
7778.015834 1.1393 -7.051 0.617 -0.453 21.17 -11.358 MSCL0_1701240194 -17.14973 0.00057 -17.73527 -17.15274 0.00058 -17.73647 -17.15458 0.00058 -17.73738 -17.15624 0.00059 -17.73817 -17.15814 0.00060 -17.73876 
7778.016575 1.1370 -7.042 -0.202 0.534 21.49 -11.381 MSCL0_1701240195 -17.15196 0.00057 -17.73566 -17.15461 0.00058 -17.73656 -17.15611 0.00058 -17.73727 -17.15732 0.00059 -17.73790 -17.15888 0.00060 -17.73834 
7778.017327 1.1347 -7.040 0.809 -0.477 20.11 -11.498 MSCL0_1701240196 -17.15091 0.00057 -17.73448 -17.15400 0.00057 -17.73546 -17.15566 0.00058 -17.73627 -17.15694 0.00059 -17.73684 -17.15851 0.00060 -17.73734 
7778.018068 1.1324 -7.037 0.215 0.326 20.99 -11.482 MSCL0_1701240197 -17.15134 0.00057 -17.73522 -17.15387 0.00057 -17.73612 -17.15514 0.00058 -17.73675 -17.15625 0.00059 -17.73735 -17.15776 0.00059 -17.73786 
7778.018809 1.1302 -7.025 0.151 -0.405 20.60 -11.474 MSCL0_1701240198 -17.15310 0.00057 -17.73621 -17.15583 0.00057 -17.73723 -17.15744 0.00058 -17.73806 -17.15884 0.00059 -17.73869 -17.16041 0.00060 -17.73927 
7778.019561 1.1279 -7.024 0.322 0.280 20.75 -11.366 MSCL0_1701240199 -17.15222 0.00057 -17.73768 -17.15562 0.00057 -17.73885 -17.15755 0.00058 -17.73965 -17.15899 0.00059 -17.74034 -17.16057 0.00059 -17.74098 
7778.020302 1.1257 -7.021 0.381 -0.378 20.91 -11.366 MSCL0_1701240200 -17.15364 0.00056 -17.73765 -17.15696 0.00057 -17.73875 -17.15888 0.00058 -17.73959 -17.16014 0.00059 -17.74023 -17.16186 0.00059 -17.74067 
7778.021043 1.1236 -7.016 -0.362 0.374 20.75 -11.340 MSCL0_1701240201 -17.15551 0.00056 -17.73988 -17.15878 0.00057 -17.74099 -17.16052 0.00058 -17.74182 -17.16193 0.00059 -17.74246 -17.16351 0.00059 -17.74301 
7778.021795 1.1214 -7.005 0.851 -0.364 21.08 -11.308 MSCL0_1701240202 -17.15843 0.00056 -17.74374 -17.16181 0.00057 -17.74520 -17.16379 0.00057 -17.74611 -17.16541 0.00058 -17.74682 -17.16710 0.00059 -17.74738 
7778.022547 1.1193 -6.998 0.188 -0.121 20.48 -11.514 MSCL0_1701240203 -17.16200 0.00056 -17.74533 -17.16427 0.00057 -17.74610 -17.16558 0.00057 -17.74680 -17.16669 0.00058 -17.74740 -17.16812 0.00059 -17.74779 
7778.023276 1.1172 -6.996 0.206 0.292 21.64 -11.286 MSCL0_1701240204 -17.16160 0.00056 -17.74582 -17.16459 0.00057 -17.74676 -17.16610 0.00057 -17.74750 -17.16744 0.00058 -17.74796 -17.16905 0.00059 -17.74840 
7778.024006 1.1152 -6.994 0.586 -0.191 20.70 -11.329 MSCL0_1701240205 -17.16002 0.00056 -17.74441 -17.16244 0.00057 -17.74516 -17.16374 0.00057 -17.74580 -17.16491 0.00058 -17.74629 -17.16648 0.00059 -17.74675 
7778.024758 1.1132 -6.989 0.513 0.125 20.59 -11.449 MSCL0_1701240206 -17.15805 0.00056 -17.74231 -17.16083 0.00057 -17.74323 -17.16222 0.00057 -17.74392 -17.16338 0.00058 -17.74447 -17.16500 0.00059 -17.74495 
7778.025487 1.1112 -6.987 0.175 0.119 21.04 -11.335 MSCL0_1701240207 -17.15573 0.00056 -17.73971 -17.15895 0.00056 -17.74075 -17.16079 0.00057 -17.74165 -17.16223 0.00058 -17.74229 -17.16391 0.00058 -17.74269 
7778.026239 1.1092 -6.977 0.490 -0.413 20.90 -11.490 MSCL0_1701240208 -17.15845 0.00056 -17.74222 -17.16095 0.00056 -17.74305 -17.16238 0.00057 -17.74385 -17.16342 0.00058 -17.74449 -17.16489 0.00059 -17.74508 
7778.026980 1.1072 -6.974 0.166 0.218 20.70 -11.474 MSCL0_1701240209 -17.15776 0.00056 -17.74134 -17.16038 0.00056 -17.74235 -17.16188 0.00057 -17.74314 -17.16305 0.00058 -17.74364 -17.16447 0.00058 -17.74413 
7778.027721 1.1053 -6.965 0.300 -0.081 21.17 -11.392 MSCL0_1701240210 -17.16010 0.00056 -17.74319 -17.16284 0.00056 -17.74418 -17.16432 0.00057 -17.74485 -17.16566 0.00058 -17.74542 -17.16721 0.00058 -17.74590 
7778.028473 1.1034 -6.956 0.762 -0.406 21.48 -11.448 MSCL0_1701240211 -17.16162 0.00055 -17.74577 -17.16454 0.00056 -17.74673 -17.16611 0.00057 -17.74760 -17.16747 0.00057 -17.74816 -17.16897 0.00058 -17.74863 
7778.029214 1.1015 -6.943 0.090 0.014 22.06 -11.451 MSCL0_1701240212 -17.16561 0.00055 -17.74826 -17.16836 0.00056 -17.74916 -17.16982 0.00057 -17.74987 -17.17099 0.00057 -17.75048 -17.17248 0.00058 -17.75089 
7778.029955 1.0996 -6.941 0.481 0.108 22.22 -11.399 MSCL0_1701240213 -17.16545 0.00055 -17.75069 -17.16854 0.00056 -17.75164 -17.17004 0.00057 -17.75236 -17.17127 0.00057 -17.75298 -17.17287 0.00058 -17.75339 
7778.030707 1.0978 -6.935 0.465 -0.074 21.87 -11.296 MSCL0_1701240214 -17.16662 0.00055 -17.75156 -17.16988 0.00056 -17.75254 -17.17180 0.00056 -17.75339 -17.17325 0.00057 -17.75407 -17.17485 0.00058 -17.75465 
7778.031448 1.0960 -6.932 0.406 -0.445 20.90 -11.429 MSCL0_1701240215 -17.16536 0.00055 -17.74944 -17.16858 0.00056 -17.75044 -17.17041 0.00056 -17.75125 -17.17194 0.00057 -17.75188 -17.17364 0.00058 -17.75234 
7778.032188 1.0942 -6.931 0.034 0.688 22.45 -11.193 MSCL0_1701240216 -17.16538 0.00055 -17.75118 -17.16972 0.00056 -17.75244 -17.17204 0.00056 -17.75343 -17.17373 0.00057 -17.75418 -17.17558 0.00058 -17.75484 
7778.032929 1.0924 -6.933 0.255 -0.805 21.45 -11.249 MSCL0_1701240217 -17.16766 0.00055 -17.75354 -17.17113 0.00056 -17.75453 -17.17307 0.00056 -17.75521 -17.17446 0.00057 -17.75590 -17.17603 0.00058 -17.75643 
7778.033670 1.0907 -6.922 0.798 0.113 21.18 -11.392 MSCL0_1701240218 -17.16993 0.00055 -17.75478 -17.17282 0.00056 -17.75564 -17.17435 0.00056 -17.75619 -17.17544 0.00057 -17.75671 -17.17690 0.00058 -17.75725 
7778.034398 1.0890 -6.920 0.434 -0.591 20.63 -11.387 MSCL0_1701240219 -17.16728 0.00055 -17.75420 -17.17044 0.00055 -17.75521 -17.17232 0.00056 -17.75585 -17.17376 0.00057 -17.75641 -17.17523 0.00057 -17.75683 
7778.035150 1.0873 -6.916 0.373 0.130 21.49 -11.338 MSCL0_1701240220 -17.16708 0.00055 -17.75304 -17.17058 0.00055 -17.75414 -17.17251 0.00056 -17.75495 -17.17390 0.00057 -17.75559 -17.17540 0.00057 -17.75612 
7778.035891 1.0856 -6.915 0.740 -0.342 21.66 -11.290 MSCL0_1701240221 -17.16533 0.00055 -17.75233 -17.16894 0.00055 -17.75342 -17.17103 0.00056 -17.75429 -17.17274 0.00057 -17.75495 -17.17435 0.00057 -17.75551 
7778.036632 1.0840 -6.909 0.002 -0.085 20.62 -11.327 MSCL0_1701240222 -17.16465 0.00055 -17.75118 -17.16872 0.00055 -17.75245 -17.17111 0.00056 -17.75330 -17.17301 0.00057 -17.75402 -17.17489 0.00057 -17.75467 
7778.037384 1.0823 -6.905 1.021 0.016 20.56 -11.439 MSCL0_1701240223 -17.16617 0.00055 -17.75162 -17.16934 0.00055 -17.75255 -17.17110 0.00056 -17.75326 -17.17249 0.00057 -17.75396 -17.17408 0.00057 -17.75450 
7778.038125 1.0807 -6.905 0.653 -0.329 21.68 -11.344 MSCL0_1701240224 -17.16491 0.00055 -17.75047 -17.16840 0.00055 -17.75146 -17.17026 0.00056 -17.75224 -17.17182 0.00057 -17.75292 -17.17353 0.00057 -17.75347 
7778.038866 1.0792 -6.906 -0.052 0.300 22.03 -11.260 MSCL0_1701240225 -17.16566 0.00055 -17.75123 -17.16921 0.00055 -17.75219 -17.17115 0.00056 -17.75299 -17.17270 0.00056 -17.75354 -17.17445 0.00057 -17.75398 
7778.039630 1.0776 -6.901 0.612 -0.865 22.96 -11.165 MSCL0_1701240226 -17.16625 0.00055 -17.75141 -17.17028 0.00055 -17.75257 -17.17248 0.00056 -17.75346 -17.17422 0.00056 -17.75412 -17.17584 0.00057 -17.75464 
7778.040370 1.0760 -6.888 0.395 0.198 21.16 -11.339 MSCL0_1701240227 -17.16906 0.00054 -17.75427 -17.17269 0.00055 -17.75539 -17.17474 0.00056 -17.75611 -17.17625 0.00056 -17.75677 -17.17795 0.00057 -17.75722 
7778.041111 1.0745 -6.880 0.584 -0.426 20.90 -11.340 MSCL0_1701240228 -17.17177 0.00054 -17.75540 -17.17464 0.00055 -17.75638 -17.17626 0.00056 -17.75713 -17.17770 0.00056 -17.75773 -17.17926 0.00057 -17.75824 
7778.041863 1.0730 -6.875 0.832 -0.096 20.07 -11.421 MSCL0_1701240229 -17.16914 0.00054 -17.75320 -17.17243 0.00055 -17.75428 -17.17436 0.00055 -17.75506 -17.17592 0.00056 -17.75564 -17.17749 0.00057 -17.75625 
7778.042604 1.0715 -6.868 0.736 -0.088 21.12 -11.389 MSCL0_1701240230 -17.16792 0.00054 -17.75313 -17.17138 0.00055 -17.75402 -17.17334 0.00055 -17.75479 -17.17484 0.00056 -17.75549 -17.17645 0.00057 -17.75599 
7778.043333 1.0701 -6.863 0.098 -0.414 21.00 -11.481 MSCL0_1701240231 -17.16837 0.00054 -17.75226 -17.17122 0.00055 -17.75314 -17.17272 0.00055 -17.75384 -17.17409 0.00056 -17.75439 -17.17574 0.00057 -17.75485 
7778.044074 1.0687 -6.855 0.401 0.389 20.88 -11.428 MSCL0_1701240232 -17.16827 0.00054 -17.75391 -17.17134 0.00055 -17.75479 -17.17302 0.00055 -17.75549 -17.17437 0.00056 -17.75615 -17.17594 0.00057 -17.75658 
7778.044815 1.0673 -6.850 0.597 -0.718 21.00 -11.451 MSCL0_1701240233 -17.17009 0.00054 -17.75375 -17.17294 0.00055 -17.75473 -17.17448 0.00055 -17.75536 -17.17568 0.00056 -17.75579 -17.17729 0.00057 -17.75624 
7778.045567 1.0659 -6.840 0.353 -0.275 21.24 -11.462 MSCL0_1701240234 -17.16740 0.00054 -17.75151 -17.17086 0.00055 -17.75253 -17.17275 0.00055 -17.75324 -17.17423 0.00056 -17.75396 -17.17592 0.00057 -17.75459 
7778.046308 1.0645 -6.832 0.939 -0.127 21.63 -11.403 MSCL0_1701240235 -17.16782 0.00054 -17.75305 -17.17113 0.00054 -17.75395 -17.17275 0.00055 -17.75474 -17.17416 0.00056 -17.75524 -17.17570 0.00056 -17.75574 
7778.047060 1.0632 -6.824 0.304 0.098 21.47 -11.327 MSCL0_1701240236 -17.16739 0.00054 -17.75189 -17.17040 0.00055 -17.75273 -17.17201 0.00055 -17.75341 -17.17335 0.00056 -17.75404 -17.17477 0.00057 -17.75450 
7778.047789 1.0619 -6.806 0.425 -0.146 21.95 -11.243 MSCL0_1701240237 -17.16585 0.00054 -17.75053 -17.16931 0.00054 -17.75159 -17.17131 0.00055 -17.75246 -17.17290 0.00056 -17.75320 -17.17455 0.00056 -17.75374 
7778.048530 1.0606 -6.787 1.058 -0.289 20.79 -11.364 MSCL0_1701240238 -17.16630 0.00054 -17.74980 -17.16984 0.00054 -17.75092 -17.17183 0.00055 -17.75167 -17.17322 0.00056 -17.75230 -17.17486 0.00056 -17.75282 
7778.049282 1.0593 -6.779 -0.041 -0.683 21.80 -11.212 MSCL0_1701240239 -17.16360 0.00054 -17.74865 -17.16755 0.00054 -17.74977 -17.16972 0.00055 -17.75067 -17.17140 0.00056 -17.75140 -17.17322 0.00056 -17.75199 
7778.050023 1.0580 -6.766 0.620 0.002 21.95 -11.340 MSCL0_1701240240 -17.16553 0.00054 -17.74984 -17.16923 0.00054 -17.75102 -17.17138 0.00055 -17.75193 -17.17305 0.00055 -17.75266 -17.17495 0.00056 -17.75331 
7778.050764 1.0568 -6.750 1.619 -0.314 20.45 -11.440 MSCL0_1701240241 -17.17041 0.00053 -17.75354 -17.17342 0.00054 -17.75447 -17.17507 0.00055 -17.75521 -17.17644 0.00055 -17.75589 -17.17792 0.00056 -17.75642 
7778.051516 1.0555 -6.726 0.420 -0.401 20.50 -11.461 MSCL0_1701240242 -17.17121 0.00053 -17.75460 -17.17404 0.00054 -17.75550 -17.17546 0.00054 -17.75620 -17.17667 0.00055 -17.75683 -17.17815 0.00056 -17.75744 
7778.052268 1.0543 -6.716 0.430 -0.150 21.73 -11.350 MSCL0_1701240243 -17.17188 0.00053 -17.75545 -17.17519 0.00054 -17.75639 -17.17680 0.00054 -17.75720 -17.17815 0.00055 -17.75782 -17.17991 0.00056 -17.75839 
7778.053021 1.0531 -6.701 0.936 -0.130 19.97 -11.448 MSCL0_1701240244 -17.16966 0.00053 -17.75409 -17.17257 0.00054 -17.75516 -17.17418 0.00054 -17.75602 -17.17559 0.00055 -17.75662 -17.17716 0.00056 -17.75713 
7778.053761 1.0520 -6.691 0.464 -0.651 22.12 -11.360 MSCL0_1701240245 -17.17272 0.00053 -17.75463 -17.17532 0.00054 -17.75552 -17.17679 0.00054 -17.75622 -17.17788 0.00055 -17.75674 -17.17948 0.00055 -17.75723 
7778.054514 1.0508 -6.668 0.779 -0.135 20.86 -11.349 MSCL0_1701240246 -17.17397 0.00053 -17.75772 -17.17683 0.00054 -17.75861 -17.17844 0.00054 -17.75945 -17.17977 0.00055 -17.76011 -17.18133 0.00055 -17.76061 
7778.055255 1.0497 -6.659 1.018 -0.883 20.86 -11.440 MSCL0_1701240247 -17.17577 0.00053 -17.75933 -17.17876 0.00054 -17.76031 -17.18037 0.00054 -17.76105 -17.18168 0.00055 -17.76163 -17.18325 0.00055 -17.76209 
7778.056007 1.0486 -6.645 0.457 0.245 20.92 -11.444 MSCL0_1701240248 -17.18160 0.00053 -17.76278 -17.18411 0.00053 -17.76359 -17.18544 0.00054 -17.76424 -17.18659 0.00054 -17.76482 -17.18801 0.00055 -17.76526 
7778.056748 1.0475 -6.637 0.994 -1.277 21.92 -11.289 MSCL0_1701240249 -17.18213 0.00053 -17.76542 -17.18534 0.00053 -17.76639 -17.18705 0.00054 -17.76722 -17.18853 0.00055 -17.76790 -17.19025 0.00055 -17.76845 
7778.057500 1.0464 -6.629 -0.002 0.718 21.83 -11.359 MSCL0_1701240250 -17.18298 0.00053 -17.76704 -17.18635 0.00053 -17.76821 -17.18830 0.00054 -17.76901 -17.18982 0.00054 -17.76971 -17.19163 0.00055 -17.77015 
7778.058241 1.0454 -6.619 0.997 -0.937 21.81 -11.358 MSCL0_1701240251 -17.18468 0.00053 -17.76973 -17.18779 0.00053 -17.77069 -17.18956 0.00054 -17.77147 -17.19097 0.00054 -17.77218 -17.19269 0.00055 -17.77281 
7778.058993 1.0444 -6.611 0.693 0.542 20.80 -11.523 MSCL0_1701240252 -17.18612 0.00052 -17.76955 -17.18899 0.00053 -17.77058 -17.19054 0.00054 -17.77132 -17.19180 0.00054 -17.77201 -17.19345 0.00055 -17.77257 
7778.059734 1.0434 -6.605 1.384 -1.637 20.37 -11.522 MSCL0_1701240253 -17.18834 0.00052 -17.76979 -17.19069 0.00053 -17.77069 -17.19194 0.00053 -17.77134 -17.19307 0.00054 -17.77192 -17.19458 0.00055 -17.77238 
7778.060474 1.0424 -6.600 0.624 -0.007 20.79 -11.571 MSCL0_1701240254 -17.18671 0.00052 -17.76878 -17.18865 0.00053 -17.76947 -17.18977 0.00053 -17.77009 -17.19089 0.00054 -17.77066 -17.19231 0.00055 -17.77117 
7778.061215 1.0414 -6.591 0.725 -0.696 21.28 -11.487 MSCL0_1701240255 -17.18634 0.00052 -17.76789 -17.18895 0.00053 -17.76863 -17.19029 0.00053 -17.76920 -17.19151 0.00054 -17.76977 -17.19304 0.00055 -17.77031 
7778.061968 1.0405 -6.595 0.454 0.121 21.12 -11.272 MSCL0_1701240256 -17.18552 0.00052 -17.76820 -17.18822 0.00053 -17.76912 -17.18964 0.00053 -17.76982 -17.19098 0.00054 -17.77041 -17.19268 0.00055 -17.77096 
7778.062685 1.0396 -6.597 1.018 -1.751 21.39 -11.385 MSCL0_1701240257 -17.18539 0.00052 -17.76732 -17.18791 0.00053 -17.76825 -17.18943 0.00053 -17.76897 -17.19072 0.00054 -17.76959 -17.19234 0.00054 -17.77010 
7778.063437 1.0387 -6.582 0.961 -0.023 20.93 -11.516 MSCL0_1701240258 -17.18791 0.00052 -17.76964 -17.19035 0.00053 -17.77042 -17.19164 0.00053 -17.77106 -17.19281 0.00054 -17.77165 -17.19435 0.00054 -17.77223 
7778.064178 1.0378 -6.584 0.993 -0.458 21.56 -11.416 MSCL0_1701240259 -17.18433 0.00052 -17.76755 -17.18734 0.00053 -17.76860 -17.18898 0.00053 -17.76937 -17.19029 0.00054 -17.76996 -17.19190 0.00054 -17.77055 
7778.064919 1.0369 -6.587 0.896 -0.606 20.93 -11.462 MSCL0_1701240260 -17.18312 0.00052 -17.76455 -17.18551 0.00053 -17.76543 -17.18678 0.00053 -17.76622 -17.18796 0.00054 -17.76685 -17.18953 0.00054 -17.76746 
7778.065660 1.0361 -6.580 1.014 -0.240 19.46 -11.636 MSCL0_1701240261 -17.18687 0.00052 -17.76683 -17.18883 0.00053 -17.76761 -17.18994 0.00053 -17.76832 -17.19086 0.00054 -17.76890 -17.19232 0.00054 -17.76939 
7778.066412 1.0352 -6.583 0.297 -0.778 21.18 -11.404 MSCL0_1701240262 -17.18515 0.00052 -17.76819 -17.18822 0.00053 -17.76916 -17.18986 0.00053 -17.76990 -17.19131 0.00054 -17.77056 -17.19293 0.00054 -17.77114 
