# BJD(TDB)-2450000 airmass sky(mag) dx(pix) dy(pix) fwhm(pix) peak(mag) frame mag_t(r=28.0) mag_t-c_err(r=28.0) mag_c(r=28.0) mag_t(r=30.0) mag_t-c_err(r=30.0) mag_c(r=30.0) mag_t(r=32.0) mag_t-c_err(r=32.0) mag_c(r=32.0) mag_t(r=34.0) mag_t-c_err(r=34.0) mag_c(r=34.0) mag_t(r=36.0) mag_t-c_err(r=36.0) mag_c(r=36.0) 
7777.909495 2.0022 -6.555 1.593 1.054 20.55 -10.849 MSCL2_1701240051 -17.08102 0.00223 -15.10481 -17.08479 0.00108 -15.10701 -17.08739 0.00108 -15.10836 -17.08936 0.00108 -15.10950 -17.09084 0.00109 -15.11024 
7777.910120 1.9912 -6.531 1.257 0.148 19.23 -10.932 MSCL2_1701240052 -17.07947 0.00228 -15.10484 -17.08345 0.00228 -15.10688 -17.08623 0.00107 -15.10829 -17.08817 0.00108 -15.10843 -17.08969 0.00108 -15.10984 
7777.910756 1.9802 -6.518 0.634 1.202 20.15 -10.864 MSCL2_1701240053 -17.08162 0.00234 -15.10770 -17.08592 0.00234 -15.10976 -17.08881 0.00233 -15.11130 -17.09090 0.00107 -15.11345 -17.09250 0.00107 -15.11513 
7777.911381 1.9694 -6.525 2.002 0.604 20.44 -10.834 MSCL2_1701240054 -17.08571 0.00240 -15.10977 -17.08986 0.00240 -15.11190 -17.09261 0.00238 -15.11356 -17.09469 0.00238 -15.11526 -17.09628 0.00106 -15.11608 
7777.912006 1.9588 -6.518 1.591 0.304 22.34 -10.606 MSCL2_1701240055 -17.08163 0.00246 -15.10722 -17.08753 0.00246 -15.11044 -17.09143 0.00244 -15.11223 -17.09414 0.00244 -15.11453 -17.09643 0.00244 -15.11612 
7777.912642 1.9482 -6.522 0.894 1.452 20.97 -10.719 MSCL2_1701240056 -17.07759 0.00103 -15.10837 -17.08347 0.00104 -15.11090 -17.08756 0.00104 -15.11299 -17.09025 0.00104 -15.11503 -17.09242 0.00105 -15.11587 
7777.913278 1.9376 -6.514 1.628 1.511 20.26 -10.852 MSCL2_1701240057 -17.08488 0.00103 -15.10740 -17.08985 0.00103 -15.10967 -17.09327 0.00103 -15.11101 -17.09570 0.00104 -15.11261 -17.09764 0.00104 -15.11334 
7777.913903 1.9274 -6.504 1.595 0.454 20.22 -10.860 MSCL2_1701240058 -17.08441 0.00102 -15.10905 -17.08833 0.00102 -15.11102 -17.09100 0.00102 -15.11298 -17.09275 0.00103 -15.11354 -17.09415 0.00103 -15.11397 
7777.914540 1.9172 -6.497 -0.176 0.060 21.20 -10.796 MSCL2_1701240059 -17.08317 0.00101 -15.10296 -17.08750 0.00101 -15.10461 -17.09053 0.00102 -15.10621 -17.09270 0.00102 -15.10745 -17.09438 0.00102 -15.10944 
7777.915165 1.9072 -6.485 2.337 1.645 20.73 -10.803 MSCL2_1701240060 -17.08603 0.00100 -15.11180 -17.09051 0.00101 -15.11391 -17.09346 0.00101 -15.11597 -17.09567 0.00101 -15.11734 -17.09722 0.00102 -15.11890 
7777.915790 1.8974 -6.483 0.734 1.250 20.27 -10.900 MSCL2_1701240061 -17.08616 0.00100 -15.11034 -17.09052 0.00100 -15.11327 -17.09353 0.00100 -15.11473 -17.09577 0.00101 -15.11635 -17.09733 0.00101 -15.11750 
7777.916427 1.8875 -6.486 1.113 0.150 19.91 -10.997 MSCL2_1701240062 -17.08964 0.00099 -15.11430 -17.09286 0.00099 -15.11597 -17.09500 0.00099 -15.11712 -17.09637 0.00100 -15.11788 -17.09763 0.00100 -15.11916 
7777.917052 1.8779 -6.542 1.281 0.362 20.88 -10.825 MSCL2_1701240063 -17.06198 0.00098 -15.08481 -17.06611 0.00099 -15.08695 -17.06883 0.00099 -15.08761 -17.07093 0.00100 -15.08880 -17.07254 0.00100 -15.08940 
7777.917665 1.8685 -6.456 0.562 2.234 19.82 -11.006 MSCL2_1701240064 -17.09290 0.00097 -15.11683 -17.09672 0.00098 -15.11859 -17.09918 0.00098 -15.12050 -17.10099 0.00098 -15.12106 -17.10221 0.00099 -15.12284 
7777.918302 1.8590 -6.452 1.601 -0.058 21.70 -10.675 MSCL2_1701240065 -17.08939 0.00097 -15.11246 -17.09452 0.00097 -15.11483 -17.09784 0.00097 -15.11649 -17.10019 0.00098 -15.11876 -17.10206 0.00098 -15.12051 
7777.918938 1.8495 -6.446 0.425 1.086 20.09 -10.872 MSCL2_1701240066 -17.09233 0.00096 -15.11928 -17.09684 0.00096 -15.12113 -17.09983 0.00097 -15.12303 -17.10197 0.00097 -15.12423 -17.10354 0.00097 -15.12501 
7777.919563 1.8404 -6.641 2.317 -0.341 20.98 -10.633 MSCL2_1701240067 -16.99863 0.00097 -15.02850 -17.00468 0.00097 -15.03109 -17.00864 0.00098 -15.03335 -17.01142 0.00098 -15.03515 -17.01342 0.00099 -15.03684 
7777.920200 1.8311 -6.858 -0.091 1.461 19.91 -10.630 MSCL2_1701240068 -16.83690 0.00099 -14.84730 -16.84262 0.00100 -14.85059 -16.84637 0.00101 -14.85273 -16.84907 0.00101 -14.85365 -16.85126 0.00102 -14.85445 
7777.920836 1.8220 -6.437 1.042 0.895 20.51 -10.768 MSCL2_1701240069 -17.08919 0.00094 -15.11379 -17.09538 0.00094 -15.11731 -17.09963 0.00095 -15.11980 -17.10258 0.00095 -15.12234 -17.10491 0.00096 -15.12366 
7777.921461 1.8132 -6.443 1.602 1.145 20.81 -10.812 MSCL2_1701240070 -17.09549 0.00093 -15.12187 -17.10006 0.00094 -15.12419 -17.10307 0.00094 -15.12585 -17.10514 0.00094 -15.12801 -17.10674 0.00095 -15.12941 
7777.922086 1.8044 -6.418 0.237 1.091 19.76 -10.926 MSCL2_1701240071 -17.09285 0.00093 -15.12149 -17.09778 0.00093 -15.12448 -17.10117 0.00094 -15.12745 -17.10357 0.00094 -15.12876 -17.10535 0.00094 -15.12997 
7777.922700 1.7959 -6.426 1.325 0.514 20.70 -10.813 MSCL2_1701240072 -17.09071 0.00092 -15.11878 -17.09650 0.00093 -15.12157 -17.10029 0.00093 -15.12358 -17.10298 0.00093 -15.12566 -17.10495 0.00094 -15.12683 
7777.923336 1.7872 -6.412 1.248 1.324 20.23 -10.840 MSCL2_1701240073 -17.09885 0.00092 -15.12224 -17.10276 0.00092 -15.12458 -17.10534 0.00092 -15.12626 -17.10720 0.00093 -15.12761 -17.10868 0.00093 -15.12876 
7777.923950 1.7790 -6.412 1.134 0.717 21.01 -10.858 MSCL2_1701240074 -17.09960 0.00091 -15.12505 -17.10357 0.00091 -15.12725 -17.10626 0.00092 -15.12901 -17.10814 0.00092 -15.13024 -17.10970 0.00093 -15.13145 
7777.924575 1.7706 -6.409 0.622 0.509 18.04 -10.975 MSCL2_1701240075 -17.09540 0.00091 -15.12400 -17.10016 0.00091 -15.12699 -17.10340 0.00091 -15.12924 -17.10590 0.00092 -15.13140 -17.10784 0.00092 -15.13291 
7777.925200 1.7623 -6.405 1.033 0.723 20.19 -10.871 MSCL2_1701240076 -17.09645 0.00090 -15.11470 -17.10102 0.00090 -15.11753 -17.10413 0.00091 -15.11982 -17.10645 0.00091 -15.12130 -17.10823 0.00092 -15.12329 
7777.925825 1.7542 -6.409 0.890 0.527 20.85 -10.836 MSCL2_1701240077 -17.09667 0.00090 -15.12456 -17.10096 0.00090 -15.12663 -17.10374 0.00090 -15.12871 -17.10586 0.00091 -15.13058 -17.10764 0.00091 -15.13174 
7777.926450 1.7461 -6.392 1.072 0.973 22.13 -10.665 MSCL2_1701240078 -17.09396 0.00089 -15.11751 -17.09960 0.00089 -15.12022 -17.10342 0.00090 -15.12255 -17.10613 0.00090 -15.12433 -17.10824 0.00090 -15.12591 
7777.927086 1.7380 -6.401 0.915 -0.027 19.69 -10.882 MSCL2_1701240079 -17.09333 0.00089 -15.11945 -17.09831 0.00089 -15.12240 -17.10173 0.00089 -15.12456 -17.10424 0.00090 -15.12545 -17.10618 0.00090 -15.12638 
7777.927711 1.7301 -6.394 0.876 1.091 21.16 -10.806 MSCL2_1701240080 -17.09723 0.00088 -15.12059 -17.10215 0.00088 -15.12301 -17.10539 0.00089 -15.12517 -17.10777 0.00089 -15.12628 -17.10960 0.00089 -15.12736 
7777.928348 1.7221 -6.385 0.735 1.554 19.92 -10.881 MSCL2_1701240081 -17.09834 0.00087 -15.12173 -17.10270 0.00088 -15.12437 -17.10563 0.00088 -15.12645 -17.10798 0.00088 -15.12792 -17.10975 0.00089 -15.12897 
7777.928973 1.7144 -6.384 1.318 -0.858 20.23 -10.918 MSCL2_1701240082 -17.09976 0.00087 -15.12547 -17.10465 0.00087 -15.12831 -17.10797 0.00088 -15.13025 -17.11017 0.00088 -15.13215 -17.11191 0.00088 -15.13358 
7777.929609 1.7066 -6.382 0.407 2.719 20.84 -10.784 MSCL2_1701240083 -17.09827 0.00086 -15.12683 -17.10301 0.00087 -15.12984 -17.10609 0.00087 -15.13158 -17.10850 0.00088 -15.13238 -17.11027 0.00088 -15.13288 
7777.930223 1.6992 -6.375 1.010 -0.848 19.25 -10.968 MSCL2_1701240084 -17.10076 0.00086 -15.12199 -17.10497 0.00086 -15.12391 -17.10797 0.00087 -15.12541 -17.11013 0.00087 -15.12710 -17.11178 0.00087 -15.12856 
7777.930859 1.6916 -6.377 0.769 1.149 20.11 -10.844 MSCL2_1701240085 -17.10020 0.00085 -15.12359 -17.10439 0.00086 -15.12579 -17.10718 0.00086 -15.12696 -17.10916 0.00087 -15.12784 -17.11079 0.00087 -15.12896 
7777.931484 1.6842 -6.376 0.962 1.285 21.04 -10.758 MSCL2_1701240086 -17.09963 0.00085 -15.12730 -17.10448 0.00085 -15.13000 -17.10769 0.00086 -15.13166 -17.11010 0.00086 -15.13308 -17.11190 0.00086 -15.13443 
7777.932121 1.6767 -6.368 0.547 -0.209 20.28 -10.812 MSCL2_1701240087 -17.09734 0.00085 -15.12320 -17.10207 0.00085 -15.12599 -17.10533 0.00085 -15.12828 -17.10767 0.00086 -15.12916 -17.10948 0.00086 -15.13006 
7777.932734 1.6696 -6.354 1.286 1.313 21.61 -10.789 MSCL2_1701240088 -17.09697 0.00084 -15.12105 -17.10166 0.00084 -15.12353 -17.10479 0.00085 -15.12656 -17.10703 0.00085 -15.12813 -17.10868 0.00086 -15.12999 
7777.933359 1.6625 -6.362 -0.273 -0.499 19.94 -10.888 MSCL2_1701240089 -17.09658 0.00084 -15.11891 -17.10113 0.00084 -15.12141 -17.10436 0.00084 -15.12369 -17.10670 0.00085 -15.12498 -17.10861 0.00085 -15.12617 
7777.933984 1.6554 -6.360 2.510 1.289 19.69 -10.920 MSCL2_1701240090 -17.09773 0.00083 -15.12447 -17.10186 0.00084 -15.12717 -17.10465 0.00084 -15.12924 -17.10671 0.00084 -15.13134 -17.10815 0.00085 -15.13307 
7777.934598 1.6485 -6.361 -0.098 0.219 19.98 -10.898 MSCL2_1701240091 -17.09859 0.00083 -15.12431 -17.10229 0.00083 -15.12665 -17.10493 0.00084 -15.12834 -17.10682 0.00084 -15.12931 -17.10820 0.00084 -15.13009 
7777.935234 1.6415 -6.350 0.939 0.133 21.28 -10.797 MSCL2_1701240092 -17.09695 0.00082 -15.12601 -17.10102 0.00083 -15.12866 -17.10390 0.00083 -15.13067 -17.10588 0.00084 -15.13239 -17.10761 0.00084 -15.13370 
7777.935859 1.6346 -6.340 1.464 0.663 20.46 -10.951 MSCL2_1701240093 -17.09880 0.00082 -15.12022 -17.10257 0.00082 -15.12207 -17.10521 0.00083 -15.12299 -17.10719 0.00083 -15.12354 -17.10879 0.00083 -15.12554 
7777.936473 1.6280 -6.328 0.636 0.645 19.23 -11.161 MSCL2_1701240094 -17.10275 0.00081 -15.12733 -17.10580 0.00082 -15.12955 -17.10789 0.00082 -15.13166 -17.10952 0.00083 -15.13313 -17.11075 0.00083 -15.13413 
7777.937098 1.6213 -6.306 0.717 0.720 19.38 -11.104 MSCL2_1701240095 -17.10353 0.00081 -15.12767 -17.10658 0.00081 -15.12865 -17.10866 0.00082 -15.12986 -17.11022 0.00082 -15.13064 -17.11146 0.00083 -15.13127 
7777.937723 1.6146 -6.298 0.818 1.148 20.98 -10.958 MSCL2_1701240096 -17.10008 0.00081 -15.12718 -17.10359 0.00081 -15.12946 -17.10613 0.00081 -15.13127 -17.10801 0.00082 -15.13216 -17.10952 0.00082 -15.13263 
7777.938348 1.6080 -6.307 0.646 -0.666 21.32 -10.991 MSCL2_1701240097 -17.09969 0.00080 -15.12253 -17.10320 0.00081 -15.12471 -17.10564 0.00081 -15.12662 -17.10755 0.00081 -15.12755 -17.10896 0.00082 -15.12846 
7777.938973 1.6015 -6.292 -0.221 1.258 19.46 -11.019 MSCL2_1701240098 -17.09641 0.00080 -15.12454 -17.10022 0.00080 -15.12683 -17.10277 0.00081 -15.12867 -17.10486 0.00081 -15.12999 -17.10645 0.00082 -15.13172 
7777.939609 1.5950 -6.281 0.942 -0.190 20.07 -10.956 MSCL2_1701240099 -17.09840 0.00080 -15.12498 -17.10193 0.00080 -15.12731 -17.10442 0.00080 -15.12910 -17.10622 0.00081 -15.13033 -17.10773 0.00081 -15.13089 
7777.940223 1.5887 -6.256 0.179 0.974 19.30 -11.002 MSCL2_1701240100 -17.09747 0.00079 -15.12473 -17.10124 0.00080 -15.12571 -17.10392 0.00080 -15.12743 -17.10597 0.00080 -15.12829 -17.10755 0.00081 -15.12899 
7777.940859 1.5823 -6.246 0.521 0.188 20.08 -10.981 MSCL2_1701240101 -17.09806 0.00079 -15.12596 -17.10158 0.00079 -15.12778 -17.10407 0.00080 -15.12849 -17.10583 0.00080 -15.12976 -17.10723 0.00080 -15.13119 
7777.941484 1.5761 -6.242 0.049 0.396 21.14 -10.931 MSCL2_1701240102 -17.09746 0.00078 -15.12366 -17.10109 0.00079 -15.12569 -17.10364 0.00079 -15.12737 -17.10548 0.00080 -15.12839 -17.10693 0.00080 -15.12920 
7777.942109 1.5699 -6.227 1.007 1.155 21.54 -10.855 MSCL2_1701240103 -17.09494 0.00078 -15.12581 -17.09877 0.00078 -15.12886 -17.10140 0.00079 -15.13028 -17.10335 0.00079 -15.13158 -17.10487 0.00080 -15.13306 
7777.942734 1.5638 -6.225 0.128 -0.534 18.78 -11.119 MSCL2_1701240104 -17.09406 0.00078 -15.12115 -17.09713 0.00078 -15.12258 -17.09929 0.00079 -15.12426 -17.10084 0.00079 -15.12654 -17.10209 0.00079 -15.12721 
7777.943371 1.5576 -6.211 0.307 1.360 21.55 -10.840 MSCL2_1701240105 -17.09351 0.00077 -15.12265 -17.09723 0.00078 -15.12386 -17.09980 0.00078 -15.12530 -17.10180 0.00079 -15.12603 -17.10336 0.00079 -15.12665 
7777.943996 1.5517 -6.202 0.259 -0.308 20.30 -10.964 MSCL2_1701240106 -17.09424 0.00077 -15.12505 -17.09747 0.00077 -15.12731 -17.09972 0.00078 -15.12840 -17.10138 0.00078 -15.12980 -17.10273 0.00079 -15.12996 
7777.944633 1.5456 -6.205 0.977 0.679 19.55 -11.081 MSCL2_1701240107 -17.09152 0.00077 -15.12366 -17.09474 0.00077 -15.12689 -17.09701 0.00078 -15.12860 -17.09866 0.00078 -15.12952 -17.09996 0.00078 -15.13072 
7777.945258 1.5398 -6.194 0.076 0.970 20.41 -10.992 MSCL2_1701240108 -17.09181 0.00076 -15.12251 -17.09586 0.00077 -15.12484 -17.09863 0.00077 -15.12652 -17.10091 0.00078 -15.12731 -17.10263 0.00078 -15.12883 
7777.945871 1.5341 -6.186 0.961 -0.603 20.50 -10.974 MSCL2_1701240109 -17.09421 0.00076 -15.12793 -17.09757 0.00076 -15.12951 -17.09972 0.00077 -15.13104 -17.10129 0.00077 -15.13242 -17.10275 0.00078 -15.13329 
7777.946496 1.5283 -6.173 0.627 1.644 21.14 -11.032 MSCL2_1701240110 -17.09647 0.00076 -15.13425 -17.09991 0.00076 -15.13636 -17.10225 0.00076 -15.13820 -17.10404 0.00077 -15.14039 -17.10536 0.00077 -15.14189 
7777.947121 1.5226 -6.167 0.075 0.274 20.84 -11.003 MSCL2_1701240111 -17.09488 0.00075 -15.13178 -17.09804 0.00076 -15.13408 -17.10017 0.00076 -15.13571 -17.10178 0.00077 -15.13669 -17.10297 0.00077 -15.13760 
7777.947746 1.5170 -6.166 0.783 -0.261 20.52 -11.063 MSCL2_1701240112 -17.09376 0.00075 -15.12803 -17.09697 0.00076 -15.13015 -17.09914 0.00076 -15.13170 -17.10083 0.00076 -15.13291 -17.10207 0.00077 -15.13343 
7777.948371 1.5114 -6.149 0.421 0.797 19.95 -11.193 MSCL2_1701240113 -17.09451 0.00075 -15.13127 -17.09716 0.00075 -15.13229 -17.09899 0.00076 -15.13419 -17.10048 0.00076 -15.13419 -17.10159 0.00076 -15.13482 
7777.948996 1.5059 -6.141 -0.626 0.493 19.99 -11.134 MSCL2_1701240114 -17.09278 0.00075 -15.12918 -17.09539 0.00075 -15.13066 -17.09729 0.00075 -15.13155 -17.09875 0.00076 -15.13262 -17.09973 0.00076 -15.13310 
7777.949621 1.5005 -6.140 0.744 -0.250 19.21 -11.172 MSCL2_1701240115 -17.08946 0.00074 -15.12639 -17.09244 0.00075 -15.12862 -17.09460 0.00075 -15.12957 -17.09628 0.00075 -15.13051 -17.09755 0.00076 -15.13124 
7777.950258 1.4950 -6.130 0.394 1.001 18.87 -11.259 MSCL2_1701240116 -17.09219 0.00074 -15.12859 -17.09468 0.00074 -15.13019 -17.09648 0.00075 -15.13163 -17.09786 0.00075 -15.13234 -17.09898 0.00076 -15.13355 
7777.950883 1.4896 -6.118 0.354 0.037 20.06 -11.177 MSCL2_1701240117 -17.09412 0.00074 -15.13121 -17.09658 0.00074 -15.13302 -17.09845 0.00074 -15.13457 -17.09989 0.00075 -15.13475 -17.10106 0.00075 -15.13529 
7777.951508 1.4843 -6.135 1.145 0.594 19.43 -11.237 MSCL2_1701240118 -17.07356 0.00074 -15.11578 -17.07599 0.00074 -15.11822 -17.07783 0.00074 -15.12011 -17.07918 0.00075 -15.12138 -17.08033 0.00075 -15.12157 
7777.952144 1.4790 -6.325 -0.229 0.850 19.58 -11.104 MSCL2_1701240119 -16.89435 0.00077 -14.93619 -16.89662 0.00078 -14.93752 -16.89849 0.00078 -14.93895 -16.89995 0.00079 -14.93978 -16.90107 0.00080 -14.94045 
7777.952769 1.4738 -6.975 0.695 0.286 19.59 -10.122 MSCL2_1701240120 -15.97592 0.00112 -14.02426 -15.97829 0.00115 -14.02747 -15.97985 0.00118 -14.02900 -15.98098 0.00122 -14.02971 -15.98228 0.00125 -14.02891 
7777.953393 1.4686 -6.440 0.921 1.207 19.91 -10.917 MSCL2_1701240121 -16.78822 0.00079 -14.81374 -16.79080 0.00080 -14.81556 -16.79258 0.00080 -14.81619 -16.79389 0.00081 -14.81686 -16.79502 0.00082 -14.81725 
7777.954030 1.4635 -6.321 0.492 0.692 19.48 -11.124 MSCL2_1701240122 -16.90038 0.00076 -14.94255 -16.90241 0.00077 -14.94399 -16.90397 0.00077 -14.94455 -16.90516 0.00078 -14.94516 -16.90620 0.00078 -14.94567 
7777.954655 1.4584 -7.097 -0.231 -0.560 19.91 -9.896 MSCL2_1701240123 -15.68303 0.00133 -13.73760 -15.68551 0.00138 -13.73792 -15.68719 0.00142 -13.74028 -15.68800 0.00147 -13.73941 -15.68937 0.00152 -13.74233 
7777.955280 1.4534 -6.484 0.293 1.071 19.63 -10.801 MSCL2_1701240124 -16.69418 0.00081 -14.73603 -16.69669 0.00081 -14.73732 -16.69840 0.00082 -14.73739 -16.69965 0.00083 -14.73974 -16.70072 0.00084 -14.74105 
7777.955916 1.4484 -6.904 0.167 -0.330 20.48 -9.995 MSCL2_1701240125 -15.79204 0.00122 -13.84271 -15.79442 0.00126 -13.84421 -15.79613 0.00130 -13.84583 -15.79738 0.00134 -13.84708 -15.79810 0.00138 -13.84931 
7777.956541 1.4435 -6.539 1.106 0.860 19.20 -10.807 MSCL2_1701240126 -16.55144 0.00084 -14.58707 -16.55371 0.00085 -14.58897 -16.55520 0.00086 -14.59013 -16.55615 0.00088 -14.59131 -16.55695 0.00089 -14.59165 
7777.957178 1.4386 -6.064 -0.343 -0.013 19.10 -11.248 MSCL2_1701240127 -17.07830 0.00071 -15.11658 -17.08079 0.00072 -15.11858 -17.08251 0.00072 -15.11979 -17.08385 0.00072 -15.12089 -17.08488 0.00073 -15.12232 
7777.957803 1.4338 -6.014 0.171 0.542 19.88 -11.180 MSCL2_1701240128 -17.09445 0.00071 -15.13676 -17.09705 0.00071 -15.13870 -17.09893 0.00071 -15.14049 -17.10033 0.00072 -15.14187 -17.10144 0.00072 -15.14251 
7777.958439 1.4289 -6.014 0.323 0.051 19.84 -11.097 MSCL2_1701240129 -17.08625 0.00070 -15.12556 -17.08932 0.00071 -15.12716 -17.09145 0.00071 -15.12876 -17.09301 0.00072 -15.12911 -17.09425 0.00072 -15.12985 
7777.959064 1.4242 -6.231 0.414 0.290 20.01 -10.965 MSCL2_1701240130 -16.87834 0.00074 -14.92165 -16.88099 0.00075 -14.92327 -16.88287 0.00076 -14.92464 -16.88435 0.00076 -14.92487 -16.88538 0.00077 -14.92480 
7777.959689 1.4196 -5.971 0.326 0.856 20.23 -11.191 MSCL2_1701240131 -17.09653 0.00070 -15.13294 -17.09887 0.00070 -15.13399 -17.10051 0.00071 -15.13468 -17.10169 0.00071 -15.13502 -17.10266 0.00072 -15.13505 
7777.960314 1.4149 -5.984 0.542 -0.452 19.89 -11.207 MSCL2_1701240132 -17.08468 0.00070 -15.12161 -17.08743 0.00070 -15.12398 -17.08931 0.00071 -15.12470 -17.09073 0.00071 -15.12615 -17.09182 0.00071 -15.12672 
7777.960939 1.4104 -5.998 -0.521 0.921 20.09 -11.055 MSCL2_1701240133 -17.06494 0.00070 -15.10330 -17.06823 0.00070 -15.10463 -17.07049 0.00071 -15.10582 -17.07207 0.00071 -15.10693 -17.07335 0.00072 -15.10768 
7777.961564 1.4059 -5.957 1.217 -0.305 20.34 -11.120 MSCL2_1701240134 -17.09084 0.00069 -15.12915 -17.09373 0.00070 -15.13115 -17.09569 0.00070 -15.13203 -17.09707 0.00070 -15.13282 -17.09822 0.00071 -15.13370 
7777.962189 1.4014 -5.942 -0.460 0.553 20.18 -11.201 MSCL2_1701240135 -17.09599 0.00069 -15.13758 -17.09831 0.00069 -15.13921 -17.09992 0.00070 -15.14019 -17.10106 0.00070 -15.14123 -17.10206 0.00070 -15.14168 
7777.962803 1.3970 -5.950 0.601 0.957 18.58 -11.456 MSCL2_1701240136 -17.09656 0.00069 -15.13573 -17.09832 0.00069 -15.13612 -17.09953 0.00069 -15.13681 -17.10045 0.00070 -15.13751 -17.10135 0.00070 -15.13806 
7777.963428 1.3926 -5.963 0.364 -0.612 18.70 -11.350 MSCL2_1701240137 -17.09474 0.00069 -15.13283 -17.09693 0.00069 -15.13500 -17.09841 0.00069 -15.13658 -17.09944 0.00070 -15.13732 -17.10032 0.00070 -15.13813 
7777.964053 1.3883 -5.957 -0.019 0.735 20.23 -11.133 MSCL2_1701240138 -17.09304 0.00068 -15.13372 -17.09589 0.00069 -15.13523 -17.09771 0.00069 -15.13698 -17.09916 0.00070 -15.13828 -17.10028 0.00070 -15.13940 
7777.964689 1.3839 -5.942 0.198 0.700 19.31 -11.277 MSCL2_1701240139 -17.09537 0.00068 -15.13575 -17.09730 0.00068 -15.13708 -17.09873 0.00069 -15.13850 -17.09986 0.00069 -15.13903 -17.10077 0.00070 -15.13997 
7777.965314 1.3796 -5.935 0.402 -0.496 19.91 -11.196 MSCL2_1701240140 -17.09068 0.00068 -15.13266 -17.09330 0.00068 -15.13464 -17.09505 0.00069 -15.13621 -17.09642 0.00069 -15.13706 -17.09746 0.00070 -15.13803 
7777.965939 1.3754 -5.934 0.414 0.994 19.73 -11.133 MSCL2_1701240141 -17.08386 0.00068 -15.12361 -17.08699 0.00068 -15.12552 -17.08914 0.00069 -15.12701 -17.09073 0.00069 -15.12778 -17.09199 0.00070 -15.12835 
7777.966553 1.3713 -5.931 0.027 -0.740 19.55 -11.062 MSCL2_1701240142 -17.08233 0.00068 -15.12059 -17.08575 0.00068 -15.12215 -17.08805 0.00068 -15.12377 -17.08990 0.00069 -15.12485 -17.09127 0.00069 -15.12497 
7777.967178 1.3671 -5.924 0.322 1.471 19.41 -11.239 MSCL2_1701240143 -17.08600 0.00067 -15.12806 -17.08827 0.00068 -15.12934 -17.08994 0.00068 -15.13002 -17.09113 0.00069 -15.13100 -17.09210 0.00069 -15.13206 
7777.967803 1.3630 -5.997 0.338 -0.866 19.34 -11.241 MSCL2_1701240144 -17.01474 0.00069 -15.05202 -17.01671 0.00069 -15.05415 -17.01818 0.00069 -15.05542 -17.01933 0.00070 -15.05659 -17.02025 0.00071 -15.05754 
7777.968428 1.3589 -5.905 -0.698 1.257 19.44 -11.355 MSCL2_1701240145 -17.09021 0.00067 -15.12801 -17.09220 0.00067 -15.12903 -17.09361 0.00068 -15.13032 -17.09458 0.00068 -15.13153 -17.09538 0.00069 -15.13191 
7777.969053 1.3549 -5.903 0.107 -0.404 19.30 -11.299 MSCL2_1701240146 -17.09144 0.00067 -15.13233 -17.09345 0.00067 -15.13413 -17.09482 0.00068 -15.13564 -17.09577 0.00068 -15.13647 -17.09672 0.00068 -15.13701 
7777.969678 1.3509 -5.916 0.646 -0.087 18.79 -11.369 MSCL2_1701240147 -17.08352 0.00067 -15.12092 -17.08537 0.00067 -15.12189 -17.08679 0.00068 -15.12314 -17.08770 0.00068 -15.12357 -17.08853 0.00068 -15.12463 
7777.970303 1.3469 -5.884 0.021 0.498 19.51 -11.357 MSCL2_1701240148 -17.09239 0.00066 -15.13346 -17.09441 0.00067 -15.13521 -17.09575 0.00067 -15.13684 -17.09686 0.00068 -15.13775 -17.09781 0.00068 -15.13864 
7777.970928 1.3430 -5.879 0.391 0.460 18.41 -11.337 MSCL2_1701240149 -17.08999 0.00066 -15.13020 -17.09224 0.00067 -15.13166 -17.09384 0.00067 -15.13262 -17.09501 0.00067 -15.13320 -17.09596 0.00068 -15.13426 
7777.971553 1.3391 -5.877 -0.077 0.102 19.06 -11.331 MSCL2_1701240150 -17.08583 0.00066 -15.12694 -17.08787 0.00066 -15.12848 -17.08931 0.00067 -15.12971 -17.09036 0.00067 -15.13057 -17.09123 0.00068 -15.13047 
7777.972178 1.3353 -5.888 0.231 0.413 18.89 -11.201 MSCL2_1701240151 -17.06483 0.00066 -15.10802 -17.06773 0.00067 -15.11002 -17.06984 0.00067 -15.11103 -17.07141 0.00067 -15.11186 -17.07260 0.00068 -15.11202 
7777.972814 1.3314 -5.956 0.354 -0.299 18.73 -11.167 MSCL2_1701240152 -16.98618 0.00068 -15.02586 -16.98867 0.00068 -15.02718 -16.99050 0.00069 -15.02830 -16.99173 0.00069 -15.02955 -16.99275 0.00070 -15.03039 
7777.973451 1.3275 -5.981 -0.556 0.446 19.52 -11.021 MSCL2_1701240153 -16.95073 0.00068 -14.99592 -16.95360 0.00069 -14.99806 -16.95540 0.00069 -14.99955 -16.95682 0.00070 -14.99974 -16.95798 0.00070 -15.00147 
7777.974076 1.3238 -5.837 0.213 -0.106 20.35 -11.003 MSCL2_1701240154 -17.07715 0.00066 -15.12067 -17.08105 0.00066 -15.12291 -17.08375 0.00066 -15.12469 -17.08564 0.00067 -15.12555 -17.08717 0.00067 -15.12605 
7777.974701 1.3201 -5.874 0.000 0.545 19.36 -11.028 MSCL2_1701240155 -17.03229 0.00066 -15.07672 -17.03602 0.00067 -15.07913 -17.03861 0.00067 -15.08087 -17.04041 0.00068 -15.08199 -17.04187 0.00068 -15.08281 
7777.975326 1.3164 -6.314 -0.433 -0.396 19.07 -10.772 MSCL2_1701240156 -16.62648 0.00076 -14.66529 -16.62925 0.00077 -14.66687 -16.63105 0.00078 -14.66787 -16.63219 0.00079 -14.66903 -16.63335 0.00080 -14.66868 
7777.975939 1.3129 -5.934 0.686 0.830 19.07 -11.182 MSCL2_1701240157 -17.00256 0.00067 -15.04541 -17.00508 0.00067 -15.04750 -17.00676 0.00067 -15.04869 -17.00803 0.00068 -15.04961 -17.00902 0.00069 -15.04993 
7777.976564 1.3093 -7.154 79.501 -52.094 19.12 -8.455 MSCL2_1701240158 -13.90906 0.00511 -12.77392 -13.91174 0.00542 -12.77856 -13.91478 0.00572 -12.78037 -13.91620 0.00604 -12.77441 -13.91925 0.00634 -12.77618 
7777.977201 1.3056 -7.117 -201.534 -175.554 23.78 -7.925 MSCL2_1701240159 -13.15194 0.00974 -13.15167 -13.15347 0.01037 -13.15316 -13.15402 0.01102 -13.15367 -13.15810 0.01163 -13.15771 -13.16346 0.01222 -13.16303 
7777.977826 1.3021 -6.909 -2.147 -1.121 20.02 -8.798 MSCL2_1701240160 -14.55213 0.00283 -12.55911 -14.55571 0.00298 -12.55554 -14.55890 0.00313 -12.54978 -14.55971 0.00328 -12.54910 -14.55976 0.00344 -12.54188 
7777.978439 1.2987 -6.673 -3.131 -1.241 19.62 -9.638 MSCL2_1701240161 -15.36322 0.00150 -13.39880 -15.36524 0.00156 -13.39647 -15.36681 0.00162 -13.39501 -15.36775 0.00168 -13.39299 -15.36927 0.00174 -13.39008 
7777.979076 1.2951 -6.062 -3.606 -0.414 20.14 -10.925 MSCL2_1701240162 -16.83234 0.00070 -14.86983 -16.83520 0.00070 -14.87043 -16.83717 0.00071 -14.87247 -16.83872 0.00071 -14.87359 -16.83993 0.00072 -14.87497 
7777.979713 1.2916 -5.749 0.576 0.189 19.99 -11.256 MSCL2_1701240163 -17.09887 0.00064 -15.13777 -17.10131 0.00064 -15.13900 -17.10302 0.00064 -15.14056 -17.10425 0.00065 -15.14132 -17.10542 0.00065 -15.14159 
7777.980338 1.2882 -5.752 -0.448 0.102 19.25 -11.402 MSCL2_1701240164 -17.09878 0.00064 -15.14011 -17.10071 0.00064 -15.14140 -17.10205 0.00064 -15.14253 -17.10314 0.00065 -15.14332 -17.10414 0.00065 -15.14400 
7777.980974 1.2848 -5.748 0.616 -0.335 18.93 -11.317 MSCL2_1701240165 -17.09852 0.00063 -15.14188 -17.10064 0.00064 -15.14354 -17.10206 0.00064 -15.14499 -17.10316 0.00065 -15.14612 -17.10413 0.00065 -15.14709 
7777.981588 1.2815 -5.744 -0.418 0.590 18.48 -11.396 MSCL2_1701240166 -17.10015 0.00063 -15.14130 -17.10211 0.00064 -15.14230 -17.10357 0.00064 -15.14298 -17.10470 0.00064 -15.14372 -17.10568 0.00065 -15.14457 
7777.982213 1.2782 -5.733 -0.023 -0.295 19.14 -11.343 MSCL2_1701240167 -17.09628 0.00063 -15.13683 -17.09845 0.00064 -15.13767 -17.09999 0.00064 -15.13902 -17.10119 0.00064 -15.13983 -17.10206 0.00065 -15.14020 
7777.982838 1.2749 -5.721 0.446 0.306 18.93 -11.430 MSCL2_1701240168 -17.09684 0.00063 -15.13739 -17.09875 0.00063 -15.13842 -17.10016 0.00064 -15.13916 -17.10121 0.00064 -15.13999 -17.10216 0.00065 -15.14013 
7777.983474 1.2716 -5.721 -0.003 0.313 18.88 -11.522 MSCL2_1701240169 -17.09601 0.00063 -15.13520 -17.09763 0.00063 -15.13640 -17.09874 0.00064 -15.13744 -17.09951 0.00064 -15.13846 -17.10025 0.00065 -15.13864 
7777.984099 1.2684 -5.710 -0.429 -0.367 18.44 -11.495 MSCL2_1701240170 -17.09404 0.00063 -15.13098 -17.09585 0.00063 -15.13253 -17.09712 0.00064 -15.13320 -17.09819 0.00064 -15.13360 -17.09911 0.00064 -15.13410 
7777.984736 1.2652 -5.708 0.706 0.624 18.57 -11.466 MSCL2_1701240171 -17.09047 0.00063 -15.12695 -17.09227 0.00063 -15.12799 -17.09362 0.00063 -15.12843 -17.09466 0.00064 -15.12901 -17.09557 0.00064 -15.12933 
7777.985361 1.2620 -5.694 0.303 -0.789 18.36 -11.600 MSCL2_1701240172 -17.08920 0.00063 -15.12766 -17.09075 0.00063 -15.12877 -17.09183 0.00063 -15.12900 -17.09268 0.00064 -15.12953 -17.09339 0.00064 -15.12947 
7777.985997 1.2588 -5.689 -0.681 0.748 18.93 -11.403 MSCL2_1701240173 -17.09323 0.00062 -15.13110 -17.09499 0.00063 -15.13243 -17.09628 0.00063 -15.13310 -17.09728 0.00064 -15.13273 -17.09794 0.00064 -15.13246 
7777.986622 1.2557 -5.687 0.152 0.238 19.13 -11.391 MSCL2_1701240174 -17.08715 0.00062 -15.12951 -17.08926 0.00063 -15.13142 -17.09069 0.00063 -15.13245 -17.09176 0.00064 -15.13348 -17.09267 0.00064 -15.13380 
7777.987247 1.2527 -5.702 0.109 -0.769 18.95 -11.408 MSCL2_1701240175 -17.07897 0.00062 -15.11971 -17.08126 0.00063 -15.12102 -17.08287 0.00063 -15.12219 -17.08410 0.00064 -15.12286 -17.08517 0.00064 -15.12335 
7777.987884 1.2496 -5.749 -0.217 0.398 19.27 -11.348 MSCL2_1701240176 -17.08840 0.00062 -15.12866 -17.09027 0.00063 -15.12928 -17.09163 0.00063 -15.13046 -17.09267 0.00063 -15.13081 -17.09356 0.00064 -15.13107 
7777.988509 1.2465 -5.744 0.121 -0.089 18.61 -11.459 MSCL2_1701240177 -17.10014 0.00062 -15.13802 -17.10200 0.00062 -15.13895 -17.10329 0.00063 -15.13985 -17.10432 0.00063 -15.13998 -17.10518 0.00063 -15.14015 
7777.989145 1.2435 -5.665 0.214 -0.072 18.56 -11.445 MSCL2_1701240178 -17.10173 0.00062 -15.14100 -17.10373 0.00062 -15.14227 -17.10518 0.00062 -15.14378 -17.10632 0.00063 -15.14458 -17.10722 0.00063 -15.14517 
7777.989782 1.2405 -5.652 -0.549 0.471 19.02 -11.318 MSCL2_1701240179 -17.10013 0.00061 -15.13905 -17.10249 0.00062 -15.14044 -17.10413 0.00062 -15.14187 -17.10545 0.00063 -15.14272 -17.10638 0.00063 -15.14359 
7777.990407 1.2376 -5.639 0.077 -0.724 17.34 -11.595 MSCL2_1701240180 -17.10737 0.00061 -15.14398 -17.10905 0.00062 -15.14506 -17.11026 0.00062 -15.14564 -17.11118 0.00062 -15.14613 -17.11195 0.00063 -15.14703 
7777.991032 1.2347 -5.636 0.088 0.317 18.73 -11.438 MSCL2_1701240181 -17.11013 0.00061 -15.14745 -17.11189 0.00061 -15.14891 -17.11317 0.00062 -15.14980 -17.11407 0.00062 -15.15029 -17.11487 0.00063 -15.15075 
7777.991657 1.2318 -5.640 0.032 -0.158 18.80 -11.453 MSCL2_1701240182 -17.11337 0.00061 -15.15468 -17.11483 0.00061 -15.15569 -17.11590 0.00062 -15.15692 -17.11686 0.00062 -15.15783 -17.11752 0.00063 -15.15901 
7777.992294 1.2289 -5.645 -0.322 0.025 18.56 -11.528 MSCL2_1701240183 -17.11321 0.00061 -15.15391 -17.11470 0.00061 -15.15453 -17.11576 0.00062 -15.15535 -17.11654 0.00062 -15.15585 -17.11717 0.00062 -15.15619 
7777.992919 1.2261 -5.645 0.368 0.402 18.28 -11.644 MSCL2_1701240184 -17.11345 0.00061 -15.15455 -17.11497 0.00061 -15.15558 -17.11617 0.00061 -15.15614 -17.11710 0.00062 -15.15708 -17.11783 0.00062 -15.15728 
7777.993554 1.2232 -5.802 0.041 -0.385 17.83 -11.519 MSCL2_1701240185 -16.94738 0.00064 -14.98517 -16.94873 0.00064 -14.98616 -16.94983 0.00065 -14.98698 -16.95069 0.00066 -14.98757 -16.95148 0.00066 -14.98763 
7777.994168 1.2205 -5.632 -0.254 0.445 18.46 -11.604 MSCL2_1701240186 -17.11222 0.00060 -15.15065 -17.11378 0.00061 -15.15176 -17.11490 0.00061 -15.15279 -17.11579 0.00062 -15.15339 -17.11656 0.00062 -15.15403 
7777.994804 1.2177 -5.611 0.037 -0.089 19.26 -11.465 MSCL2_1701240187 -17.11291 0.00060 -15.15300 -17.11446 0.00061 -15.15403 -17.11557 0.00061 -15.15512 -17.11636 0.00061 -15.15631 -17.11713 0.00062 -15.15755 
7777.995429 1.2150 -5.630 -0.104 -0.511 17.70 -11.672 MSCL2_1701240188 -17.11443 0.00060 -15.15534 -17.11584 0.00061 -15.15633 -17.11685 0.00061 -15.15724 -17.11765 0.00061 -15.15807 -17.11829 0.00062 -15.15856 
7777.996043 1.2124 -5.664 0.124 0.430 17.88 -11.644 MSCL2_1701240189 -17.11547 0.00060 -15.15295 -17.11692 0.00060 -15.15409 -17.11797 0.00061 -15.15464 -17.11860 0.00061 -15.15521 -17.11924 0.00062 -15.15549 
7777.996668 1.2097 -5.614 -0.278 -0.244 18.14 -11.720 MSCL2_1701240190 -17.11591 0.00060 -15.15276 -17.11721 0.00060 -15.15385 -17.11816 0.00061 -15.15504 -17.11891 0.00061 -15.15579 -17.11957 0.00062 -15.15672 
7777.997281 1.2071 -5.593 0.363 0.110 17.98 -11.757 MSCL2_1701240191 -17.11592 0.00060 -15.15333 -17.11728 0.00060 -15.15428 -17.11833 0.00061 -15.15543 -17.11912 0.00061 -15.15636 -17.11986 0.00061 -15.15695 
7777.997906 1.2045 -5.592 -0.516 0.063 22.35 -11.263 MSCL2_1701240192 -17.11770 0.00060 -15.15513 -17.11944 0.00060 -15.15629 -17.12065 0.00060 -15.15721 -17.12148 0.00061 -15.15814 -17.12231 0.00061 -15.15819 
7777.998531 1.2019 -5.592 0.309 -0.545 22.68 -11.092 MSCL2_1701240193 -17.11622 0.00060 -15.15142 -17.11845 0.00060 -15.15299 -17.12008 0.00060 -15.15395 -17.12119 0.00061 -15.15513 -17.12194 0.00061 -15.15559 
7777.999156 1.1994 -5.596 -0.553 0.257 21.87 -11.217 MSCL2_1701240194 -17.11692 0.00060 -15.15496 -17.11881 0.00060 -15.15618 -17.12006 0.00060 -15.15728 -17.12099 0.00061 -15.15797 -17.12172 0.00061 -15.15808 
7777.999781 1.1968 -5.596 -0.192 -0.042 23.20 -11.102 MSCL2_1701240195 -17.11730 0.00059 -15.15479 -17.11929 0.00060 -15.15608 -17.12072 0.00060 -15.15737 -17.12179 0.00061 -15.15791 -17.12261 0.00061 -15.15835 
7778.000406 1.1943 -5.579 0.167 -0.216 22.36 -11.169 MSCL2_1701240196 -17.11841 0.00059 -15.15525 -17.12048 0.00060 -15.15681 -17.12189 0.00060 -15.15794 -17.12292 0.00060 -15.15894 -17.12370 0.00061 -15.15934 
7778.001043 1.1918 -5.570 -0.476 0.353 22.17 -11.126 MSCL2_1701240197 -17.11876 0.00059 -15.15630 -17.12101 0.00060 -15.15790 -17.12259 0.00060 -15.15942 -17.12378 0.00060 -15.16012 -17.12463 0.00061 -15.16111 
7778.001679 1.1893 -5.565 -0.278 -0.000 22.34 -11.158 MSCL2_1701240198 -17.11751 0.00059 -15.15279 -17.11969 0.00059 -15.15411 -17.12118 0.00060 -15.15558 -17.12226 0.00060 -15.15611 -17.12321 0.00061 -15.15749 
7778.002304 1.1868 -5.573 -0.014 0.003 22.88 -11.101 MSCL2_1701240199 -17.11862 0.00059 -15.15361 -17.12073 0.00059 -15.15516 -17.12225 0.00060 -15.15615 -17.12334 0.00060 -15.15674 -17.12424 0.00061 -15.15696 
7778.002929 1.1844 -5.568 -0.128 -0.393 21.61 -11.191 MSCL2_1701240200 -17.11843 0.00059 -15.15467 -17.12041 0.00059 -15.15653 -17.12173 0.00060 -15.15752 -17.12277 0.00060 -15.15791 -17.12360 0.00061 -15.15879 
7778.003554 1.1820 -5.561 -0.242 0.000 22.30 -11.266 MSCL2_1701240201 -17.12292 0.00059 -15.15366 -17.12462 0.00059 -15.15520 -17.12576 0.00060 -15.15646 -17.12669 0.00060 -15.15722 -17.12742 0.00060 -15.15800 
7778.004191 1.1796 -5.552 -0.088 -0.036 22.51 -11.257 MSCL2_1701240202 -17.12382 0.00059 -15.15545 -17.12541 0.00059 -15.15672 -17.12656 0.00059 -15.15789 -17.12739 0.00060 -15.15871 -17.12812 0.00060 -15.15865 
7778.004816 1.1772 -5.544 -0.284 0.455 22.56 -11.164 MSCL2_1701240203 -17.12430 0.00059 -15.15642 -17.12653 0.00059 -15.15760 -17.12785 0.00059 -15.15869 -17.12872 0.00060 -15.15902 -17.12948 0.00060 -15.15945 
7778.005452 1.1749 -5.526 -0.024 -0.430 21.52 -11.274 MSCL2_1701240204 -17.12533 0.00058 -15.15599 -17.12727 0.00059 -15.15699 -17.12866 0.00059 -15.15752 -17.12957 0.00060 -15.15778 -17.13044 0.00060 -15.15815 
7778.006089 1.1725 -5.526 -0.434 -0.532 21.60 -11.299 MSCL2_1701240205 -17.12521 0.00058 -15.15543 -17.12694 0.00059 -15.15685 -17.12816 0.00059 -15.15803 -17.12904 0.00059 -15.15911 -17.12981 0.00060 -15.15961 
7778.006702 1.1703 -5.521 0.475 -0.140 21.68 -11.298 MSCL2_1701240206 -17.12566 0.00058 -15.15451 -17.12750 0.00059 -15.15586 -17.12876 0.00059 -15.15663 -17.12964 0.00059 -15.15749 -17.13050 0.00060 -15.15739 
7778.007339 1.1680 -5.515 -0.591 0.090 22.55 -11.199 MSCL2_1701240207 -17.12746 0.00058 -15.15245 -17.12950 0.00058 -15.15419 -17.13093 0.00059 -15.15525 -17.13194 0.00059 -15.15617 -17.13271 0.00060 -15.15673 
7778.007964 1.1657 -5.500 0.016 0.227 22.54 -11.134 MSCL2_1701240208 -17.12775 0.00058 -15.15949 -17.12971 0.00058 -15.16127 -17.13107 0.00059 -15.16273 -17.13208 0.00059 -15.16316 -17.13295 0.00060 -15.16392 
7778.008577 1.1636 -5.485 -0.267 -0.728 22.61 -11.126 MSCL2_1701240209 -17.12740 0.00058 -15.15661 -17.12963 0.00058 -15.15839 -17.13115 0.00059 -15.15956 -17.13229 0.00059 -15.16043 -17.13310 0.00059 -15.16101 
7778.009202 1.1614 -5.493 -0.318 0.471 21.74 -11.229 MSCL2_1701240210 -17.12899 0.00058 -15.15817 -17.13119 0.00058 -15.15982 -17.13278 0.00059 -15.16096 -17.13386 0.00059 -15.16168 -17.13479 0.00059 -15.16290 
7778.009827 1.1592 -5.498 -0.243 -0.028 22.95 -11.161 MSCL2_1701240211 -17.13089 0.00058 -15.15735 -17.13303 0.00058 -15.15956 -17.13452 0.00058 -15.16080 -17.13565 0.00059 -15.16138 -17.13656 0.00059 -15.16251 
7778.010441 1.1571 -5.502 -0.225 -0.511 22.15 -11.227 MSCL2_1701240212 -17.13231 0.00058 -15.15626 -17.13405 0.00058 -15.15766 -17.13536 0.00058 -15.15884 -17.13640 0.00059 -15.15956 -17.13721 0.00059 -15.15994 
7778.011043 1.1550 -5.494 -0.427 0.191 22.03 -11.203 MSCL2_1701240213 -17.13191 0.00058 -15.15592 -17.13399 0.00058 -15.15716 -17.13542 0.00058 -15.15774 -17.13644 0.00059 -15.15840 -17.13724 0.00059 -15.15905 
7778.011679 1.1529 -5.555 0.021 -0.229 21.70 -11.268 MSCL2_1701240214 -17.13396 0.00058 -15.15977 -17.13606 0.00058 -15.16122 -17.13744 0.00058 -15.16260 -17.13859 0.00059 -15.16306 -17.13948 0.00059 -15.16332 
7778.012304 1.1508 -5.517 0.137 -0.469 22.46 -11.183 MSCL2_1701240215 -17.13364 0.00057 -15.15672 -17.13554 0.00058 -15.15757 -17.13687 0.00058 -15.15913 -17.13789 0.00058 -15.16011 -17.13874 0.00059 -15.16098 
7778.012929 1.1487 -5.603 -0.368 -0.319 22.09 -11.341 MSCL2_1701240216 -17.13602 0.00057 -15.15839 -17.13781 0.00058 -15.15957 -17.13899 0.00058 -15.16105 -17.13996 0.00058 -15.16180 -17.14083 0.00059 -15.16250 
7778.013554 1.1466 -5.518 -0.335 0.122 22.88 -11.089 MSCL2_1701240217 -17.13344 0.00057 -15.15752 -17.13596 0.00058 -15.15849 -17.13766 0.00058 -15.15953 -17.13906 0.00058 -15.16061 -17.14016 0.00059 -15.16090 
7778.014168 1.1446 -5.497 0.202 -0.173 22.91 -11.068 MSCL2_1701240218 -17.13571 0.00057 -15.15840 -17.13796 0.00057 -15.15971 -17.13955 0.00058 -15.16117 -17.14080 0.00058 -15.16208 -17.14185 0.00059 -15.16254 
7778.014781 1.1427 -5.483 -0.470 -0.414 23.67 -10.965 MSCL2_1701240219 -17.13590 0.00057 -15.15877 -17.13832 0.00057 -15.16020 -17.14002 0.00058 -15.16186 -17.14123 0.00058 -15.16326 -17.14215 0.00059 -15.16374 
7778.015406 1.1407 -5.477 -0.683 0.181 21.56 -11.162 MSCL2_1701240220 -17.13598 0.00057 -15.15740 -17.13825 0.00057 -15.15886 -17.13990 0.00058 -15.16009 -17.14118 0.00058 -15.16060 -17.14218 0.00059 -15.16173 
7778.016043 1.1387 -5.460 0.028 -0.732 21.82 -11.198 MSCL2_1701240221 -17.13701 0.00057 -15.15982 -17.13893 0.00057 -15.16160 -17.14018 0.00058 -15.16288 -17.14124 0.00058 -15.16317 -17.14217 0.00058 -15.16341 
7778.016679 1.1367 -5.443 -0.855 0.542 22.51 -11.260 MSCL2_1701240222 -17.13696 0.00057 -15.15893 -17.13879 0.00057 -15.15993 -17.14011 0.00058 -15.16109 -17.14110 0.00058 -15.16124 -17.14187 0.00058 -15.16169 
7778.017293 1.1348 -5.428 0.304 -0.566 21.42 -11.266 MSCL2_1701240223 -17.13529 0.00057 -15.15811 -17.13748 0.00057 -15.15911 -17.13903 0.00057 -15.16021 -17.14015 0.00058 -15.16136 -17.14104 0.00058 -15.16199 
7778.017918 1.1329 -5.414 -0.283 0.145 22.48 -11.293 MSCL2_1701240224 -17.13799 0.00057 -15.15899 -17.13973 0.00057 -15.16042 -17.14097 0.00057 -15.16126 -17.14194 0.00058 -15.16206 -17.14269 0.00058 -15.16191 
7778.018554 1.1309 -5.404 -0.393 -0.050 21.91 -11.324 MSCL2_1701240225 -17.13711 0.00057 -15.16217 -17.13899 0.00057 -15.16336 -17.14025 0.00057 -15.16420 -17.14114 0.00058 -15.16521 -17.14195 0.00058 -15.16666 
7778.019179 1.1291 -5.380 -0.339 -0.605 21.23 -11.264 MSCL2_1701240226 -17.13549 0.00057 -15.15830 -17.13782 0.00057 -15.15925 -17.13939 0.00057 -15.16037 -17.14053 0.00058 -15.16087 -17.14136 0.00058 -15.16138 
7778.019793 1.1272 -5.377 -0.190 0.037 22.24 -11.139 MSCL2_1701240227 -17.13615 0.00056 -15.15925 -17.13858 0.00057 -15.16072 -17.14017 0.00057 -15.16171 -17.14144 0.00058 -15.16285 -17.14250 0.00058 -15.16285 
7778.020429 1.1254 -5.364 -0.338 -0.393 22.03 -11.157 MSCL2_1701240228 -17.13640 0.00056 -15.15963 -17.13859 0.00057 -15.16147 -17.14005 0.00057 -15.16268 -17.14117 0.00057 -15.16309 -17.14221 0.00058 -15.16359 
7778.021054 1.1236 -5.364 -1.099 0.151 21.66 -11.135 MSCL2_1701240229 -17.13607 0.00056 -15.15895 -17.13853 0.00057 -15.15984 -17.14023 0.00057 -15.16101 -17.14155 0.00057 -15.16177 -17.14248 0.00058 -15.16258 
7778.021668 1.1218 -5.351 0.723 -0.807 21.97 -11.118 MSCL2_1701240230 -17.13775 0.00056 -15.16213 -17.14011 0.00057 -15.16383 -17.14168 0.00057 -15.16495 -17.14285 0.00057 -15.16551 -17.14380 0.00058 -15.16577 
7778.022304 1.1200 -5.336 -1.171 -0.063 21.13 -11.269 MSCL2_1701240231 -17.14077 0.00056 -15.16443 -17.14255 0.00056 -15.16530 -17.14377 0.00057 -15.16644 -17.14472 0.00057 -15.16633 -17.14552 0.00058 -15.16663 
7778.022918 1.1182 -5.338 0.332 -0.058 21.82 -11.217 MSCL2_1701240232 -17.14044 0.00056 -15.16029 -17.14239 0.00056 -15.16131 -17.14368 0.00057 -15.16255 -17.14473 0.00057 -15.16336 -17.14559 0.00057 -15.16365 
7778.023554 1.1165 -5.346 -0.172 -0.280 22.38 -11.077 MSCL2_1701240233 -17.13989 0.00056 -15.16291 -17.14181 0.00056 -15.16416 -17.14305 0.00057 -15.16511 -17.14406 0.00057 -15.16569 -17.14489 0.00058 -15.16631 
7778.024179 1.1147 -5.332 -0.556 0.113 22.26 -11.052 MSCL2_1701240234 -17.14026 0.00056 -15.16300 -17.14204 0.00056 -15.16411 -17.14328 0.00057 -15.16525 -17.14415 0.00057 -15.16541 -17.14490 0.00058 -15.16584 
7778.024804 1.1130 -5.323 -0.054 -0.277 21.70 -11.285 MSCL2_1701240235 -17.13816 0.00056 -15.16001 -17.14008 0.00056 -15.16171 -17.14145 0.00057 -15.16304 -17.14246 0.00057 -15.16355 -17.14328 0.00057 -15.16413 
7778.025418 1.1114 -5.320 -0.556 -0.362 22.10 -11.145 MSCL2_1701240236 -17.13661 0.00056 -15.15917 -17.13898 0.00056 -15.16075 -17.14036 0.00057 -15.16189 -17.14152 0.00057 -15.16264 -17.14243 0.00057 -15.16336 
7778.026043 1.1097 -5.321 -0.234 0.019 22.41 -11.220 MSCL2_1701240237 -17.13749 0.00056 -15.15954 -17.13925 0.00056 -15.16042 -17.14064 0.00056 -15.16176 -17.14165 0.00057 -15.16218 -17.14250 0.00057 -15.16279 
7778.026668 1.1081 -5.304 -0.448 -0.603 22.30 -11.261 MSCL2_1701240238 -17.13730 0.00056 -15.15909 -17.13922 0.00056 -15.16052 -17.14057 0.00056 -15.16109 -17.14166 0.00057 -15.16171 -17.14246 0.00057 -15.16257 
7778.027293 1.1064 -5.290 -0.360 0.480 21.42 -11.294 MSCL2_1701240239 -17.13851 0.00056 -15.16239 -17.14038 0.00056 -15.16420 -17.14183 0.00056 -15.16521 -17.14290 0.00057 -15.16570 -17.14375 0.00057 -15.16665 
7778.027929 1.1048 -5.425 -0.459 -0.617 22.55 -11.164 MSCL2_1701240240 -17.13794 0.00056 -15.15943 -17.14015 0.00056 -15.16049 -17.14166 0.00056 -15.16160 -17.14282 0.00057 -15.16217 -17.14378 0.00057 -15.16274 
7778.028554 1.1032 -5.295 0.133 -0.433 23.16 -11.175 MSCL2_1701240241 -17.13871 0.00056 -15.16212 -17.14081 0.00056 -15.16361 -17.14218 0.00056 -15.16473 -17.14314 0.00057 -15.16530 -17.14401 0.00057 -15.16582 
7778.029179 1.1016 -5.270 -0.860 -0.111 23.16 -11.223 MSCL2_1701240242 -17.14241 0.00055 -15.16322 -17.14426 0.00056 -15.16452 -17.14561 0.00056 -15.16547 -17.14654 0.00056 -15.16569 -17.14735 0.00057 -15.16631 
7778.029804 1.1000 -5.269 -0.123 0.018 24.06 -11.080 MSCL2_1701240243 -17.14215 0.00055 -15.16136 -17.14426 0.00056 -15.16231 -17.14571 0.00056 -15.16369 -17.14686 0.00056 -15.16430 -17.14789 0.00057 -15.16450 
7778.030429 1.0985 -5.259 -0.520 -0.426 22.18 -11.184 MSCL2_1701240244 -17.14161 0.00055 -15.16424 -17.14387 0.00056 -15.16605 -17.14539 0.00056 -15.16682 -17.14648 0.00056 -15.16798 -17.14733 0.00057 -15.16838 
7778.031054 1.0969 -5.247 -0.488 -0.128 23.36 -11.039 MSCL2_1701240245 -17.13894 0.00055 -15.16197 -17.14148 0.00056 -15.16371 -17.14314 0.00056 -15.16507 -17.14440 0.00056 -15.16587 -17.14544 0.00057 -15.16663 
7778.031679 1.0954 -5.253 0.009 -0.408 21.76 -11.228 MSCL2_1701240246 -17.14137 0.00055 -15.16481 -17.14368 0.00055 -15.16578 -17.14523 0.00056 -15.16699 -17.14635 0.00056 -15.16719 -17.14730 0.00057 -15.16755 
7778.032304 1.0939 -5.252 -1.302 0.368 22.62 -10.934 MSCL2_1701240247 -17.14087 0.00055 -15.16415 -17.14393 0.00055 -15.16573 -17.14598 0.00056 -15.16740 -17.14749 0.00056 -15.16803 -17.14859 0.00057 -15.16893 
7778.032929 1.0924 -5.244 -0.627 -1.271 22.27 -11.062 MSCL2_1701240248 -17.14271 0.00055 -15.16492 -17.14506 0.00055 -15.16623 -17.14659 0.00056 -15.16696 -17.14767 0.00056 -15.16759 -17.14853 0.00057 -15.16770 
7778.033566 1.0909 -5.234 0.227 0.383 22.16 -11.193 MSCL2_1701240249 -17.14385 0.00055 -15.16715 -17.14574 0.00055 -15.16836 -17.14698 0.00056 -15.16984 -17.14792 0.00056 -15.16988 -17.14872 0.00056 -15.17023 
7778.034190 1.0895 -5.236 -0.459 -1.221 21.48 -11.250 MSCL2_1701240250 -17.14284 0.00055 -15.16264 -17.14501 0.00055 -15.16400 -17.14653 0.00056 -15.16524 -17.14766 0.00056 -15.16619 -17.14865 0.00056 -15.16627 
7778.034815 1.0881 -5.235 -0.371 0.365 22.48 -11.119 MSCL2_1701240251 -17.14075 0.00055 -15.16334 -17.14326 0.00055 -15.16483 -17.14494 0.00056 -15.16611 -17.14615 0.00056 -15.16689 -17.14715 0.00056 -15.16771 
7778.035440 1.0866 -5.238 -0.188 -0.423 23.32 -11.088 MSCL2_1701240252 -17.14179 0.00055 -15.16482 -17.14444 0.00055 -15.16619 -17.14614 0.00056 -15.16720 -17.14731 0.00056 -15.16797 -17.14829 0.00056 -15.16833 
7778.036076 1.0852 -5.224 -0.551 -0.275 22.16 -11.105 MSCL2_1701240253 -17.13911 0.00055 -15.16397 -17.14174 0.00055 -15.16514 -17.14346 0.00056 -15.16653 -17.14469 0.00056 -15.16718 -17.14575 0.00056 -15.16795 
7778.036701 1.0838 -5.203 -0.771 -0.419 21.58 -11.148 MSCL2_1701240254 -17.14054 0.00055 -15.16434 -17.14346 0.00055 -15.16636 -17.14552 0.00055 -15.16791 -17.14696 0.00056 -15.16912 -17.14811 0.00056 -15.17059 
7778.037338 1.0824 -5.209 0.301 -0.087 22.10 -11.216 MSCL2_1701240255 -17.14144 0.00055 -15.16280 -17.14370 0.00055 -15.16438 -17.14525 0.00055 -15.16550 -17.14636 0.00056 -15.16588 -17.14734 0.00056 -15.16639 
7778.037951 1.0811 -5.215 -0.634 -0.674 22.48 -11.204 MSCL2_1701240256 -17.13970 0.00055 -15.16724 -17.14208 0.00055 -15.16908 -17.14366 0.00055 -15.17082 -17.14492 0.00056 -15.17180 -17.14582 0.00056 -15.17296 
7778.038588 1.0798 -5.252 -0.450 0.085 22.55 -11.135 MSCL2_1701240257 -17.14049 0.00055 -15.16356 -17.14283 0.00055 -15.16489 -17.14438 0.00055 -15.16607 -17.14554 0.00056 -15.16658 -17.14647 0.00056 -15.16749 
7778.039213 1.0784 -5.301 -0.785 -0.092 23.77 -10.939 MSCL2_1701240258 -17.14066 0.00055 -15.16352 -17.14344 0.00055 -15.16520 -17.14537 0.00055 -15.16651 -17.14666 0.00056 -15.16712 -17.14778 0.00056 -15.16763 
7778.039838 1.0771 -5.209 -0.421 -0.927 23.25 -11.013 MSCL2_1701240259 -17.14114 0.00055 -15.16418 -17.14402 0.00055 -15.16634 -17.14594 0.00055 -15.16734 -17.14739 0.00056 -15.16909 -17.14848 0.00056 -15.16993 
7778.040474 1.0758 -5.189 -0.667 -0.046 21.06 -11.176 MSCL2_1701240260 -17.14221 0.00055 -15.16469 -17.14478 0.00055 -15.16694 -17.14650 0.00055 -15.16791 -17.14773 0.00056 -15.16923 -17.14874 0.00056 -15.17008 
7778.041099 1.0745 -5.178 -0.364 -0.678 22.32 -11.106 MSCL2_1701240261 -17.14365 0.00054 -15.16633 -17.14585 0.00055 -15.16784 -17.14736 0.00055 -15.16898 -17.14848 0.00056 -15.16928 -17.14945 0.00056 -15.16922 
7778.041724 1.0733 -5.167 -0.290 -0.327 21.54 -11.202 MSCL2_1701240262 -17.14132 0.00054 -15.16731 -17.14401 0.00055 -15.16949 -17.14587 0.00055 -15.17119 -17.14728 0.00056 -15.17216 -17.14840 0.00056 -15.17292 
7778.042361 1.0720 -5.148 -0.411 -0.298 22.45 -11.167 MSCL2_1701240263 -17.14346 0.00054 -15.16698 -17.14600 0.00055 -15.16842 -17.14771 0.00055 -15.16992 -17.14894 0.00055 -15.17055 -17.14991 0.00056 -15.17143 
7778.042986 1.0708 -5.126 -0.206 -0.078 22.46 -11.263 MSCL2_1701240264 -17.14250 0.00054 -15.16525 -17.14457 0.00055 -15.16645 -17.14601 0.00055 -15.16749 -17.14708 0.00055 -15.16834 -17.14795 0.00056 -15.16875 
7778.043611 1.0696 -5.101 -0.885 -0.722 22.04 -11.304 MSCL2_1701240265 -17.14393 0.00054 -15.16288 -17.14602 0.00055 -15.16424 -17.14740 0.00055 -15.16522 -17.14839 0.00055 -15.16588 -17.14923 0.00056 -15.16676 
7778.044236 1.0684 -5.105 -0.388 0.190 22.70 -11.163 MSCL2_1701240266 -17.14305 0.00054 -15.16723 -17.14532 0.00055 -15.16892 -17.14688 0.00055 -15.17005 -17.14805 0.00055 -15.17092 -17.14899 0.00056 -15.17135 
7778.044861 1.0672 -5.100 -0.594 -0.693 22.31 -11.316 MSCL2_1701240267 -17.14416 0.00054 -15.16887 -17.14626 0.00054 -15.17022 -17.14776 0.00055 -15.17143 -17.14884 0.00055 -15.17219 -17.14970 0.00056 -15.17284 
7778.045486 1.0660 -5.095 -0.598 -0.552 22.00 -11.317 MSCL2_1701240268 -17.14283 0.00054 -15.16431 -17.14501 0.00054 -15.16568 -17.14648 0.00055 -15.16687 -17.14768 0.00055 -15.16731 -17.14858 0.00056 -15.16802 
7778.046111 1.0649 -5.084 -0.223 -0.080 23.14 -11.186 MSCL2_1701240269 -17.14231 0.00054 -15.16613 -17.14462 0.00054 -15.16803 -17.14623 0.00055 -15.16931 -17.14743 0.00055 -15.17006 -17.14850 0.00056 -15.17064 
7778.046736 1.0638 -5.062 -0.646 -0.355 22.48 -11.248 MSCL2_1701240270 -17.14311 0.00054 -15.16572 -17.14530 0.00054 -15.16705 -17.14675 0.00055 -15.16800 -17.14777 0.00055 -15.16875 -17.14860 0.00055 -15.16939 
7778.047373 1.0626 -5.053 -0.484 -0.351 22.45 -11.093 MSCL2_1701240271 -17.14098 0.00054 -15.16468 -17.14316 0.00054 -15.16603 -17.14468 0.00055 -15.16702 -17.14574 0.00055 -15.16767 -17.14669 0.00056 -15.16838 
7778.047998 1.0615 -5.052 -0.456 -0.430 22.68 -10.975 MSCL2_1701240272 -17.13985 0.00054 -15.16452 -17.14264 0.00054 -15.16585 -17.14452 0.00055 -15.16742 -17.14593 0.00055 -15.16790 -17.14708 0.00056 -15.16918 
7778.048611 1.0604 -5.035 -0.330 -0.241 22.11 -11.159 MSCL2_1701240273 -17.13900 0.00054 -15.16438 -17.14171 0.00054 -15.16603 -17.14363 0.00055 -15.16735 -17.14501 0.00055 -15.16846 -17.14603 0.00056 -15.16938 
7778.049236 1.0594 -5.037 -1.369 -0.714 23.38 -10.889 MSCL2_1701240274 -17.13971 0.00054 -15.16425 -17.14273 0.00054 -15.16611 -17.14469 0.00055 -15.16745 -17.14604 0.00055 -15.16852 -17.14719 0.00055 -15.16948 
7778.049861 1.0583 -5.048 -0.078 -0.608 23.48 -11.034 MSCL2_1701240275 -17.14138 0.00054 -15.16357 -17.14375 0.00054 -15.16483 -17.14531 0.00055 -15.16621 -17.14652 0.00055 -15.16733 -17.14744 0.00055 -15.16823 
7778.050486 1.0572 -5.043 -0.373 0.044 21.76 -11.077 MSCL2_1701240276 -17.13981 0.00054 -15.16602 -17.14263 0.00054 -15.16751 -17.14450 0.00055 -15.16884 -17.14583 0.00055 -15.16976 -17.14689 0.00055 -15.17045 
7778.051123 1.0562 -5.025 -0.524 -1.203 21.95 -11.221 MSCL2_1701240277 -17.14329 0.00054 -15.16601 -17.14536 0.00054 -15.16714 -17.14675 0.00054 -15.16839 -17.14784 0.00055 -15.16951 -17.14869 0.00055 -15.17040 
7778.051736 1.0552 -5.013 -0.755 0.002 21.85 -11.200 MSCL2_1701240278 -17.14370 0.00054 -15.16420 -17.14583 0.00054 -15.16542 -17.14732 0.00054 -15.16641 -17.14842 0.00055 -15.16718 -17.14931 0.00055 -15.16781 
7778.052361 1.0542 -5.008 -0.569 -0.513 22.76 -11.078 MSCL2_1701240279 -17.14305 0.00054 -15.16444 -17.14517 0.00054 -15.16597 -17.14663 0.00054 -15.16655 -17.14779 0.00055 -15.16743 -17.14865 0.00055 -15.16785 
7778.052986 1.0532 -5.015 0.053 -0.269 21.77 -11.177 MSCL2_1701240280 -17.14144 0.00054 -15.16244 -17.14360 0.00054 -15.16419 -17.14508 0.00054 -15.16569 -17.14615 0.00055 -15.16640 -17.14700 0.00055 -15.16682 
7778.053623 1.0522 -4.998 -0.769 -0.611 23.26 -11.141 MSCL2_1701240281 -17.14236 0.00054 -15.16539 -17.14438 0.00054 -15.16628 -17.14579 0.00054 -15.16706 -17.14682 0.00055 -15.16754 -17.14765 0.00055 -15.16785 
7778.054259 1.0512 -5.000 -0.447 -0.956 21.96 -11.188 MSCL2_1701240282 -17.14300 0.00054 -15.16528 -17.14495 0.00054 -15.16654 -17.14630 0.00054 -15.16752 -17.14729 0.00055 -15.16831 -17.14815 0.00055 -15.16913 
7778.054884 1.0503 -4.985 -0.279 0.360 22.33 -11.223 MSCL2_1701240283 -17.14372 0.00054 -15.16503 -17.14577 0.00054 -15.16627 -17.14722 0.00054 -15.16777 -17.14834 0.00055 -15.16840 -17.14918 0.00055 -15.16891 
7778.055509 1.0493 -4.978 -0.330 -1.039 22.47 -11.198 MSCL2_1701240284 -17.14306 0.00054 -15.16795 -17.14531 0.00054 -15.16917 -17.14689 0.00054 -15.17042 -17.14800 0.00055 -15.17165 -17.14894 0.00055 -15.17184 
7778.056134 1.0484 -4.979 -0.965 0.152 21.70 -11.304 MSCL2_1701240285 -17.14651 0.00053 -15.16672 -17.14832 0.00054 -15.16739 -17.14964 0.00054 -15.16837 -17.15070 0.00054 -15.16885 -17.15153 0.00055 -15.16847 
7778.056759 1.0475 -4.969 -0.196 -1.508 23.10 -10.993 MSCL2_1701240286 -17.14546 0.00053 -15.16933 -17.14783 0.00054 -15.17046 -17.14944 0.00054 -15.17199 -17.15056 0.00054 -15.17239 -17.15149 0.00055 -15.17264 
7778.057384 1.0466 -4.966 -1.191 0.999 22.71 -11.185 MSCL2_1701240287 -17.14672 0.00053 -15.16981 -17.14904 0.00054 -15.17126 -17.15073 0.00054 -15.17268 -17.15203 0.00054 -15.17349 -17.15305 0.00055 -15.17448 
7778.058009 1.0457 -4.965 -0.655 -1.150 22.97 -11.037 MSCL2_1701240288 -17.14663 0.00053 -15.17034 -17.14890 0.00054 -15.17216 -17.15045 0.00054 -15.17336 -17.15161 0.00054 -15.17457 -17.15246 0.00055 -15.17531 
7778.058646 1.0449 -4.939 -0.118 -0.581 21.45 -11.444 MSCL2_1701240289 -17.14945 0.00053 -15.17056 -17.15125 0.00054 -15.17162 -17.15251 0.00054 -15.17257 -17.15344 0.00054 -15.17307 -17.15425 0.00055 -15.17332 
7778.059282 1.0440 -4.943 -0.954 -0.062 22.61 -11.055 MSCL2_1701240290 -17.14744 0.00053 -15.17028 -17.14961 0.00054 -15.17110 -17.15112 0.00054 -15.17196 -17.15218 0.00054 -15.17224 -17.15310 0.00055 -15.17274 
7778.059907 1.0431 -4.946 0.397 -1.601 21.41 -11.330 MSCL2_1701240291 -17.14794 0.00053 -15.17056 -17.14963 0.00054 -15.17147 -17.15083 0.00054 -15.17200 -17.15168 0.00054 -15.17294 -17.15237 0.00055 -15.17283 
7778.060532 1.0423 -4.941 -0.671 0.032 22.21 -11.449 MSCL2_1701240292 -17.14809 0.00053 -15.16918 -17.14959 0.00054 -15.17025 -17.15070 0.00054 -15.17133 -17.15159 0.00054 -15.17238 -17.15236 0.00055 -15.17299 
7778.061157 1.0415 -4.927 -0.495 -0.661 22.51 -11.246 MSCL2_1701240293 -17.14721 0.00053 -15.17029 -17.14897 0.00054 -15.17120 -17.15023 0.00054 -15.17250 -17.15120 0.00054 -15.17341 -17.15201 0.00055 -15.17386 
7778.061794 1.0407 -4.935 -0.568 -0.400 22.34 -11.048 MSCL2_1701240294 -17.14602 0.00053 -15.17037 -17.14793 0.00054 -15.17157 -17.14931 0.00054 -15.17246 -17.15036 0.00054 -15.17294 -17.15112 0.00055 -15.17318 
7778.062396 1.0399 -4.993 -1.020 -1.013 22.60 -11.043 MSCL2_1701240295 -17.14469 0.00053 -15.16809 -17.14668 0.00054 -15.16913 -17.14814 0.00054 -15.17051 -17.14927 0.00054 -15.17136 -17.15017 0.00055 -15.17204 
7778.063032 1.0392 -5.035 -0.092 -0.651 22.16 -11.167 MSCL2_1701240296 -17.14578 0.00053 -15.16613 -17.14766 0.00054 -15.16724 -17.14904 0.00054 -15.16851 -17.15011 0.00054 -15.16924 -17.15094 0.00055 -15.16961 
7778.063657 1.0384 -4.922 -0.441 -0.311 22.21 -11.322 MSCL2_1701240297 -17.14653 0.00053 -15.16643 -17.14834 0.00054 -15.16772 -17.14956 0.00054 -15.16888 -17.15046 0.00054 -15.16904 -17.15133 0.00055 -15.16892 
7778.064294 1.0376 -4.924 -0.591 -0.705 22.53 -11.204 MSCL2_1701240298 -17.14466 0.00053 -15.16867 -17.14666 0.00053 -15.16995 -17.14812 0.00054 -15.17111 -17.14910 0.00054 -15.17233 -17.15001 0.00055 -15.17310 
7778.064919 1.0369 -4.899 -0.341 -0.689 22.34 -11.285 MSCL2_1701240299 -17.14363 0.00053 -15.16264 -17.14524 0.00053 -15.16373 -17.14644 0.00054 -15.16507 -17.14741 0.00054 -15.16590 -17.14809 0.00055 -15.16705 
7778.065555 1.0362 -4.890 -0.155 -0.485 20.55 -11.460 MSCL2_1701240300 -17.14486 0.00053 -15.16700 -17.14636 0.00053 -15.16791 -17.14743 0.00054 -15.16877 -17.14833 0.00054 -15.16932 -17.14903 0.00055 -15.17004 
7778.066180 1.0355 -4.890 -1.043 -0.214 21.70 -11.263 MSCL2_1701240301 -17.14528 0.00053 -15.16850 -17.14705 0.00053 -15.16907 -17.14833 0.00054 -15.16998 -17.14928 0.00054 -15.17005 -17.15011 0.00054 -15.17052 
