# BJD(TDB)-2450000 airmass sky(mag) dx(pix) dy(pix) fwhm(pix) peak(mag) frame mag_t(r=28.0) mag_t-c_err(r=28.0) mag_c(r=28.0) mag_t(r=30.0) mag_t-c_err(r=30.0) mag_c(r=30.0) mag_t(r=32.0) mag_t-c_err(r=32.0) mag_c(r=32.0) mag_t(r=34.0) mag_t-c_err(r=34.0) mag_c(r=34.0) mag_t(r=36.0) mag_t-c_err(r=36.0) mag_c(r=36.0) 
7777.909495 2.0022 -6.553 1.593 1.054 19.09 -10.849 MSCL2_1701240051 -17.08102 0.00155 -16.33135 -17.08479 0.00108 -16.33332 -17.08739 0.00108 -16.33476 -17.08936 0.00108 -16.33596 -17.09084 0.00109 -16.33670 
7777.910120 1.9912 -6.529 1.257 0.148 17.83 -10.932 MSCL2_1701240052 -17.07947 0.00156 -16.33074 -17.08345 0.00156 -16.33273 -17.08623 0.00107 -16.33416 -17.08817 0.00108 -16.33492 -17.08969 0.00108 -16.33606 
7777.910756 1.9802 -6.517 0.634 1.202 18.51 -10.864 MSCL2_1701240053 -17.08162 0.00158 -16.33347 -17.08592 0.00157 -16.33563 -17.08881 0.00157 -16.33735 -17.09090 0.00107 -16.33872 -17.09250 0.00107 -16.33972 
7777.911381 1.9694 -6.523 2.002 0.604 18.87 -10.834 MSCL2_1701240054 -17.08571 0.00159 -16.33554 -17.08986 0.00159 -16.33771 -17.09261 0.00158 -16.33942 -17.09469 0.00158 -16.34071 -17.09628 0.00106 -16.34139 
7777.912006 1.9588 -6.516 1.591 0.304 20.83 -10.606 MSCL2_1701240055 -17.08163 0.00161 -16.33537 -17.08753 0.00160 -16.33826 -17.09143 0.00160 -16.34023 -17.09414 0.00160 -16.34196 -17.09643 0.00160 -16.34344 
7777.912642 1.9482 -6.519 0.894 1.452 19.67 -10.719 MSCL2_1701240056 -17.07759 0.00103 -16.33475 -17.08347 0.00104 -16.33762 -17.08756 0.00104 -16.33972 -17.09025 0.00104 -16.34145 -17.09242 0.00105 -16.34250 
7777.913278 1.9376 -6.512 1.628 1.511 18.95 -10.852 MSCL2_1701240057 -17.08488 0.00103 -16.33691 -17.08985 0.00103 -16.33926 -17.09327 0.00103 -16.34072 -17.09570 0.00104 -16.34226 -17.09764 0.00104 -16.34306 
7777.913903 1.9274 -6.502 1.595 0.454 18.71 -10.860 MSCL2_1701240058 -17.08441 0.00102 -16.33531 -17.08833 0.00102 -16.33715 -17.09100 0.00102 -16.33870 -17.09275 0.00103 -16.33963 -17.09415 0.00103 -16.34018 
7777.914540 1.9172 -6.495 -0.176 0.060 19.98 -10.796 MSCL2_1701240059 -17.08317 0.00101 -16.33198 -17.08750 0.00101 -16.33400 -17.09053 0.00102 -16.33557 -17.09270 0.00102 -16.33672 -17.09438 0.00102 -16.33833 
7777.915165 1.9072 -6.484 2.337 1.645 19.41 -10.803 MSCL2_1701240060 -17.08603 0.00100 -16.33673 -17.09051 0.00101 -16.33882 -17.09346 0.00101 -16.34085 -17.09567 0.00101 -16.34194 -17.09722 0.00102 -16.34307 
7777.915790 1.8974 -6.482 0.734 1.250 18.73 -10.900 MSCL2_1701240061 -17.08616 0.00100 -16.33810 -17.09052 0.00100 -16.34041 -17.09353 0.00100 -16.34204 -17.09577 0.00101 -16.34338 -17.09733 0.00101 -16.34430 
7777.916427 1.8875 -6.485 1.113 0.150 18.47 -10.997 MSCL2_1701240062 -17.08964 0.00099 -16.34204 -17.09286 0.00099 -16.34363 -17.09500 0.00099 -16.34465 -17.09637 0.00100 -16.34537 -17.09763 0.00100 -16.34633 
7777.917052 1.8779 -6.541 1.281 0.362 19.47 -10.825 MSCL2_1701240063 -17.06198 0.00098 -16.30904 -17.06611 0.00099 -16.31090 -17.06883 0.00099 -16.31186 -17.07093 0.00100 -16.31299 -17.07254 0.00100 -16.31368 
7777.917665 1.8685 -6.455 0.562 2.234 18.45 -11.006 MSCL2_1701240064 -17.09290 0.00097 -16.34503 -17.09672 0.00098 -16.34656 -17.09918 0.00098 -16.34816 -17.10099 0.00098 -16.34891 -17.10221 0.00099 -16.34987 
7777.918302 1.8590 -6.451 1.601 -0.058 20.23 -10.675 MSCL2_1701240065 -17.08939 0.00097 -16.34116 -17.09452 0.00097 -16.34357 -17.09784 0.00097 -16.34524 -17.10019 0.00098 -16.34684 -17.10206 0.00098 -16.34817 
7777.918938 1.8495 -6.444 0.425 1.086 18.38 -10.872 MSCL2_1701240066 -17.09233 0.00096 -16.34528 -17.09684 0.00096 -16.34742 -17.09983 0.00097 -16.34910 -17.10197 0.00097 -16.35038 -17.10354 0.00097 -16.35127 
7777.919563 1.8404 -6.639 2.317 -0.341 19.64 -10.633 MSCL2_1701240067 -16.99863 0.00097 -16.25340 -17.00468 0.00097 -16.25573 -17.00864 0.00098 -16.25781 -17.01142 0.00098 -16.25917 -17.01342 0.00099 -16.26042 
7777.920200 1.8311 -6.860 -0.091 1.461 18.44 -10.630 MSCL2_1701240068 -16.83690 0.00099 -16.07473 -16.84262 0.00100 -16.07776 -16.84637 0.00101 -16.07980 -16.84907 0.00101 -16.08150 -16.85126 0.00102 -16.08244 
7777.920836 1.8220 -6.435 1.042 0.895 18.81 -10.768 MSCL2_1701240069 -17.08919 0.00094 -16.34393 -17.09538 0.00094 -16.34694 -17.09963 0.00095 -16.34922 -17.10258 0.00095 -16.35116 -17.10491 0.00096 -16.35252 
7777.921461 1.8132 -6.441 1.602 1.145 19.47 -10.812 MSCL2_1701240070 -17.09549 0.00093 -16.34712 -17.10006 0.00094 -16.34923 -17.10307 0.00094 -16.35071 -17.10514 0.00094 -16.35188 -17.10674 0.00095 -16.35259 
7777.922086 1.8044 -6.416 0.237 1.091 18.28 -10.926 MSCL2_1701240071 -17.09285 0.00093 -16.34819 -17.09778 0.00093 -16.35089 -17.10117 0.00094 -16.35327 -17.10357 0.00094 -16.35473 -17.10535 0.00094 -16.35571 
7777.922700 1.7959 -6.423 1.325 0.514 19.05 -10.813 MSCL2_1701240072 -17.09071 0.00092 -16.34434 -17.09650 0.00093 -16.34706 -17.10029 0.00093 -16.34890 -17.10298 0.00093 -16.35065 -17.10495 0.00094 -16.35205 
7777.923336 1.7872 -6.411 1.248 1.324 19.08 -10.840 MSCL2_1701240073 -17.09885 0.00092 -16.34907 -17.10276 0.00092 -16.35105 -17.10534 0.00092 -16.35277 -17.10720 0.00093 -16.35382 -17.10868 0.00093 -16.35449 
7777.923950 1.7790 -6.410 1.134 0.717 19.54 -10.858 MSCL2_1701240074 -17.09960 0.00091 -16.35075 -17.10357 0.00091 -16.35287 -17.10626 0.00092 -16.35461 -17.10814 0.00092 -16.35593 -17.10970 0.00093 -16.35703 
7777.924575 1.7706 -6.407 0.622 0.509 16.84 -10.975 MSCL2_1701240075 -17.09540 0.00091 -16.34856 -17.10016 0.00091 -16.35129 -17.10340 0.00091 -16.35352 -17.10590 0.00092 -16.35532 -17.10784 0.00092 -16.35657 
7777.925200 1.7623 -6.403 1.033 0.723 18.61 -10.871 MSCL2_1701240076 -17.09645 0.00090 -16.34646 -17.10102 0.00090 -16.34887 -17.10413 0.00091 -16.35069 -17.10645 0.00091 -16.35190 -17.10823 0.00092 -16.35316 
7777.925825 1.7542 -6.407 0.890 0.527 19.39 -10.836 MSCL2_1701240077 -17.09667 0.00090 -16.35016 -17.10096 0.00090 -16.35224 -17.10374 0.00090 -16.35401 -17.10586 0.00091 -16.35548 -17.10764 0.00091 -16.35669 
7777.926450 1.7461 -6.390 1.072 0.973 20.45 -10.665 MSCL2_1701240078 -17.09396 0.00089 -16.34629 -17.09960 0.00089 -16.34882 -17.10342 0.00090 -16.35076 -17.10613 0.00090 -16.35223 -17.10824 0.00090 -16.35365 
7777.927086 1.7380 -6.398 0.915 -0.027 18.13 -10.882 MSCL2_1701240079 -17.09333 0.00089 -16.34629 -17.09831 0.00089 -16.34900 -17.10173 0.00089 -16.35116 -17.10424 0.00090 -16.35233 -17.10618 0.00090 -16.35342 
7777.927711 1.7301 -6.393 0.876 1.091 19.67 -10.806 MSCL2_1701240080 -17.09723 0.00088 -16.34833 -17.10215 0.00088 -16.35067 -17.10539 0.00089 -16.35238 -17.10777 0.00089 -16.35352 -17.10960 0.00089 -16.35457 
7777.928348 1.7221 -6.383 0.735 1.554 18.29 -10.881 MSCL2_1701240081 -17.09834 0.00087 -16.35106 -17.10270 0.00088 -16.35353 -17.10563 0.00088 -16.35563 -17.10798 0.00088 -16.35698 -17.10975 0.00089 -16.35806 
7777.928973 1.7144 -6.383 1.318 -0.858 18.83 -10.918 MSCL2_1701240082 -17.09976 0.00087 -16.35113 -17.10465 0.00087 -16.35340 -17.10797 0.00088 -16.35525 -17.11017 0.00088 -16.35675 -17.11191 0.00088 -16.35791 
7777.929609 1.7066 -6.380 0.407 2.719 19.53 -10.784 MSCL2_1701240083 -17.09827 0.00086 -16.35334 -17.10301 0.00087 -16.35598 -17.10609 0.00087 -16.35765 -17.10850 0.00088 -16.35866 -17.11027 0.00088 -16.35980 
7777.930223 1.6992 -6.374 1.010 -0.848 17.97 -10.968 MSCL2_1701240084 -17.10076 0.00086 -16.35033 -17.10497 0.00086 -16.35206 -17.10797 0.00087 -16.35356 -17.11013 0.00087 -16.35509 -17.11178 0.00087 -16.35617 
7777.930859 1.6916 -6.375 0.769 1.149 18.49 -10.844 MSCL2_1701240085 -17.10020 0.00085 -16.35139 -17.10439 0.00086 -16.35365 -17.10718 0.00086 -16.35499 -17.10916 0.00087 -16.35604 -17.11079 0.00087 -16.35710 
7777.931484 1.6842 -6.374 0.962 1.285 19.38 -10.758 MSCL2_1701240086 -17.09963 0.00085 -16.34957 -17.10448 0.00085 -16.35199 -17.10769 0.00086 -16.35371 -17.11010 0.00086 -16.35486 -17.11190 0.00086 -16.35596 
7777.932121 1.6767 -6.367 0.547 -0.209 18.91 -10.812 MSCL2_1701240087 -17.09734 0.00085 -16.35019 -17.10207 0.00085 -16.35258 -17.10533 0.00085 -16.35445 -17.10767 0.00086 -16.35572 -17.10948 0.00086 -16.35689 
7777.932734 1.6696 -6.352 1.286 1.313 19.95 -10.789 MSCL2_1701240088 -17.09697 0.00084 -16.34798 -17.10166 0.00084 -16.35046 -17.10479 0.00085 -16.35254 -17.10703 0.00085 -16.35398 -17.10868 0.00086 -16.35554 
7777.933359 1.6625 -6.360 -0.273 -0.499 18.33 -10.888 MSCL2_1701240089 -17.09658 0.00084 -16.34696 -17.10113 0.00084 -16.34953 -17.10436 0.00084 -16.35137 -17.10670 0.00085 -16.35282 -17.10861 0.00085 -16.35370 
7777.933984 1.6554 -6.357 2.510 1.289 18.09 -10.920 MSCL2_1701240090 -17.09773 0.00083 -16.34933 -17.10186 0.00084 -16.35174 -17.10465 0.00084 -16.35367 -17.10671 0.00084 -16.35520 -17.10815 0.00085 -16.35638 
7777.934598 1.6485 -6.359 -0.098 0.219 18.59 -10.898 MSCL2_1701240091 -17.09859 0.00083 -16.34887 -17.10229 0.00083 -16.35095 -17.10493 0.00084 -16.35253 -17.10682 0.00084 -16.35348 -17.10820 0.00084 -16.35437 
7777.935234 1.6415 -6.349 0.939 0.133 20.15 -10.797 MSCL2_1701240092 -17.09695 0.00082 -16.35042 -17.10102 0.00083 -16.35289 -17.10390 0.00083 -16.35478 -17.10588 0.00084 -16.35620 -17.10761 0.00084 -16.35735 
7777.935859 1.6346 -6.338 1.464 0.663 19.16 -10.951 MSCL2_1701240093 -17.09880 0.00082 -16.34814 -17.10257 0.00082 -16.34995 -17.10521 0.00083 -16.35109 -17.10719 0.00083 -16.35186 -17.10879 0.00083 -16.35321 
7777.936473 1.6280 -6.326 0.636 0.645 17.87 -11.161 MSCL2_1701240094 -17.10275 0.00081 -16.35292 -17.10580 0.00082 -16.35452 -17.10789 0.00082 -16.35589 -17.10952 0.00083 -16.35707 -17.11075 0.00083 -16.35786 
7777.937098 1.6213 -6.304 0.717 0.720 18.06 -11.104 MSCL2_1701240095 -17.10353 0.00081 -16.35503 -17.10658 0.00081 -16.35633 -17.10866 0.00082 -16.35757 -17.11022 0.00082 -16.35828 -17.11146 0.00083 -16.35905 
7777.937723 1.6146 -6.295 0.818 1.148 19.54 -10.958 MSCL2_1701240096 -17.10008 0.00081 -16.35276 -17.10359 0.00081 -16.35470 -17.10613 0.00081 -16.35644 -17.10801 0.00082 -16.35769 -17.10952 0.00082 -16.35862 
7777.938348 1.6080 -6.305 0.646 -0.666 19.75 -10.991 MSCL2_1701240097 -17.09969 0.00080 -16.35159 -17.10320 0.00081 -16.35376 -17.10564 0.00081 -16.35508 -17.10755 0.00081 -16.35574 -17.10896 0.00082 -16.35651 
7777.938973 1.6015 -6.291 -0.221 1.258 18.19 -11.019 MSCL2_1701240098 -17.09641 0.00080 -16.34820 -17.10022 0.00080 -16.35012 -17.10277 0.00081 -16.35148 -17.10486 0.00081 -16.35265 -17.10645 0.00082 -16.35380 
7777.939609 1.5950 -6.279 0.942 -0.190 18.47 -10.956 MSCL2_1701240099 -17.09840 0.00080 -16.35218 -17.10193 0.00080 -16.35412 -17.10442 0.00080 -16.35577 -17.10622 0.00081 -16.35696 -17.10773 0.00081 -16.35784 
7777.940223 1.5887 -6.254 0.179 0.974 17.95 -11.002 MSCL2_1701240100 -17.09747 0.00079 -16.35261 -17.10124 0.00080 -16.35434 -17.10392 0.00080 -16.35577 -17.10597 0.00080 -16.35677 -17.10755 0.00081 -16.35774 
7777.940859 1.5823 -6.244 0.521 0.188 18.64 -10.981 MSCL2_1701240101 -17.09806 0.00079 -16.35307 -17.10158 0.00079 -16.35481 -17.10407 0.00080 -16.35598 -17.10583 0.00080 -16.35718 -17.10723 0.00080 -16.35810 
7777.941484 1.5761 -6.241 0.049 0.396 19.57 -10.931 MSCL2_1701240102 -17.09746 0.00078 -16.34937 -17.10109 0.00079 -16.35118 -17.10364 0.00079 -16.35279 -17.10548 0.00080 -16.35402 -17.10693 0.00080 -16.35497 
7777.942109 1.5699 -6.225 1.007 1.155 20.01 -10.855 MSCL2_1701240103 -17.09494 0.00078 -16.35102 -17.09877 0.00078 -16.35348 -17.10140 0.00079 -16.35480 -17.10335 0.00079 -16.35597 -17.10487 0.00080 -16.35716 
7777.942734 1.5638 -6.223 0.128 -0.534 17.37 -11.119 MSCL2_1701240104 -17.09406 0.00078 -16.34865 -17.09713 0.00078 -16.34997 -17.09929 0.00079 -16.35138 -17.10084 0.00079 -16.35279 -17.10209 0.00079 -16.35353 
7777.943371 1.5576 -6.208 0.307 1.360 20.10 -10.840 MSCL2_1701240105 -17.09351 0.00077 -16.34851 -17.09723 0.00078 -16.35018 -17.09980 0.00078 -16.35161 -17.10180 0.00079 -16.35285 -17.10336 0.00079 -16.35363 
7777.943996 1.5517 -6.200 0.259 -0.308 18.89 -10.964 MSCL2_1701240106 -17.09424 0.00077 -16.35028 -17.09747 0.00077 -16.35225 -17.09972 0.00078 -16.35333 -17.10138 0.00078 -16.35438 -17.10273 0.00079 -16.35515 
7777.944633 1.5456 -6.202 0.977 0.679 18.21 -11.081 MSCL2_1701240107 -17.09152 0.00077 -16.34879 -17.09474 0.00077 -16.35080 -17.09701 0.00078 -16.35204 -17.09866 0.00078 -16.35268 -17.09996 0.00078 -16.35340 
7777.945258 1.5398 -6.192 0.076 0.970 19.00 -10.992 MSCL2_1701240108 -17.09181 0.00076 -16.35066 -17.09586 0.00077 -16.35290 -17.09863 0.00077 -16.35457 -17.10091 0.00078 -16.35552 -17.10263 0.00078 -16.35663 
7777.945871 1.5341 -6.184 0.961 -0.603 19.04 -10.974 MSCL2_1701240109 -17.09421 0.00076 -16.35368 -17.09757 0.00076 -16.35509 -17.09972 0.00077 -16.35640 -17.10129 0.00077 -16.35747 -17.10275 0.00078 -16.35831 
7777.946496 1.5283 -6.171 0.627 1.644 19.83 -11.032 MSCL2_1701240110 -17.09647 0.00076 -16.35795 -17.09991 0.00076 -16.35990 -17.10225 0.00076 -16.36147 -17.10404 0.00077 -16.36301 -17.10536 0.00077 -16.36382 
7777.947121 1.5226 -6.165 0.075 0.274 19.34 -11.003 MSCL2_1701240111 -17.09488 0.00075 -16.35698 -17.09804 0.00076 -16.35877 -17.10017 0.00076 -16.35998 -17.10178 0.00077 -16.36108 -17.10297 0.00077 -16.36213 
7777.947746 1.5170 -6.164 0.783 -0.261 18.99 -11.063 MSCL2_1701240112 -17.09376 0.00075 -16.35476 -17.09697 0.00076 -16.35660 -17.09914 0.00076 -16.35808 -17.10083 0.00076 -16.35927 -17.10207 0.00077 -16.35967 
7777.948371 1.5114 -6.147 0.421 0.797 18.59 -11.193 MSCL2_1701240113 -17.09451 0.00075 -16.35491 -17.09716 0.00075 -16.35638 -17.09899 0.00076 -16.35772 -17.10048 0.00076 -16.35831 -17.10159 0.00076 -16.35874 
7777.948996 1.5059 -6.139 -0.626 0.493 18.28 -11.134 MSCL2_1701240114 -17.09278 0.00075 -16.35708 -17.09539 0.00075 -16.35850 -17.09729 0.00075 -16.35939 -17.09875 0.00076 -16.36044 -17.09973 0.00076 -16.36097 
7777.949621 1.5005 -6.137 0.744 -0.250 17.60 -11.172 MSCL2_1701240115 -17.08946 0.00074 -16.35327 -17.09244 0.00075 -16.35497 -17.09460 0.00075 -16.35610 -17.09628 0.00075 -16.35713 -17.09755 0.00076 -16.35803 
7777.950258 1.4950 -6.129 0.394 1.001 17.43 -11.259 MSCL2_1701240116 -17.09219 0.00074 -16.35539 -17.09468 0.00074 -16.35691 -17.09648 0.00075 -16.35837 -17.09786 0.00075 -16.35902 -17.09898 0.00076 -16.35973 
7777.950883 1.4896 -6.116 0.354 0.037 18.24 -11.177 MSCL2_1701240117 -17.09412 0.00074 -16.35800 -17.09658 0.00074 -16.35945 -17.09845 0.00074 -16.36080 -17.09989 0.00075 -16.36122 -17.10106 0.00075 -16.36161 
7777.951508 1.4843 -6.132 1.145 0.594 17.94 -11.237 MSCL2_1701240118 -17.07356 0.00074 -16.34332 -17.07599 0.00074 -16.34494 -17.07783 0.00074 -16.34642 -17.07918 0.00075 -16.34737 -17.08033 0.00075 -16.34785 
7777.952144 1.4790 -6.323 -0.229 0.850 17.94 -11.104 MSCL2_1701240119 -16.89435 0.00077 -16.16206 -16.89662 0.00078 -16.16349 -16.89849 0.00078 -16.16476 -16.89995 0.00079 -16.16544 -16.90107 0.00080 -16.16590 
7777.952769 1.4738 -6.974 0.695 0.286 18.26 -10.122 MSCL2_1701240120 -15.97592 0.00112 -15.24260 -15.97829 0.00115 -15.24456 -15.97985 0.00118 -15.24527 -15.98098 0.00122 -15.24579 -15.98228 0.00125 -15.24629 
7777.953393 1.4686 -6.439 0.921 1.207 18.43 -10.917 MSCL2_1701240121 -16.78822 0.00079 -16.04673 -16.79080 0.00080 -16.04824 -16.79258 0.00080 -16.04919 -16.79389 0.00081 -16.04954 -16.79502 0.00082 -16.05020 
7777.954030 1.4635 -6.317 0.492 0.692 17.88 -11.124 MSCL2_1701240122 -16.90038 0.00076 -16.17257 -16.90241 0.00077 -16.17375 -16.90397 0.00077 -16.17413 -16.90516 0.00078 -16.17467 -16.90620 0.00078 -16.17507 
7777.954655 1.4584 -7.092 -0.231 -0.560 18.74 -9.896 MSCL2_1701240123 -15.68303 0.00133 -14.98273 -15.68551 0.00138 -14.98395 -15.68719 0.00142 -14.98526 -15.68800 0.00147 -14.98473 -15.68937 0.00152 -14.98425 
7777.955280 1.4534 -6.481 0.293 1.071 18.43 -10.801 MSCL2_1701240124 -16.69418 0.00081 -15.96484 -16.69669 0.00081 -15.96639 -16.69840 0.00082 -15.96736 -16.69965 0.00083 -15.96875 -16.70072 0.00084 -15.96978 
7777.955916 1.4484 -6.902 0.167 -0.330 18.89 -9.995 MSCL2_1701240125 -15.79204 0.00122 -15.07061 -15.79442 0.00126 -15.07161 -15.79613 0.00130 -15.07213 -15.79738 0.00134 -15.07253 -15.79810 0.00138 -15.07377 
7777.956541 1.4435 -6.535 1.106 0.860 17.69 -10.807 MSCL2_1701240126 -16.55144 0.00084 -15.82238 -16.55371 0.00085 -15.82377 -16.55520 0.00086 -15.82495 -16.55615 0.00088 -15.82579 -16.55695 0.00089 -15.82641 
7777.957178 1.4386 -6.063 -0.343 -0.013 17.55 -11.248 MSCL2_1701240127 -17.07830 0.00071 -16.33923 -17.08079 0.00072 -16.34077 -17.08251 0.00072 -16.34186 -17.08385 0.00072 -16.34257 -17.08488 0.00073 -16.34345 
7777.957803 1.4338 -6.012 0.171 0.542 18.56 -11.180 MSCL2_1701240128 -17.09445 0.00071 -16.36031 -17.09705 0.00071 -16.36173 -17.09893 0.00071 -16.36297 -17.10033 0.00072 -16.36384 -17.10144 0.00072 -16.36446 
7777.958439 1.4289 -6.012 0.323 0.051 18.17 -11.097 MSCL2_1701240129 -17.08625 0.00070 -16.34975 -17.08932 0.00071 -16.35150 -17.09145 0.00071 -16.35298 -17.09301 0.00072 -16.35361 -17.09425 0.00072 -16.35442 
7777.959064 1.4242 -6.227 0.414 0.290 18.28 -10.965 MSCL2_1701240130 -16.87834 0.00074 -16.14886 -16.88099 0.00075 -16.15054 -16.88287 0.00076 -16.15157 -16.88435 0.00076 -16.15209 -16.88538 0.00077 -16.15249 
7777.959689 1.4196 -5.968 0.326 0.856 18.70 -11.191 MSCL2_1701240131 -17.09653 0.00070 -16.35949 -17.09887 0.00070 -16.36063 -17.10051 0.00071 -16.36125 -17.10169 0.00071 -16.36172 -17.10266 0.00072 -16.36206 
7777.960314 1.4149 -5.980 0.542 -0.452 18.42 -11.207 MSCL2_1701240132 -17.08468 0.00070 -16.35155 -17.08743 0.00070 -16.35315 -17.08931 0.00071 -16.35390 -17.09073 0.00071 -16.35503 -17.09182 0.00071 -16.35574 
7777.960939 1.4104 -5.995 -0.521 0.921 18.31 -11.055 MSCL2_1701240133 -17.06494 0.00070 -16.33335 -17.06823 0.00070 -16.33507 -17.07049 0.00071 -16.33632 -17.07207 0.00071 -16.33741 -17.07335 0.00072 -16.33799 
7777.961564 1.4059 -5.954 1.217 -0.305 18.76 -11.120 MSCL2_1701240134 -17.09084 0.00069 -16.35754 -17.09373 0.00070 -16.35917 -17.09569 0.00070 -16.36024 -17.09707 0.00070 -16.36100 -17.09822 0.00071 -16.36171 
7777.962189 1.4014 -5.939 -0.460 0.553 18.54 -11.201 MSCL2_1701240135 -17.09599 0.00069 -16.36270 -17.09831 0.00069 -16.36406 -17.09992 0.00070 -16.36491 -17.10106 0.00070 -16.36581 -17.10206 0.00070 -16.36613 
7777.962803 1.3970 -5.947 0.601 0.957 16.94 -11.456 MSCL2_1701240136 -17.09656 0.00069 -16.36284 -17.09832 0.00069 -16.36377 -17.09953 0.00069 -16.36464 -17.10045 0.00070 -16.36529 -17.10135 0.00070 -16.36593 
7777.963428 1.3926 -5.960 0.364 -0.612 17.25 -11.350 MSCL2_1701240137 -17.09474 0.00069 -16.36084 -17.09693 0.00069 -16.36246 -17.09841 0.00069 -16.36359 -17.09944 0.00070 -16.36429 -17.10032 0.00070 -16.36506 
7777.964053 1.3883 -5.954 -0.019 0.735 18.63 -11.133 MSCL2_1701240138 -17.09304 0.00068 -16.35929 -17.09589 0.00069 -16.36072 -17.09771 0.00069 -16.36186 -17.09916 0.00070 -16.36279 -17.10028 0.00070 -16.36367 
7777.964689 1.3839 -5.939 0.198 0.700 17.70 -11.277 MSCL2_1701240139 -17.09537 0.00068 -16.36339 -17.09730 0.00068 -16.36456 -17.09873 0.00069 -16.36523 -17.09986 0.00069 -16.36561 -17.10077 0.00070 -16.36619 
7777.965314 1.3796 -5.933 0.402 -0.496 18.05 -11.196 MSCL2_1701240140 -17.09068 0.00068 -16.35817 -17.09330 0.00068 -16.35973 -17.09505 0.00069 -16.36085 -17.09642 0.00069 -16.36167 -17.09746 0.00070 -16.36229 
7777.965939 1.3754 -5.932 0.414 0.994 18.13 -11.133 MSCL2_1701240141 -17.08386 0.00068 -16.35139 -17.08699 0.00068 -16.35323 -17.08914 0.00069 -16.35481 -17.09073 0.00069 -16.35569 -17.09199 0.00070 -16.35646 
7777.966553 1.3713 -5.927 0.027 -0.740 17.98 -11.062 MSCL2_1701240142 -17.08233 0.00068 -16.35000 -17.08575 0.00068 -16.35164 -17.08805 0.00068 -16.35302 -17.08990 0.00069 -16.35400 -17.09127 0.00069 -16.35437 
7777.967178 1.3671 -5.922 0.322 1.471 17.71 -11.239 MSCL2_1701240143 -17.08600 0.00067 -16.35236 -17.08827 0.00068 -16.35367 -17.08994 0.00068 -16.35427 -17.09113 0.00069 -16.35508 -17.09210 0.00069 -16.35579 
7777.967803 1.3630 -5.995 0.338 -0.866 17.81 -11.241 MSCL2_1701240144 -17.01474 0.00069 -16.27944 -17.01671 0.00069 -16.28081 -17.01818 0.00069 -16.28186 -17.01933 0.00070 -16.28279 -17.02025 0.00071 -16.28350 
7777.968428 1.3589 -5.903 -0.698 1.257 17.76 -11.355 MSCL2_1701240145 -17.09021 0.00067 -16.35723 -17.09220 0.00067 -16.35844 -17.09361 0.00068 -16.35937 -17.09458 0.00068 -16.36021 -17.09538 0.00069 -16.36044 
7777.969053 1.3549 -5.900 0.107 -0.404 17.59 -11.299 MSCL2_1701240146 -17.09144 0.00067 -16.35791 -17.09345 0.00067 -16.35917 -17.09482 0.00068 -16.36011 -17.09577 0.00068 -16.36090 -17.09672 0.00068 -16.36123 
7777.969678 1.3509 -5.913 0.646 -0.087 17.06 -11.369 MSCL2_1701240147 -17.08352 0.00067 -16.34842 -17.08537 0.00067 -16.34950 -17.08679 0.00068 -16.35064 -17.08770 0.00068 -16.35136 -17.08853 0.00068 -16.35195 
7777.970303 1.3469 -5.881 0.021 0.498 17.90 -11.357 MSCL2_1701240148 -17.09239 0.00066 -16.35855 -17.09441 0.00067 -16.35992 -17.09575 0.00067 -16.36111 -17.09686 0.00068 -16.36166 -17.09781 0.00068 -16.36234 
7777.970928 1.3430 -5.876 0.391 0.460 17.06 -11.337 MSCL2_1701240149 -17.08999 0.00066 -16.35535 -17.09224 0.00067 -16.35658 -17.09384 0.00067 -16.35721 -17.09501 0.00067 -16.35767 -17.09596 0.00068 -16.35835 
7777.971553 1.3391 -5.873 -0.077 0.102 17.38 -11.331 MSCL2_1701240150 -17.08583 0.00066 -16.35181 -17.08787 0.00066 -16.35313 -17.08931 0.00067 -16.35420 -17.09036 0.00067 -16.35471 -17.09123 0.00068 -16.35494 
7777.972178 1.3353 -5.885 0.231 0.413 17.42 -11.201 MSCL2_1701240151 -17.06483 0.00066 -16.33344 -17.06773 0.00067 -16.33521 -17.06984 0.00067 -16.33649 -17.07141 0.00067 -16.33730 -17.07260 0.00068 -16.33803 
7777.972814 1.3314 -5.953 0.354 -0.299 17.32 -11.167 MSCL2_1701240152 -16.98618 0.00068 -16.25450 -16.98867 0.00068 -16.25594 -16.99050 0.00069 -16.25724 -16.99173 0.00069 -16.25808 -16.99275 0.00070 -16.25881 
7777.973451 1.3275 -5.977 -0.556 0.446 17.89 -11.021 MSCL2_1701240153 -16.95073 0.00068 -16.22193 -16.95360 0.00069 -16.22364 -16.95540 0.00069 -16.22487 -16.95682 0.00070 -16.22563 -16.95798 0.00070 -16.22669 
7777.974076 1.3238 -5.833 0.213 -0.106 18.69 -11.003 MSCL2_1701240154 -17.07715 0.00066 -16.34757 -17.08105 0.00066 -16.34940 -17.08375 0.00066 -16.35086 -17.08564 0.00067 -16.35167 -17.08717 0.00067 -16.35252 
7777.974701 1.3201 -5.871 0.000 0.545 17.72 -11.028 MSCL2_1701240155 -17.03229 0.00066 -16.30302 -17.03602 0.00067 -16.30481 -17.03861 0.00067 -16.30633 -17.04041 0.00068 -16.30751 -17.04187 0.00068 -16.30806 
7777.975326 1.3164 -6.311 -0.433 -0.396 17.48 -10.772 MSCL2_1701240156 -16.62648 0.00076 -15.89683 -16.62925 0.00077 -15.89825 -16.63105 0.00078 -15.89930 -16.63219 0.00079 -15.90011 -16.63335 0.00080 -15.90041 
7777.975939 1.3129 -5.931 0.686 0.830 17.54 -11.182 MSCL2_1701240157 -17.00256 0.00067 -16.27273 -17.00508 0.00067 -16.27425 -17.00676 0.00067 -16.27529 -17.00803 0.00068 -16.27597 -17.00902 0.00069 -16.27652 
7777.976564 1.3093 -7.154 79.501 -52.094 17.58 -8.455 MSCL2_1701240158 -13.90906 0.00511 -13.52649 -13.91174 0.00542 -13.53114 -13.91478 0.00572 -13.53294 -13.91620 0.00604 -13.52698 -13.91925 0.00634 -13.52875 
7777.977201 1.3056 -7.117 -201.534 -175.554 23.78 -7.925 MSCL2_1701240159 -13.15194 0.00974 -13.90425 -13.15347 0.01037 -13.90574 -13.15402 0.01102 -13.90625 -13.15810 0.01163 -13.91029 -13.16346 0.01222 -13.91561 
7777.977826 1.3021 -6.909 -2.147 -1.121 18.60 -8.798 MSCL2_1701240160 -14.55213 0.00283 -13.80266 -14.55571 0.00298 -13.80095 -14.55890 0.00313 -13.79907 -14.55971 0.00328 -13.79791 -14.55976 0.00344 -13.79452 
7777.978439 1.2987 -6.673 -3.131 -1.241 18.23 -9.638 MSCL2_1701240161 -15.36322 0.00150 -14.62233 -15.36524 0.00156 -14.62112 -15.36681 0.00162 -14.62174 -15.36775 0.00168 -14.62115 -15.36927 0.00174 -14.62091 
7777.979076 1.2951 -6.059 -3.606 -0.414 18.77 -10.925 MSCL2_1701240162 -16.83234 0.00070 -16.09629 -16.83520 0.00070 -16.09760 -16.83717 0.00071 -16.09931 -16.83872 0.00071 -16.10013 -16.83993 0.00072 -16.10115 
7777.979713 1.2916 -5.747 0.576 0.189 18.58 -11.256 MSCL2_1701240163 -17.09887 0.00064 -16.36484 -17.10131 0.00064 -16.36616 -17.10302 0.00064 -16.36724 -17.10425 0.00065 -16.36816 -17.10542 0.00065 -16.36868 
7777.980338 1.2882 -5.749 -0.448 0.102 17.71 -11.402 MSCL2_1701240164 -17.09878 0.00064 -16.36548 -17.10071 0.00064 -16.36662 -17.10205 0.00064 -16.36745 -17.10314 0.00065 -16.36811 -17.10414 0.00065 -16.36862 
7777.980974 1.2848 -5.746 0.616 -0.335 17.22 -11.317 MSCL2_1701240165 -17.09852 0.00063 -16.36638 -17.10064 0.00064 -16.36787 -17.10206 0.00064 -16.36888 -17.10316 0.00065 -16.36975 -17.10413 0.00065 -16.37046 
7777.981588 1.2815 -5.741 -0.418 0.590 17.12 -11.396 MSCL2_1701240166 -17.10015 0.00063 -16.36729 -17.10211 0.00064 -16.36823 -17.10357 0.00064 -16.36906 -17.10470 0.00064 -16.36967 -17.10568 0.00065 -16.37019 
7777.982213 1.2782 -5.730 -0.023 -0.295 17.63 -11.343 MSCL2_1701240167 -17.09628 0.00063 -16.36296 -17.09845 0.00064 -16.36392 -17.09999 0.00064 -16.36496 -17.10119 0.00064 -16.36573 -17.10206 0.00065 -16.36615 
7777.982838 1.2749 -5.719 0.446 0.306 17.34 -11.430 MSCL2_1701240168 -17.09684 0.00063 -16.36372 -17.09875 0.00063 -16.36485 -17.10016 0.00064 -16.36546 -17.10121 0.00064 -16.36608 -17.10216 0.00065 -16.36637 
7777.983474 1.2716 -5.718 -0.003 0.313 17.13 -11.522 MSCL2_1701240169 -17.09601 0.00063 -16.36083 -17.09763 0.00063 -16.36179 -17.09874 0.00064 -16.36263 -17.09951 0.00064 -16.36348 -17.10025 0.00065 -16.36399 
7777.984099 1.2684 -5.706 -0.429 -0.367 17.03 -11.495 MSCL2_1701240170 -17.09404 0.00063 -16.35895 -17.09585 0.00063 -16.36031 -17.09712 0.00064 -16.36106 -17.09819 0.00064 -16.36172 -17.09911 0.00064 -16.36210 
7777.984736 1.2652 -5.705 0.706 0.624 16.99 -11.466 MSCL2_1701240171 -17.09047 0.00063 -16.35450 -17.09227 0.00063 -16.35554 -17.09362 0.00063 -16.35629 -17.09466 0.00064 -16.35689 -17.09557 0.00064 -16.35739 
7777.985361 1.2620 -5.691 0.303 -0.789 16.97 -11.600 MSCL2_1701240172 -17.08920 0.00063 -16.35505 -17.09075 0.00063 -16.35589 -17.09183 0.00063 -16.35634 -17.09268 0.00064 -16.35692 -17.09339 0.00064 -16.35709 
7777.985997 1.2588 -5.686 -0.681 0.748 17.46 -11.403 MSCL2_1701240173 -17.09323 0.00062 -16.35869 -17.09499 0.00063 -16.35981 -17.09628 0.00063 -16.36061 -17.09728 0.00064 -16.36082 -17.09794 0.00064 -16.36111 
7777.986622 1.2557 -5.684 0.152 0.238 17.56 -11.391 MSCL2_1701240174 -17.08715 0.00062 -16.35436 -17.08926 0.00063 -16.35602 -17.09069 0.00063 -16.35714 -17.09176 0.00064 -16.35793 -17.09267 0.00064 -16.35851 
7777.987247 1.2527 -5.699 0.109 -0.769 17.16 -11.408 MSCL2_1701240175 -17.07897 0.00062 -16.34494 -17.08126 0.00063 -16.34615 -17.08287 0.00063 -16.34717 -17.08410 0.00064 -16.34783 -17.08517 0.00064 -16.34845 
7777.987884 1.2496 -5.746 -0.217 0.398 17.82 -11.348 MSCL2_1701240176 -17.08840 0.00062 -16.35398 -17.09027 0.00063 -16.35502 -17.09163 0.00063 -16.35593 -17.09267 0.00063 -16.35649 -17.09356 0.00064 -16.35695 
7777.988509 1.2465 -5.741 0.121 -0.089 17.18 -11.459 MSCL2_1701240177 -17.10014 0.00062 -16.36477 -17.10200 0.00062 -16.36582 -17.10329 0.00063 -16.36651 -17.10432 0.00063 -16.36685 -17.10518 0.00063 -16.36710 
7777.989145 1.2435 -5.662 0.214 -0.072 17.13 -11.445 MSCL2_1701240178 -17.10173 0.00062 -16.36814 -17.10373 0.00062 -16.36931 -17.10518 0.00062 -16.37035 -17.10632 0.00063 -16.37121 -17.10722 0.00063 -16.37172 
7777.989782 1.2405 -5.648 -0.549 0.471 17.49 -11.318 MSCL2_1701240179 -17.10013 0.00061 -16.36512 -17.10249 0.00062 -16.36634 -17.10413 0.00062 -16.36727 -17.10545 0.00063 -16.36805 -17.10638 0.00063 -16.36890 
7777.990407 1.2376 -5.637 0.077 -0.724 15.95 -11.595 MSCL2_1701240180 -17.10737 0.00061 -16.37059 -17.10905 0.00062 -16.37153 -17.11026 0.00062 -16.37212 -17.11118 0.00062 -16.37267 -17.11195 0.00063 -16.37342 
7777.991032 1.2347 -5.633 0.088 0.317 17.22 -11.438 MSCL2_1701240181 -17.11013 0.00061 -16.37520 -17.11189 0.00061 -16.37644 -17.11317 0.00062 -16.37725 -17.11407 0.00062 -16.37796 -17.11487 0.00063 -16.37855 
7777.991657 1.2318 -5.637 0.032 -0.158 17.16 -11.453 MSCL2_1701240182 -17.11337 0.00061 -16.37897 -17.11483 0.00061 -16.37980 -17.11590 0.00062 -16.38075 -17.11686 0.00062 -16.38144 -17.11752 0.00063 -16.38215 
7777.992294 1.2289 -5.642 -0.322 0.025 17.18 -11.528 MSCL2_1701240183 -17.11321 0.00061 -16.37944 -17.11470 0.00061 -16.38027 -17.11576 0.00062 -16.38094 -17.11654 0.00062 -16.38175 -17.11717 0.00062 -16.38223 
7777.992919 1.2261 -5.642 0.368 0.402 16.88 -11.644 MSCL2_1701240184 -17.11345 0.00061 -16.37993 -17.11497 0.00061 -16.38082 -17.11617 0.00061 -16.38159 -17.11710 0.00062 -16.38229 -17.11783 0.00062 -16.38271 
7777.993554 1.2232 -5.800 0.041 -0.385 16.48 -11.519 MSCL2_1701240185 -16.94738 0.00064 -16.21036 -16.94873 0.00064 -16.21128 -16.94983 0.00065 -16.21225 -16.95069 0.00066 -16.21300 -16.95148 0.00066 -16.21329 
7777.994168 1.2205 -5.629 -0.254 0.445 16.84 -11.604 MSCL2_1701240186 -17.11222 0.00060 -16.37732 -17.11378 0.00061 -16.37824 -17.11490 0.00061 -16.37907 -17.11579 0.00062 -16.37956 -17.11656 0.00062 -16.38014 
7777.994804 1.2177 -5.608 0.037 -0.089 17.86 -11.465 MSCL2_1701240187 -17.11291 0.00060 -16.37806 -17.11446 0.00061 -16.37900 -17.11557 0.00061 -16.37983 -17.11636 0.00061 -16.38045 -17.11713 0.00062 -16.38113 
7777.995429 1.2150 -5.627 -0.104 -0.511 16.24 -11.672 MSCL2_1701240188 -17.11443 0.00060 -16.37853 -17.11584 0.00061 -16.37922 -17.11685 0.00061 -16.37994 -17.11765 0.00061 -16.38043 -17.11829 0.00062 -16.38097 
7777.996043 1.2124 -5.661 0.124 0.430 16.49 -11.644 MSCL2_1701240189 -17.11547 0.00060 -16.37946 -17.11692 0.00060 -16.38035 -17.11797 0.00061 -16.38099 -17.11860 0.00061 -16.38156 -17.11924 0.00062 -16.38206 
7777.996668 1.2097 -5.610 -0.278 -0.244 16.60 -11.720 MSCL2_1701240190 -17.11591 0.00060 -16.37898 -17.11721 0.00060 -16.38012 -17.11816 0.00061 -16.38100 -17.11891 0.00061 -16.38171 -17.11957 0.00062 -16.38232 
7777.997281 1.2071 -5.591 0.363 0.110 16.30 -11.757 MSCL2_1701240191 -17.11592 0.00060 -16.38022 -17.11728 0.00060 -16.38106 -17.11833 0.00061 -16.38177 -17.11912 0.00061 -16.38253 -17.11986 0.00061 -16.38305 
7777.997906 1.2045 -5.588 -0.516 0.063 20.67 -11.263 MSCL2_1701240192 -17.11770 0.00060 -16.38297 -17.11944 0.00060 -16.38388 -17.12065 0.00060 -16.38467 -17.12148 0.00061 -16.38512 -17.12231 0.00061 -16.38546 
7777.998531 1.2019 -5.588 0.309 -0.545 21.18 -11.092 MSCL2_1701240193 -17.11622 0.00060 -16.37907 -17.11845 0.00060 -16.38039 -17.12008 0.00060 -16.38131 -17.12119 0.00061 -16.38228 -17.12194 0.00061 -16.38296 
7777.999156 1.1994 -5.593 -0.553 0.257 20.22 -11.217 MSCL2_1701240194 -17.11692 0.00060 -16.38061 -17.11881 0.00060 -16.38152 -17.12006 0.00060 -16.38224 -17.12099 0.00061 -16.38311 -17.12172 0.00061 -16.38350 
7777.999781 1.1968 -5.593 -0.192 -0.042 21.53 -11.102 MSCL2_1701240195 -17.11730 0.00059 -16.38001 -17.11929 0.00060 -16.38123 -17.12072 0.00060 -16.38207 -17.12179 0.00061 -16.38273 -17.12261 0.00061 -16.38319 
7778.000406 1.1943 -5.577 0.167 -0.216 20.99 -11.169 MSCL2_1701240196 -17.11841 0.00059 -16.38058 -17.12048 0.00060 -16.38160 -17.12189 0.00060 -16.38235 -17.12292 0.00060 -16.38291 -17.12370 0.00061 -16.38330 
7778.001043 1.1918 -5.567 -0.476 0.353 20.75 -11.126 MSCL2_1701240197 -17.11876 0.00059 -16.37926 -17.12101 0.00060 -16.38040 -17.12259 0.00060 -16.38124 -17.12378 0.00060 -16.38185 -17.12463 0.00061 -16.38242 
7778.001679 1.1893 -5.562 -0.278 -0.000 20.78 -11.158 MSCL2_1701240198 -17.11751 0.00059 -16.37849 -17.11969 0.00059 -16.37957 -17.12118 0.00060 -16.38039 -17.12226 0.00060 -16.38084 -17.12321 0.00061 -16.38143 
7778.002304 1.1868 -5.571 -0.014 0.003 21.39 -11.101 MSCL2_1701240199 -17.11862 0.00059 -16.37850 -17.12073 0.00059 -16.37959 -17.12225 0.00060 -16.38019 -17.12334 0.00060 -16.38069 -17.12424 0.00061 -16.38102 
7778.002929 1.1844 -5.564 -0.128 -0.393 20.28 -11.191 MSCL2_1701240200 -17.11843 0.00059 -16.37885 -17.12041 0.00059 -16.38018 -17.12173 0.00060 -16.38088 -17.12277 0.00060 -16.38147 -17.12360 0.00061 -16.38205 
7778.003554 1.1820 -5.559 -0.242 0.000 20.79 -11.266 MSCL2_1701240201 -17.12292 0.00059 -16.38035 -17.12462 0.00059 -16.38146 -17.12576 0.00060 -16.38214 -17.12669 0.00060 -16.38289 -17.12742 0.00060 -16.38327 
7778.004191 1.1796 -5.549 -0.088 -0.036 20.93 -11.257 MSCL2_1701240202 -17.12382 0.00059 -16.38009 -17.12541 0.00059 -16.38126 -17.12656 0.00059 -16.38216 -17.12739 0.00060 -16.38283 -17.12812 0.00060 -16.38325 
7778.004816 1.1772 -5.540 -0.284 0.455 21.02 -11.164 MSCL2_1701240203 -17.12430 0.00059 -16.38187 -17.12653 0.00059 -16.38289 -17.12785 0.00059 -16.38385 -17.12872 0.00060 -16.38429 -17.12948 0.00060 -16.38466 
7778.005452 1.1749 -5.523 -0.024 -0.430 20.04 -11.274 MSCL2_1701240204 -17.12533 0.00058 -16.38219 -17.12727 0.00059 -16.38314 -17.12866 0.00059 -16.38389 -17.12957 0.00060 -16.38445 -17.13044 0.00060 -16.38474 
7778.006089 1.1725 -5.523 -0.434 -0.532 20.06 -11.299 MSCL2_1701240205 -17.12521 0.00058 -16.38056 -17.12694 0.00059 -16.38142 -17.12816 0.00059 -16.38241 -17.12904 0.00059 -16.38341 -17.12981 0.00060 -16.38379 
7778.006702 1.1703 -5.518 0.475 -0.140 20.12 -11.298 MSCL2_1701240206 -17.12566 0.00058 -16.38118 -17.12750 0.00059 -16.38236 -17.12876 0.00059 -16.38312 -17.12964 0.00059 -16.38374 -17.13050 0.00060 -16.38409 
7778.007339 1.1680 -5.512 -0.591 0.090 21.16 -11.199 MSCL2_1701240207 -17.12746 0.00058 -16.37979 -17.12950 0.00058 -16.38110 -17.13093 0.00059 -16.38204 -17.13194 0.00059 -16.38262 -17.13271 0.00060 -16.38308 
7778.007964 1.1657 -5.497 0.016 0.227 20.93 -11.134 MSCL2_1701240208 -17.12775 0.00058 -16.38417 -17.12971 0.00058 -16.38556 -17.13107 0.00059 -16.38660 -17.13208 0.00059 -16.38724 -17.13295 0.00060 -16.38769 
7778.008577 1.1636 -5.482 -0.267 -0.728 20.95 -11.126 MSCL2_1701240209 -17.12740 0.00058 -16.38159 -17.12963 0.00058 -16.38282 -17.13115 0.00059 -16.38360 -17.13229 0.00059 -16.38446 -17.13310 0.00059 -16.38495 
7778.009202 1.1614 -5.489 -0.318 0.471 20.33 -11.229 MSCL2_1701240210 -17.12899 0.00058 -16.38266 -17.13119 0.00058 -16.38402 -17.13278 0.00059 -16.38487 -17.13386 0.00059 -16.38545 -17.13479 0.00059 -16.38611 
7778.009827 1.1592 -5.495 -0.243 -0.028 21.23 -11.161 MSCL2_1701240211 -17.13089 0.00058 -16.38304 -17.13303 0.00058 -16.38451 -17.13452 0.00058 -16.38539 -17.13565 0.00059 -16.38599 -17.13656 0.00059 -16.38648 
7778.010441 1.1571 -5.498 -0.225 -0.511 20.64 -11.227 MSCL2_1701240212 -17.13231 0.00058 -16.38291 -17.13405 0.00058 -16.38420 -17.13536 0.00058 -16.38526 -17.13640 0.00059 -16.38599 -17.13721 0.00059 -16.38664 
7778.011043 1.1550 -5.490 -0.427 0.191 20.58 -11.203 MSCL2_1701240213 -17.13191 0.00058 -16.38261 -17.13399 0.00058 -16.38372 -17.13542 0.00058 -16.38434 -17.13644 0.00059 -16.38500 -17.13724 0.00059 -16.38561 
7778.011679 1.1529 -5.551 0.021 -0.229 20.36 -11.268 MSCL2_1701240214 -17.13396 0.00058 -16.38471 -17.13606 0.00058 -16.38599 -17.13744 0.00058 -16.38698 -17.13859 0.00059 -16.38758 -17.13948 0.00059 -16.38803 
7778.012304 1.1508 -5.514 0.137 -0.469 21.05 -11.183 MSCL2_1701240215 -17.13364 0.00057 -16.38174 -17.13554 0.00058 -16.38256 -17.13687 0.00058 -16.38356 -17.13789 0.00058 -16.38415 -17.13874 0.00059 -16.38460 
7778.012929 1.1487 -5.601 -0.368 -0.319 20.62 -11.341 MSCL2_1701240216 -17.13602 0.00057 -16.38298 -17.13781 0.00058 -16.38399 -17.13899 0.00058 -16.38506 -17.13996 0.00058 -16.38573 -17.14083 0.00059 -16.38617 
7778.013554 1.1466 -5.515 -0.335 0.122 21.44 -11.089 MSCL2_1701240217 -17.13344 0.00057 -16.38326 -17.13596 0.00058 -16.38449 -17.13766 0.00058 -16.38523 -17.13906 0.00058 -16.38616 -17.14016 0.00059 -16.38653 
7778.014168 1.1446 -5.495 0.202 -0.173 21.51 -11.068 MSCL2_1701240218 -17.13571 0.00057 -16.38363 -17.13796 0.00057 -16.38480 -17.13955 0.00058 -16.38594 -17.14080 0.00058 -16.38674 -17.14185 0.00059 -16.38727 
7778.014781 1.1427 -5.479 -0.470 -0.414 22.19 -10.965 MSCL2_1701240219 -17.13590 0.00057 -16.38448 -17.13832 0.00057 -16.38574 -17.14002 0.00058 -16.38702 -17.14123 0.00058 -16.38806 -17.14215 0.00059 -16.38865 
7778.015406 1.1407 -5.473 -0.683 0.181 20.01 -11.162 MSCL2_1701240220 -17.13598 0.00057 -16.38436 -17.13825 0.00057 -16.38566 -17.13990 0.00058 -16.38686 -17.14118 0.00058 -16.38738 -17.14218 0.00059 -16.38790 
7778.016043 1.1387 -5.457 0.028 -0.732 20.45 -11.198 MSCL2_1701240221 -17.13701 0.00057 -16.38604 -17.13893 0.00057 -16.38729 -17.14018 0.00058 -16.38821 -17.14124 0.00058 -16.38872 -17.14217 0.00058 -16.38914 
7778.016679 1.1367 -5.439 -0.855 0.542 20.96 -11.260 MSCL2_1701240222 -17.13696 0.00057 -16.38533 -17.13879 0.00057 -16.38628 -17.14011 0.00058 -16.38710 -17.14110 0.00058 -16.38774 -17.14187 0.00058 -16.38813 
7778.017293 1.1348 -5.423 0.304 -0.566 19.77 -11.266 MSCL2_1701240223 -17.13529 0.00057 -16.38331 -17.13748 0.00057 -16.38449 -17.13903 0.00057 -16.38549 -17.14015 0.00058 -16.38628 -17.14104 0.00058 -16.38682 
7778.017918 1.1329 -5.411 -0.283 0.145 20.85 -11.293 MSCL2_1701240224 -17.13799 0.00057 -16.38365 -17.13973 0.00057 -16.38487 -17.14097 0.00057 -16.38552 -17.14194 0.00058 -16.38632 -17.14269 0.00058 -16.38679 
7778.018554 1.1309 -5.401 -0.393 -0.050 20.38 -11.324 MSCL2_1701240225 -17.13711 0.00057 -16.38514 -17.13899 0.00057 -16.38625 -17.14025 0.00057 -16.38699 -17.14114 0.00058 -16.38787 -17.14195 0.00058 -16.38870 
7778.019179 1.1291 -5.376 -0.339 -0.605 19.97 -11.264 MSCL2_1701240226 -17.13549 0.00057 -16.38465 -17.13782 0.00057 -16.38571 -17.13939 0.00057 -16.38673 -17.14053 0.00058 -16.38736 -17.14136 0.00058 -16.38789 
7778.019793 1.1272 -5.374 -0.190 0.037 20.61 -11.139 MSCL2_1701240227 -17.13615 0.00056 -16.38449 -17.13858 0.00057 -16.38589 -17.14017 0.00057 -16.38687 -17.14144 0.00058 -16.38772 -17.14250 0.00058 -16.38808 
7778.020429 1.1254 -5.360 -0.338 -0.393 20.59 -11.157 MSCL2_1701240228 -17.13640 0.00056 -16.38603 -17.13859 0.00057 -16.38756 -17.14005 0.00057 -16.38858 -17.14117 0.00057 -16.38918 -17.14221 0.00058 -16.38974 
7778.021054 1.1236 -5.361 -1.099 0.151 20.24 -11.135 MSCL2_1701240229 -17.13607 0.00056 -16.38477 -17.13853 0.00057 -16.38589 -17.14023 0.00057 -16.38696 -17.14155 0.00057 -16.38765 -17.14248 0.00058 -16.38819 
7778.021668 1.1218 -5.348 0.723 -0.807 20.53 -11.118 MSCL2_1701240230 -17.13775 0.00056 -16.38760 -17.14011 0.00057 -16.38892 -17.14168 0.00057 -16.38982 -17.14285 0.00057 -16.39054 -17.14380 0.00058 -16.39096 
7778.022304 1.1200 -5.334 -1.171 -0.063 19.86 -11.269 MSCL2_1701240231 -17.14077 0.00056 -16.38966 -17.14255 0.00056 -16.39046 -17.14377 0.00057 -16.39123 -17.14472 0.00057 -16.39149 -17.14552 0.00058 -16.39182 
7778.022918 1.1182 -5.334 0.332 -0.058 20.18 -11.217 MSCL2_1701240232 -17.14044 0.00056 -16.38724 -17.14239 0.00056 -16.38833 -17.14368 0.00057 -16.38911 -17.14473 0.00057 -16.38988 -17.14559 0.00057 -16.39028 
7778.023554 1.1165 -5.342 -0.172 -0.280 20.89 -11.077 MSCL2_1701240233 -17.13989 0.00056 -16.38821 -17.14181 0.00056 -16.38932 -17.14305 0.00057 -16.39037 -17.14406 0.00057 -16.39103 -17.14489 0.00058 -16.39154 
7778.024179 1.1147 -5.328 -0.556 0.113 20.89 -11.052 MSCL2_1701240234 -17.14026 0.00056 -16.38827 -17.14204 0.00056 -16.38947 -17.14328 0.00057 -16.39027 -17.14415 0.00057 -16.39071 -17.14490 0.00058 -16.39109 
7778.024804 1.1130 -5.320 -0.054 -0.277 20.25 -11.285 MSCL2_1701240235 -17.13816 0.00056 -16.38558 -17.14008 0.00056 -16.38679 -17.14145 0.00057 -16.38776 -17.14246 0.00057 -16.38837 -17.14328 0.00057 -16.38893 
7778.025418 1.1114 -5.316 -0.556 -0.362 20.76 -11.145 MSCL2_1701240236 -17.13661 0.00056 -16.38374 -17.13898 0.00056 -16.38499 -17.14036 0.00057 -16.38596 -17.14152 0.00057 -16.38649 -17.14243 0.00057 -16.38692 
7778.026043 1.1097 -5.318 -0.234 0.019 20.86 -11.220 MSCL2_1701240237 -17.13749 0.00056 -16.38608 -17.13925 0.00056 -16.38693 -17.14064 0.00056 -16.38797 -17.14165 0.00057 -16.38833 -17.14250 0.00057 -16.38873 
7778.026668 1.1081 -5.300 -0.448 -0.603 20.87 -11.261 MSCL2_1701240238 -17.13730 0.00056 -16.38618 -17.13922 0.00056 -16.38729 -17.14057 0.00056 -16.38813 -17.14166 0.00057 -16.38876 -17.14246 0.00057 -16.38940 
7778.027293 1.1064 -5.286 -0.360 0.480 20.01 -11.294 MSCL2_1701240239 -17.13851 0.00056 -16.38682 -17.14038 0.00056 -16.38809 -17.14183 0.00056 -16.38893 -17.14290 0.00057 -16.38948 -17.14375 0.00057 -16.39017 
7778.027929 1.1048 -5.423 -0.459 -0.617 21.06 -11.164 MSCL2_1701240240 -17.13794 0.00056 -16.38614 -17.14015 0.00056 -16.38732 -17.14166 0.00056 -16.38830 -17.14282 0.00057 -16.38901 -17.14378 0.00057 -16.38949 
7778.028554 1.1032 -5.292 0.133 -0.433 21.60 -11.175 MSCL2_1701240241 -17.13871 0.00056 -16.38754 -17.14081 0.00056 -16.38867 -17.14218 0.00056 -16.38945 -17.14314 0.00057 -16.38996 -17.14401 0.00057 -16.39041 
7778.029179 1.1016 -5.267 -0.860 -0.111 21.69 -11.223 MSCL2_1701240242 -17.14241 0.00055 -16.38978 -17.14426 0.00056 -16.39086 -17.14561 0.00056 -16.39172 -17.14654 0.00056 -16.39229 -17.14735 0.00057 -16.39275 
7778.029804 1.1000 -5.265 -0.123 0.018 22.48 -11.080 MSCL2_1701240243 -17.14215 0.00055 -16.38911 -17.14426 0.00056 -16.39010 -17.14571 0.00056 -16.39128 -17.14686 0.00056 -16.39205 -17.14789 0.00057 -16.39257 
7778.030429 1.0985 -5.254 -0.520 -0.426 20.74 -11.184 MSCL2_1701240244 -17.14161 0.00055 -16.39131 -17.14387 0.00056 -16.39276 -17.14539 0.00056 -16.39353 -17.14648 0.00056 -16.39425 -17.14733 0.00057 -16.39477 
7778.031054 1.0969 -5.244 -0.488 -0.128 21.81 -11.039 MSCL2_1701240245 -17.13894 0.00055 -16.38662 -17.14148 0.00056 -16.38788 -17.14314 0.00056 -16.38899 -17.14440 0.00056 -16.38978 -17.14544 0.00057 -16.39035 
7778.031679 1.0954 -5.250 0.009 -0.408 20.30 -11.228 MSCL2_1701240246 -17.14137 0.00055 -16.39038 -17.14368 0.00055 -16.39154 -17.14523 0.00056 -16.39246 -17.14635 0.00056 -16.39290 -17.14730 0.00057 -16.39329 
7778.032304 1.0939 -5.247 -1.302 0.368 21.39 -10.934 MSCL2_1701240247 -17.14087 0.00055 -16.38941 -17.14393 0.00055 -16.39093 -17.14598 0.00056 -16.39213 -17.14749 0.00056 -16.39291 -17.14859 0.00057 -16.39365 
7778.032929 1.0924 -5.239 -0.627 -1.271 20.86 -11.062 MSCL2_1701240248 -17.14271 0.00055 -16.39106 -17.14506 0.00055 -16.39213 -17.14659 0.00056 -16.39293 -17.14767 0.00056 -16.39358 -17.14853 0.00057 -16.39403 
7778.033566 1.0909 -5.230 0.227 0.383 20.84 -11.193 MSCL2_1701240249 -17.14385 0.00055 -16.39190 -17.14574 0.00055 -16.39310 -17.14698 0.00056 -16.39413 -17.14792 0.00056 -16.39445 -17.14872 0.00056 -16.39493 
7778.034190 1.0895 -5.232 -0.459 -1.221 19.92 -11.250 MSCL2_1701240250 -17.14284 0.00055 -16.39031 -17.14501 0.00055 -16.39148 -17.14653 0.00056 -16.39243 -17.14766 0.00056 -16.39315 -17.14865 0.00056 -16.39336 
7778.034815 1.0881 -5.231 -0.371 0.365 21.03 -11.119 MSCL2_1701240251 -17.14075 0.00055 -16.39051 -17.14326 0.00055 -16.39172 -17.14494 0.00056 -16.39262 -17.14615 0.00056 -16.39338 -17.14715 0.00056 -16.39387 
7778.035440 1.0866 -5.234 -0.188 -0.423 21.67 -11.088 MSCL2_1701240252 -17.14179 0.00055 -16.39051 -17.14444 0.00055 -16.39185 -17.14614 0.00056 -16.39280 -17.14731 0.00056 -16.39346 -17.14829 0.00056 -16.39382 
7778.036076 1.0852 -5.221 -0.551 -0.275 20.73 -11.105 MSCL2_1701240253 -17.13911 0.00055 -16.38967 -17.14174 0.00055 -16.39096 -17.14346 0.00056 -16.39203 -17.14469 0.00056 -16.39277 -17.14575 0.00056 -16.39335 
7778.036701 1.0838 -5.199 -0.771 -0.419 19.85 -11.148 MSCL2_1701240254 -17.14054 0.00055 -16.39027 -17.14346 0.00055 -16.39189 -17.14552 0.00055 -16.39321 -17.14696 0.00056 -16.39416 -17.14811 0.00056 -16.39520 
7778.037338 1.0824 -5.205 0.301 -0.087 20.22 -11.216 MSCL2_1701240255 -17.14144 0.00055 -16.38966 -17.14370 0.00055 -16.39090 -17.14525 0.00055 -16.39190 -17.14636 0.00056 -16.39257 -17.14734 0.00056 -16.39300 
7778.037951 1.0811 -5.212 -0.634 -0.674 21.04 -11.204 MSCL2_1701240256 -17.13970 0.00055 -16.38929 -17.14208 0.00055 -16.39045 -17.14366 0.00055 -16.39138 -17.14492 0.00056 -16.39205 -17.14582 0.00056 -16.39261 
7778.038588 1.0798 -5.248 -0.450 0.085 21.22 -11.135 MSCL2_1701240257 -17.14049 0.00055 -16.38936 -17.14283 0.00055 -16.39057 -17.14438 0.00055 -16.39161 -17.14554 0.00056 -16.39257 -17.14647 0.00056 -16.39325 
7778.039213 1.0784 -5.298 -0.785 -0.092 22.50 -10.939 MSCL2_1701240258 -17.14066 0.00055 -16.38850 -17.14344 0.00055 -16.38999 -17.14537 0.00055 -16.39112 -17.14666 0.00056 -16.39189 -17.14778 0.00056 -16.39249 
7778.039838 1.0771 -5.205 -0.421 -0.927 21.74 -11.013 MSCL2_1701240259 -17.14114 0.00055 -16.39120 -17.14402 0.00055 -16.39280 -17.14594 0.00055 -16.39384 -17.14739 0.00056 -16.39494 -17.14848 0.00056 -16.39554 
7778.040474 1.0758 -5.185 -0.667 -0.046 19.53 -11.176 MSCL2_1701240260 -17.14221 0.00055 -16.39029 -17.14478 0.00055 -16.39192 -17.14650 0.00055 -16.39284 -17.14773 0.00056 -16.39368 -17.14874 0.00056 -16.39444 
7778.041099 1.0745 -5.173 -0.364 -0.678 20.74 -11.106 MSCL2_1701240261 -17.14365 0.00054 -16.39271 -17.14585 0.00055 -16.39406 -17.14736 0.00055 -16.39505 -17.14848 0.00056 -16.39546 -17.14945 0.00056 -16.39574 
7778.041724 1.0733 -5.162 -0.290 -0.327 20.11 -11.202 MSCL2_1701240262 -17.14132 0.00054 -16.39242 -17.14401 0.00055 -16.39395 -17.14587 0.00055 -16.39528 -17.14728 0.00056 -16.39616 -17.14840 0.00056 -16.39681 
7778.042361 1.0720 -5.144 -0.411 -0.298 20.82 -11.167 MSCL2_1701240263 -17.14346 0.00054 -16.39244 -17.14600 0.00055 -16.39361 -17.14771 0.00055 -16.39464 -17.14894 0.00055 -16.39523 -17.14991 0.00056 -16.39597 
7778.042986 1.0708 -5.122 -0.206 -0.078 20.78 -11.263 MSCL2_1701240264 -17.14250 0.00054 -16.39076 -17.14457 0.00055 -16.39182 -17.14601 0.00055 -16.39274 -17.14708 0.00055 -16.39355 -17.14795 0.00056 -16.39395 
7778.043611 1.0696 -5.097 -0.885 -0.722 20.30 -11.304 MSCL2_1701240265 -17.14393 0.00054 -16.39063 -17.14602 0.00055 -16.39174 -17.14740 0.00055 -16.39239 -17.14839 0.00055 -16.39295 -17.14923 0.00056 -16.39358 
7778.044236 1.0684 -5.101 -0.388 0.190 21.02 -11.163 MSCL2_1701240266 -17.14305 0.00054 -16.39216 -17.14532 0.00055 -16.39354 -17.14688 0.00055 -16.39442 -17.14805 0.00055 -16.39509 -17.14899 0.00056 -16.39549 
7778.044861 1.0672 -5.095 -0.594 -0.693 20.70 -11.316 MSCL2_1701240267 -17.14416 0.00054 -16.39271 -17.14626 0.00054 -16.39384 -17.14776 0.00055 -16.39478 -17.14884 0.00055 -16.39552 -17.14970 0.00056 -16.39620 
7778.045486 1.0660 -5.090 -0.598 -0.552 20.34 -11.317 MSCL2_1701240268 -17.14283 0.00054 -16.39087 -17.14501 0.00054 -16.39203 -17.14648 0.00055 -16.39271 -17.14768 0.00055 -16.39333 -17.14858 0.00056 -16.39381 
7778.046111 1.0649 -5.081 -0.223 -0.080 21.38 -11.186 MSCL2_1701240269 -17.14231 0.00054 -16.38995 -17.14462 0.00054 -16.39133 -17.14623 0.00055 -16.39221 -17.14743 0.00055 -16.39276 -17.14850 0.00056 -16.39315 
7778.046736 1.0638 -5.057 -0.646 -0.355 21.08 -11.248 MSCL2_1701240270 -17.14311 0.00054 -16.39230 -17.14530 0.00054 -16.39356 -17.14675 0.00055 -16.39436 -17.14777 0.00055 -16.39517 -17.14860 0.00055 -16.39586 
7778.047373 1.0626 -5.050 -0.484 -0.351 21.05 -11.093 MSCL2_1701240271 -17.14098 0.00054 -16.38959 -17.14316 0.00054 -16.39076 -17.14468 0.00055 -16.39169 -17.14574 0.00055 -16.39236 -17.14669 0.00056 -16.39292 
7778.047998 1.0615 -5.048 -0.456 -0.430 21.25 -10.975 MSCL2_1701240272 -17.13985 0.00054 -16.38827 -17.14264 0.00054 -16.38961 -17.14452 0.00055 -16.39074 -17.14593 0.00055 -16.39141 -17.14708 0.00056 -16.39224 
7778.048611 1.0604 -5.031 -0.330 -0.241 20.77 -11.159 MSCL2_1701240273 -17.13900 0.00054 -16.38920 -17.14171 0.00054 -16.39068 -17.14363 0.00055 -16.39161 -17.14501 0.00055 -16.39252 -17.14603 0.00056 -16.39322 
7778.049236 1.0594 -5.031 -1.369 -0.714 21.97 -10.889 MSCL2_1701240274 -17.13971 0.00054 -16.38856 -17.14273 0.00054 -16.39009 -17.14469 0.00055 -16.39111 -17.14604 0.00055 -16.39186 -17.14719 0.00055 -16.39256 
7778.049861 1.0583 -5.043 -0.078 -0.608 21.96 -11.034 MSCL2_1701240275 -17.14138 0.00054 -16.38896 -17.14375 0.00054 -16.39018 -17.14531 0.00055 -16.39129 -17.14652 0.00055 -16.39206 -17.14744 0.00055 -16.39266 
7778.050486 1.0572 -5.040 -0.373 0.044 20.38 -11.077 MSCL2_1701240276 -17.13981 0.00054 -16.38867 -17.14263 0.00054 -16.38993 -17.14450 0.00055 -16.39091 -17.14583 0.00055 -16.39184 -17.14689 0.00055 -16.39239 
7778.051123 1.0562 -5.020 -0.524 -1.203 20.67 -11.221 MSCL2_1701240277 -17.14329 0.00054 -16.39221 -17.14536 0.00054 -16.39343 -17.14675 0.00054 -16.39425 -17.14784 0.00055 -16.39506 -17.14869 0.00055 -16.39580 
7778.051736 1.0552 -5.008 -0.755 0.002 20.52 -11.200 MSCL2_1701240278 -17.14370 0.00054 -16.39030 -17.14583 0.00054 -16.39170 -17.14732 0.00054 -16.39261 -17.14842 0.00055 -16.39332 -17.14931 0.00055 -16.39409 
7778.052361 1.0542 -5.004 -0.569 -0.513 21.30 -11.078 MSCL2_1701240279 -17.14305 0.00054 -16.39025 -17.14517 0.00054 -16.39150 -17.14663 0.00054 -16.39206 -17.14779 0.00055 -16.39273 -17.14865 0.00055 -16.39306 
7778.052986 1.0532 -5.009 0.053 -0.269 19.99 -11.177 MSCL2_1701240280 -17.14144 0.00054 -16.38965 -17.14360 0.00054 -16.39099 -17.14508 0.00054 -16.39226 -17.14615 0.00055 -16.39301 -17.14700 0.00055 -16.39354 
7778.053623 1.0522 -4.994 -0.769 -0.611 21.61 -11.141 MSCL2_1701240281 -17.14236 0.00054 -16.39040 -17.14438 0.00054 -16.39125 -17.14579 0.00054 -16.39183 -17.14682 0.00055 -16.39224 -17.14765 0.00055 -16.39252 
7778.054259 1.0512 -4.995 -0.447 -0.956 20.50 -11.188 MSCL2_1701240282 -17.14300 0.00054 -16.38962 -17.14495 0.00054 -16.39071 -17.14630 0.00054 -16.39159 -17.14729 0.00055 -16.39235 -17.14815 0.00055 -16.39296 
7778.054884 1.0503 -4.981 -0.279 0.360 21.09 -11.223 MSCL2_1701240283 -17.14372 0.00054 -16.39068 -17.14577 0.00054 -16.39181 -17.14722 0.00054 -16.39279 -17.14834 0.00055 -16.39336 -17.14918 0.00055 -16.39397 
7778.055509 1.0493 -4.972 -0.330 -1.039 20.77 -11.198 MSCL2_1701240284 -17.14306 0.00054 -16.39241 -17.14531 0.00054 -16.39355 -17.14689 0.00054 -16.39454 -17.14800 0.00055 -16.39544 -17.14894 0.00055 -16.39590 
7778.056134 1.0484 -4.974 -0.965 0.152 20.13 -11.304 MSCL2_1701240285 -17.14651 0.00053 -16.39174 -17.14832 0.00054 -16.39280 -17.14964 0.00054 -16.39361 -17.15070 0.00054 -16.39424 -17.15153 0.00055 -16.39432 
7778.056759 1.0475 -4.963 -0.196 -1.508 21.81 -10.993 MSCL2_1701240286 -17.14546 0.00053 -16.39366 -17.14783 0.00054 -16.39479 -17.14944 0.00054 -16.39598 -17.15056 0.00054 -16.39667 -17.15149 0.00055 -16.39704 
7778.057384 1.0466 -4.961 -1.191 0.999 21.18 -11.185 MSCL2_1701240287 -17.14672 0.00053 -16.39435 -17.14904 0.00054 -16.39565 -17.15073 0.00054 -16.39681 -17.15203 0.00054 -16.39757 -17.15305 0.00055 -16.39826 
7778.058009 1.0457 -4.958 -0.655 -1.150 21.37 -11.037 MSCL2_1701240288 -17.14663 0.00053 -16.39467 -17.14890 0.00054 -16.39604 -17.15045 0.00054 -16.39707 -17.15161 0.00054 -16.39816 -17.15246 0.00055 -16.39871 
7778.058646 1.0449 -4.932 -0.118 -0.581 20.01 -11.444 MSCL2_1701240289 -17.14945 0.00053 -16.39740 -17.15125 0.00054 -16.39844 -17.15251 0.00054 -16.39927 -17.15344 0.00054 -16.40000 -17.15425 0.00055 -16.40053 
7778.059282 1.0440 -4.936 -0.954 -0.062 21.18 -11.055 MSCL2_1701240290 -17.14744 0.00053 -16.39604 -17.14961 0.00054 -16.39706 -17.15112 0.00054 -16.39798 -17.15218 0.00054 -16.39858 -17.15310 0.00055 -16.39916 
7778.059907 1.0431 -4.940 0.397 -1.601 19.76 -11.330 MSCL2_1701240291 -17.14794 0.00053 -16.39627 -17.14963 0.00054 -16.39715 -17.15083 0.00054 -16.39775 -17.15168 0.00054 -16.39865 -17.15237 0.00055 -16.39907 
7778.060532 1.0423 -4.937 -0.671 0.032 20.92 -11.449 MSCL2_1701240292 -17.14809 0.00053 -16.39437 -17.14959 0.00054 -16.39531 -17.15070 0.00054 -16.39599 -17.15159 0.00054 -16.39662 -17.15236 0.00055 -16.39710 
7778.061157 1.0415 -4.922 -0.495 -0.661 21.07 -11.246 MSCL2_1701240293 -17.14721 0.00053 -16.39411 -17.14897 0.00054 -16.39499 -17.15023 0.00054 -16.39579 -17.15120 0.00054 -16.39651 -17.15201 0.00055 -16.39692 
7778.061794 1.0407 -4.930 -0.568 -0.400 20.92 -11.048 MSCL2_1701240294 -17.14602 0.00053 -16.39372 -17.14793 0.00054 -16.39466 -17.14931 0.00054 -16.39543 -17.15036 0.00054 -16.39600 -17.15112 0.00055 -16.39627 
7778.062396 1.0399 -4.987 -1.020 -1.013 21.06 -11.043 MSCL2_1701240295 -17.14469 0.00053 -16.39203 -17.14668 0.00054 -16.39308 -17.14814 0.00054 -16.39409 -17.14927 0.00054 -16.39478 -17.15017 0.00055 -16.39523 
7778.063032 1.0392 -5.029 -0.092 -0.651 20.70 -11.167 MSCL2_1701240296 -17.14578 0.00053 -16.39417 -17.14766 0.00054 -16.39531 -17.14904 0.00054 -16.39619 -17.15011 0.00054 -16.39678 -17.15094 0.00055 -16.39744 
7778.063657 1.0384 -4.916 -0.441 -0.311 20.84 -11.322 MSCL2_1701240297 -17.14653 0.00053 -16.39276 -17.14834 0.00054 -16.39377 -17.14956 0.00054 -16.39466 -17.15046 0.00054 -16.39506 -17.15133 0.00055 -16.39554 
7778.064294 1.0376 -4.918 -0.591 -0.705 21.16 -11.204 MSCL2_1701240298 -17.14466 0.00053 -16.39272 -17.14666 0.00053 -16.39389 -17.14812 0.00054 -16.39482 -17.14910 0.00054 -16.39564 -17.15001 0.00055 -16.39622 
7778.064919 1.0369 -4.894 -0.341 -0.689 20.73 -11.285 MSCL2_1701240299 -17.14363 0.00053 -16.38968 -17.14524 0.00053 -16.39072 -17.14644 0.00054 -16.39172 -17.14741 0.00054 -16.39238 -17.14809 0.00055 -16.39303 
7778.065555 1.0362 -4.884 -0.155 -0.485 18.91 -11.460 MSCL2_1701240300 -17.14486 0.00053 -16.39149 -17.14636 0.00053 -16.39230 -17.14743 0.00054 -16.39310 -17.14833 0.00054 -16.39357 -17.14903 0.00055 -16.39397 
7778.066180 1.0355 -4.881 -1.043 -0.214 20.27 -11.263 MSCL2_1701240301 -17.14528 0.00053 -16.39397 -17.14705 0.00053 -16.39488 -17.14833 0.00054 -16.39578 -17.14928 0.00054 -16.39621 -17.15011 0.00054 -16.39662 
