# BJD(TDB)-2450000 airmass sky(mag) dx(pix) dy(pix) fwhm(pix) peak(mag) frame mag_t(r=28.0) mag_t-c_err(r=28.0) mag_c(r=28.0) mag_t(r=30.0) mag_t-c_err(r=30.0) mag_c(r=30.0) mag_t(r=32.0) mag_t-c_err(r=32.0) mag_c(r=32.0) mag_t(r=34.0) mag_t-c_err(r=34.0) mag_c(r=34.0) mag_t(r=36.0) mag_t-c_err(r=36.0) mag_c(r=36.0) 
7777.909495 2.0022 -6.553 1.593 1.054 20.01 -10.849 MSCL2_1701240051 -17.08102 0.00174 -15.90761 -17.08479 0.00108 -15.90947 -17.08739 0.00108 -15.91095 -17.08936 0.00108 -15.91217 -17.09084 0.00109 -15.91291 
7777.910120 1.9912 -6.529 1.257 0.148 18.78 -10.932 MSCL2_1701240052 -17.07947 0.00175 -15.90668 -17.08345 0.00175 -15.90865 -17.08623 0.00107 -15.91010 -17.08817 0.00108 -15.91115 -17.08969 0.00108 -15.91216 
7777.910756 1.9802 -6.518 0.634 1.202 19.50 -10.864 MSCL2_1701240053 -17.08162 0.00176 -15.90935 -17.08592 0.00176 -15.91156 -17.08881 0.00175 -15.91337 -17.09090 0.00107 -15.91436 -17.09250 0.00107 -15.91505 
7777.911381 1.9694 -6.523 2.002 0.604 19.71 -10.834 MSCL2_1701240054 -17.08571 0.00178 -15.91143 -17.08986 0.00177 -15.91362 -17.09261 0.00176 -15.91535 -17.09469 0.00176 -15.91645 -17.09628 0.00106 -15.91705 
7777.912006 1.9588 -6.516 1.591 0.304 21.80 -10.606 MSCL2_1701240055 -17.08163 0.00179 -15.91239 -17.08753 0.00179 -15.91512 -17.09143 0.00178 -15.91718 -17.09414 0.00178 -15.91864 -17.09643 0.00178 -15.92007 
7777.912642 1.9482 -6.520 0.894 1.452 20.59 -10.719 MSCL2_1701240056 -17.07759 0.00103 -15.91093 -17.08347 0.00104 -15.91396 -17.08756 0.00104 -15.91606 -17.09025 0.00104 -15.91765 -17.09242 0.00105 -15.91880 
7777.913278 1.9376 -6.512 1.628 1.511 19.82 -10.852 MSCL2_1701240057 -17.08488 0.00103 -15.91458 -17.08985 0.00103 -15.91697 -17.09327 0.00103 -15.91849 -17.09570 0.00104 -15.91999 -17.09764 0.00104 -15.92083 
7777.913903 1.9274 -6.502 1.595 0.454 19.58 -10.860 MSCL2_1701240058 -17.08441 0.00102 -15.91143 -17.08833 0.00102 -15.91320 -17.09100 0.00102 -15.91456 -17.09275 0.00103 -15.91568 -17.09415 0.00103 -15.91627 
7777.914540 1.9172 -6.496 -0.176 0.060 21.00 -10.796 MSCL2_1701240059 -17.08317 0.00101 -15.90941 -17.08750 0.00101 -15.91161 -17.09053 0.00102 -15.91317 -17.09270 0.00102 -15.91428 -17.09438 0.00102 -15.91570 
7777.915165 1.9072 -6.485 2.337 1.645 20.55 -10.803 MSCL2_1701240060 -17.08603 0.00100 -15.91221 -17.09051 0.00101 -15.91429 -17.09346 0.00101 -15.91630 -17.09567 0.00101 -15.91727 -17.09722 0.00102 -15.91820 
7777.915790 1.8974 -6.482 0.734 1.250 19.84 -10.900 MSCL2_1701240061 -17.08616 0.00100 -15.91493 -17.09052 0.00100 -15.91696 -17.09353 0.00100 -15.91867 -17.09577 0.00101 -15.91986 -17.09733 0.00101 -15.92067 
7777.916427 1.8875 -6.485 1.113 0.150 19.60 -10.997 MSCL2_1701240062 -17.08964 0.00099 -15.91887 -17.09286 0.00099 -15.92042 -17.09500 0.00099 -15.92139 -17.09637 0.00100 -15.92208 -17.09763 0.00100 -15.92289 
7777.917052 1.8779 -6.541 1.281 0.362 20.24 -10.825 MSCL2_1701240063 -17.06198 0.00098 -15.88419 -17.06611 0.00099 -15.88592 -17.06883 0.00099 -15.88701 -17.07093 0.00100 -15.88812 -17.07254 0.00100 -15.88885 
7777.917665 1.8685 -6.456 0.562 2.234 19.21 -11.006 MSCL2_1701240064 -17.09290 0.00097 -15.92208 -17.09672 0.00098 -15.92351 -17.09918 0.00098 -15.92495 -17.10099 0.00098 -15.92578 -17.10221 0.00099 -15.92635 
7777.918302 1.8590 -6.452 1.601 -0.058 21.34 -10.675 MSCL2_1701240065 -17.08939 0.00097 -15.91845 -17.09452 0.00097 -15.92088 -17.09784 0.00097 -15.92254 -17.10019 0.00098 -15.92384 -17.10206 0.00098 -15.92496 
7777.918938 1.8495 -6.445 0.425 1.086 19.32 -10.872 MSCL2_1701240066 -17.09233 0.00096 -15.92128 -17.09684 0.00096 -15.92356 -17.09983 0.00097 -15.92514 -17.10197 0.00097 -15.92644 -17.10354 0.00097 -15.92740 
7777.919563 1.8404 -6.641 2.317 -0.341 20.73 -10.633 MSCL2_1701240067 -16.99863 0.00097 -15.82887 -17.00468 0.00097 -15.83107 -17.00864 0.00098 -15.83307 -17.01142 0.00098 -15.83422 -17.01342 0.00099 -15.83527 
7777.920200 1.8311 -6.859 -0.091 1.461 19.45 -10.630 MSCL2_1701240068 -16.83690 0.00099 -15.65141 -16.84262 0.00100 -15.65431 -16.84637 0.00101 -15.65630 -16.84907 0.00101 -15.65838 -16.85126 0.00102 -15.65939 
7777.920836 1.8220 -6.436 1.042 0.895 19.78 -10.768 MSCL2_1701240069 -17.08919 0.00094 -15.92191 -17.09538 0.00094 -15.92466 -17.09963 0.00095 -15.92686 -17.10258 0.00095 -15.92850 -17.10491 0.00096 -15.92987 
7777.921461 1.8132 -6.442 1.602 1.145 20.45 -10.812 MSCL2_1701240070 -17.09549 0.00093 -15.92276 -17.10006 0.00094 -15.92476 -17.10307 0.00094 -15.92616 -17.10514 0.00094 -15.92685 -17.10674 0.00095 -15.92724 
7777.922086 1.8044 -6.418 0.237 1.091 18.89 -10.926 MSCL2_1701240071 -17.09285 0.00093 -15.92453 -17.09778 0.00093 -15.92709 -17.10117 0.00094 -15.92918 -17.10357 0.00094 -15.93071 -17.10535 0.00094 -15.93159 
7777.922700 1.7959 -6.423 1.325 0.514 20.28 -10.813 MSCL2_1701240072 -17.09071 0.00092 -15.92012 -17.09650 0.00093 -15.92281 -17.10029 0.00093 -15.92457 -17.10298 0.00093 -15.92616 -17.10495 0.00094 -15.92768 
7777.923336 1.7872 -6.412 1.248 1.324 20.02 -10.840 MSCL2_1701240073 -17.09885 0.00092 -15.92547 -17.10276 0.00092 -15.92727 -17.10534 0.00092 -15.92901 -17.10720 0.00093 -15.92991 -17.10868 0.00093 -15.93036 
7777.923950 1.7790 -6.411 1.134 0.717 20.55 -10.858 MSCL2_1701240074 -17.09960 0.00091 -15.92660 -17.10357 0.00091 -15.92868 -17.10626 0.00092 -15.93041 -17.10814 0.00092 -15.93178 -17.10970 0.00093 -15.93283 
7777.924575 1.7706 -6.408 0.622 0.509 17.96 -10.975 MSCL2_1701240075 -17.09540 0.00091 -15.92387 -17.10016 0.00091 -15.92648 -17.10340 0.00091 -15.92870 -17.10590 0.00092 -15.93033 -17.10784 0.00092 -15.93144 
7777.925200 1.7623 -6.405 1.033 0.723 19.88 -10.871 MSCL2_1701240076 -17.09645 0.00090 -15.92519 -17.10102 0.00090 -15.92741 -17.10413 0.00091 -15.92901 -17.10645 0.00091 -15.93008 -17.10823 0.00092 -15.93100 
7777.925825 1.7542 -6.409 0.890 0.527 20.33 -10.836 MSCL2_1701240077 -17.09667 0.00090 -15.92597 -17.10096 0.00090 -15.92805 -17.10374 0.00090 -15.92968 -17.10586 0.00091 -15.93095 -17.10764 0.00091 -15.93218 
7777.926450 1.7461 -6.391 1.072 0.973 21.42 -10.665 MSCL2_1701240078 -17.09396 0.00089 -15.92361 -17.09960 0.00089 -15.92606 -17.10342 0.00090 -15.92780 -17.10613 0.00090 -15.92913 -17.10824 0.00090 -15.93047 
7777.927086 1.7380 -6.399 0.915 -0.027 19.37 -10.882 MSCL2_1701240079 -17.09333 0.00089 -15.92269 -17.09831 0.00089 -15.92529 -17.10173 0.00089 -15.92745 -17.10424 0.00090 -15.92875 -17.10618 0.00090 -15.92992 
7777.927711 1.7301 -6.394 0.876 1.091 20.79 -10.806 MSCL2_1701240080 -17.09723 0.00088 -15.92516 -17.10215 0.00088 -15.92746 -17.10539 0.00089 -15.92896 -17.10777 0.00089 -15.93012 -17.10960 0.00089 -15.93114 
7777.928348 1.7221 -6.384 0.735 1.554 19.34 -10.881 MSCL2_1701240081 -17.09834 0.00087 -15.92864 -17.10270 0.00088 -15.93104 -17.10563 0.00088 -15.93314 -17.10798 0.00088 -15.93444 -17.10975 0.00089 -15.93553 
7777.928973 1.7144 -6.383 1.318 -0.858 19.82 -10.918 MSCL2_1701240082 -17.09976 0.00087 -15.92696 -17.10465 0.00087 -15.92896 -17.10797 0.00088 -15.93077 -17.11017 0.00088 -15.93208 -17.11191 0.00088 -15.93310 
7777.929609 1.7066 -6.380 0.407 2.719 20.46 -10.784 MSCL2_1701240083 -17.09827 0.00086 -15.92959 -17.10301 0.00087 -15.93204 -17.10609 0.00087 -15.93368 -17.10850 0.00088 -15.93479 -17.11027 0.00088 -15.93624 
7777.930223 1.6992 -6.374 1.010 -0.848 19.10 -10.968 MSCL2_1701240084 -17.10076 0.00086 -15.92744 -17.10497 0.00086 -15.92909 -17.10797 0.00087 -15.93058 -17.11013 0.00087 -15.93203 -17.11178 0.00087 -15.93294 
7777.930859 1.6916 -6.376 0.769 1.149 19.48 -10.844 MSCL2_1701240085 -17.10020 0.00085 -15.92824 -17.10439 0.00086 -15.93053 -17.10718 0.00086 -15.93195 -17.10916 0.00087 -15.93308 -17.11079 0.00087 -15.93412 
7777.931484 1.6842 -6.375 0.962 1.285 20.52 -10.758 MSCL2_1701240086 -17.09963 0.00085 -15.92378 -17.10448 0.00085 -15.92607 -17.10769 0.00086 -15.92782 -17.11010 0.00086 -15.92884 -17.11190 0.00086 -15.92981 
7777.932121 1.6767 -6.368 0.547 -0.209 19.95 -10.812 MSCL2_1701240087 -17.09734 0.00085 -15.92667 -17.10207 0.00085 -15.92886 -17.10533 0.00085 -15.93052 -17.10767 0.00086 -15.93199 -17.10948 0.00086 -15.93328 
7777.932734 1.6696 -6.353 1.286 1.313 21.04 -10.789 MSCL2_1701240088 -17.09697 0.00084 -15.92442 -17.10166 0.00084 -15.92690 -17.10479 0.00085 -15.92852 -17.10703 0.00085 -15.92991 -17.10868 0.00086 -15.93132 
7777.933359 1.6625 -6.361 -0.273 -0.499 19.39 -10.888 MSCL2_1701240089 -17.09658 0.00084 -15.92393 -17.10113 0.00084 -15.92653 -17.10436 0.00084 -15.92817 -17.10670 0.00085 -15.92969 -17.10861 0.00085 -15.93044 
7777.933984 1.6554 -6.358 2.510 1.289 19.05 -10.920 MSCL2_1701240090 -17.09773 0.00083 -15.92478 -17.10186 0.00084 -15.92706 -17.10465 0.00084 -15.92891 -17.10671 0.00084 -15.93017 -17.10815 0.00085 -15.93110 
7777.934598 1.6485 -6.361 -0.098 0.219 19.50 -10.898 MSCL2_1701240091 -17.09859 0.00083 -15.92418 -17.10229 0.00083 -15.92613 -17.10493 0.00084 -15.92766 -17.10682 0.00084 -15.92860 -17.10820 0.00084 -15.92954 
7777.935234 1.6415 -6.350 0.939 0.133 21.03 -10.797 MSCL2_1701240092 -17.09695 0.00082 -15.92566 -17.10102 0.00083 -15.92804 -17.10390 0.00083 -15.92987 -17.10588 0.00084 -15.93115 -17.10761 0.00084 -15.93223 
7777.935859 1.6346 -6.339 1.464 0.663 19.94 -10.951 MSCL2_1701240093 -17.09880 0.00082 -15.92506 -17.10257 0.00082 -15.92685 -17.10521 0.00083 -15.92810 -17.10719 0.00083 -15.92896 -17.10879 0.00083 -15.93000 
7777.936473 1.6280 -6.328 0.636 0.645 18.70 -11.161 MSCL2_1701240094 -17.10275 0.00081 -15.92872 -17.10580 0.00082 -15.93003 -17.10789 0.00082 -15.93104 -17.10952 0.00083 -15.93208 -17.11075 0.00083 -15.93277 
7777.937098 1.6213 -6.304 0.717 0.720 19.11 -11.104 MSCL2_1701240095 -17.10353 0.00081 -15.93168 -17.10658 0.00081 -15.93313 -17.10866 0.00082 -15.93438 -17.11022 0.00082 -15.93506 -17.11146 0.00083 -15.93589 
7777.937723 1.6146 -6.296 0.818 1.148 20.46 -10.958 MSCL2_1701240096 -17.10008 0.00081 -15.92856 -17.10359 0.00081 -15.93033 -17.10613 0.00081 -15.93204 -17.10801 0.00082 -15.93347 -17.10952 0.00082 -15.93461 
7777.938348 1.6080 -6.306 0.646 -0.666 20.91 -10.991 MSCL2_1701240097 -17.09969 0.00080 -15.92905 -17.10320 0.00081 -15.93121 -17.10564 0.00081 -15.93225 -17.10755 0.00081 -15.93278 -17.10896 0.00082 -15.93349 
7777.938973 1.6015 -6.293 -0.221 1.258 19.18 -11.019 MSCL2_1701240098 -17.09641 0.00080 -15.92308 -17.10022 0.00080 -15.92482 -17.10277 0.00081 -15.92595 -17.10486 0.00081 -15.92705 -17.10645 0.00082 -15.92792 
7777.939609 1.5950 -6.279 0.942 -0.190 19.76 -10.956 MSCL2_1701240099 -17.09840 0.00080 -15.92875 -17.10193 0.00080 -15.93050 -17.10442 0.00080 -15.93209 -17.10622 0.00081 -15.93326 -17.10773 0.00081 -15.93430 
7777.940223 1.5887 -6.255 0.179 0.974 18.93 -11.002 MSCL2_1701240100 -17.09747 0.00079 -15.92950 -17.10124 0.00080 -15.93159 -17.10392 0.00080 -15.93289 -17.10597 0.00080 -15.93396 -17.10755 0.00081 -15.93505 
7777.940859 1.5823 -6.245 0.521 0.188 19.67 -10.981 MSCL2_1701240101 -17.09806 0.00079 -15.92960 -17.10158 0.00079 -15.93130 -17.10407 0.00080 -15.93270 -17.10583 0.00080 -15.93386 -17.10723 0.00080 -15.93453 
7777.941484 1.5761 -6.242 0.049 0.396 20.48 -10.931 MSCL2_1701240102 -17.09746 0.00078 -15.92523 -17.10109 0.00079 -15.92693 -17.10364 0.00079 -15.92851 -17.10548 0.00080 -15.92984 -17.10693 0.00080 -15.93086 
7777.942109 1.5699 -6.226 1.007 1.155 20.96 -10.855 MSCL2_1701240103 -17.09494 0.00078 -15.92664 -17.09877 0.00078 -15.92882 -17.10140 0.00079 -15.93010 -17.10335 0.00079 -15.93119 -17.10487 0.00080 -15.93225 
7777.942734 1.5638 -6.225 0.128 -0.534 18.36 -11.119 MSCL2_1701240104 -17.09406 0.00078 -15.92536 -17.09713 0.00078 -15.92662 -17.09929 0.00079 -15.92791 -17.10084 0.00079 -15.92890 -17.10209 0.00079 -15.92968 
7777.943371 1.5576 -6.209 0.307 1.360 21.27 -10.840 MSCL2_1701240105 -17.09351 0.00077 -15.92445 -17.09723 0.00078 -15.92633 -17.09980 0.00078 -15.92775 -17.10180 0.00079 -15.92924 -17.10336 0.00079 -15.93010 
7777.943996 1.5517 -6.201 0.259 -0.308 19.95 -10.964 MSCL2_1701240106 -17.09424 0.00077 -15.92590 -17.09747 0.00077 -15.92774 -17.09972 0.00078 -15.92882 -17.10138 0.00078 -15.92970 -17.10273 0.00079 -15.93076 
7777.944633 1.5456 -6.203 0.977 0.679 19.43 -11.081 MSCL2_1701240107 -17.09152 0.00077 -15.92437 -17.09474 0.00077 -15.92579 -17.09701 0.00078 -15.92681 -17.09866 0.00078 -15.92732 -17.09996 0.00078 -15.92780 
7777.945258 1.5398 -6.192 0.076 0.970 19.87 -10.992 MSCL2_1701240108 -17.09181 0.00076 -15.92769 -17.09586 0.00077 -15.92988 -17.09863 0.00077 -15.93154 -17.10091 0.00078 -15.93257 -17.10263 0.00078 -15.93349 
7777.945871 1.5341 -6.184 0.961 -0.603 19.84 -10.974 MSCL2_1701240109 -17.09421 0.00076 -15.92955 -17.09757 0.00076 -15.93088 -17.09972 0.00077 -15.93208 -17.10129 0.00077 -15.93301 -17.10275 0.00078 -15.93384 
7777.946496 1.5283 -6.172 0.627 1.644 20.80 -11.032 MSCL2_1701240110 -17.09647 0.00076 -15.93285 -17.09991 0.00076 -15.93471 -17.10225 0.00076 -15.93616 -17.10404 0.00077 -15.93738 -17.10536 0.00077 -15.93786 
7777.947121 1.5226 -6.167 0.075 0.274 20.37 -11.003 MSCL2_1701240111 -17.09488 0.00075 -15.93260 -17.09804 0.00076 -15.93414 -17.10017 0.00076 -15.93515 -17.10178 0.00077 -15.93631 -17.10297 0.00077 -15.93742 
7777.947746 1.5170 -6.164 0.783 -0.261 19.79 -11.063 MSCL2_1701240112 -17.09376 0.00075 -15.93111 -17.09697 0.00076 -15.93281 -17.09914 0.00076 -15.93425 -17.10083 0.00076 -15.93544 -17.10207 0.00077 -15.93578 
7777.948371 1.5114 -6.148 0.421 0.797 19.60 -11.193 MSCL2_1701240113 -17.09451 0.00075 -15.92977 -17.09716 0.00075 -15.93146 -17.09899 0.00076 -15.93254 -17.10048 0.00076 -15.93341 -17.10159 0.00076 -15.93374 
7777.948996 1.5059 -6.140 -0.626 0.493 19.46 -11.134 MSCL2_1701240114 -17.09278 0.00075 -15.93398 -17.09539 0.00075 -15.93538 -17.09729 0.00075 -15.93626 -17.09875 0.00076 -15.93731 -17.09973 0.00076 -15.93785 
7777.949621 1.5005 -6.138 0.744 -0.250 18.72 -11.172 MSCL2_1701240115 -17.08946 0.00074 -15.92969 -17.09244 0.00075 -15.93114 -17.09460 0.00075 -15.93234 -17.09628 0.00075 -15.93342 -17.09755 0.00076 -15.93440 
7777.950258 1.4950 -6.130 0.394 1.001 18.25 -11.259 MSCL2_1701240116 -17.09219 0.00074 -15.93177 -17.09468 0.00074 -15.93326 -17.09648 0.00075 -15.93472 -17.09786 0.00075 -15.93534 -17.09898 0.00076 -15.93581 
7777.950883 1.4896 -6.117 0.354 0.037 19.13 -11.177 MSCL2_1701240117 -17.09412 0.00074 -15.93437 -17.09658 0.00074 -15.93566 -17.09845 0.00074 -15.93691 -17.09989 0.00075 -15.93744 -17.10106 0.00075 -15.93776 
7777.951508 1.4843 -6.132 1.145 0.594 19.13 -11.237 MSCL2_1701240118 -17.07356 0.00074 -15.92005 -17.07599 0.00074 -15.92128 -17.07783 0.00074 -15.92257 -17.07918 0.00075 -15.92336 -17.08033 0.00075 -15.92398 
7777.952144 1.4790 -6.323 -0.229 0.850 19.05 -11.104 MSCL2_1701240119 -16.89435 0.00077 -15.73800 -16.89662 0.00078 -15.73947 -16.89849 0.00078 -15.74066 -16.89995 0.00079 -15.74127 -16.90107 0.00080 -15.74163 
7777.952769 1.4738 -6.974 0.695 0.286 19.41 -10.122 MSCL2_1701240120 -15.97592 0.00112 -14.81492 -15.97829 0.00115 -14.81627 -15.97985 0.00118 -14.81659 -15.98098 0.00122 -14.81702 -15.98228 0.00125 -14.81814 
7777.953393 1.4686 -6.436 0.921 1.207 19.67 -10.917 MSCL2_1701240121 -16.78822 0.00079 -15.62606 -16.79080 0.00080 -15.62742 -16.79258 0.00080 -15.62852 -16.79389 0.00081 -15.62871 -16.79502 0.00082 -15.62950 
7777.954030 1.4635 -6.318 0.492 0.692 18.69 -11.124 MSCL2_1701240122 -16.90038 0.00076 -15.75049 -16.90241 0.00077 -15.75154 -16.90397 0.00077 -15.75183 -16.90516 0.00078 -15.75234 -16.90620 0.00078 -15.75269 
7777.954655 1.4584 -7.091 -0.231 -0.560 19.96 -9.896 MSCL2_1701240123 -15.68303 0.00133 -14.56775 -15.68551 0.00138 -14.56939 -15.68719 0.00142 -14.57020 -15.68800 0.00147 -14.56984 -15.68937 0.00152 -14.56778 
7777.955280 1.4534 -6.481 0.293 1.071 19.48 -10.801 MSCL2_1701240124 -16.69418 0.00081 -15.54218 -16.69669 0.00081 -15.54386 -16.69840 0.00082 -15.54525 -16.69965 0.00083 -15.54619 -16.70072 0.00084 -15.54707 
7777.955916 1.4484 -6.902 0.167 -0.330 20.00 -9.995 MSCL2_1701240125 -15.79204 0.00122 -14.64751 -15.79442 0.00126 -14.64827 -15.79613 0.00130 -14.64826 -15.79738 0.00134 -14.64826 -15.79810 0.00138 -14.64904 
7777.956541 1.4435 -6.534 1.106 0.860 18.80 -10.807 MSCL2_1701240126 -16.55144 0.00084 -15.40279 -16.55371 0.00085 -15.40394 -16.55520 0.00086 -15.40513 -16.55615 0.00088 -15.40581 -16.55695 0.00089 -15.40657 
7777.957178 1.4386 -6.065 -0.343 -0.013 18.66 -11.248 MSCL2_1701240127 -17.07830 0.00071 -15.91363 -17.08079 0.00072 -15.91494 -17.08251 0.00072 -15.91598 -17.08385 0.00072 -15.91650 -17.08488 0.00073 -15.91712 
7777.957803 1.4338 -6.013 0.171 0.542 19.52 -11.180 MSCL2_1701240128 -17.09445 0.00071 -15.93514 -17.09705 0.00071 -15.93631 -17.09893 0.00071 -15.93728 -17.10033 0.00072 -15.93791 -17.10144 0.00072 -15.93851 
7777.958439 1.4289 -6.014 0.323 0.051 19.16 -11.097 MSCL2_1701240129 -17.08625 0.00070 -15.92488 -17.08932 0.00071 -15.92671 -17.09145 0.00071 -15.92813 -17.09301 0.00072 -15.92889 -17.09425 0.00072 -15.92973 
7777.959064 1.4242 -6.228 0.414 0.290 19.29 -10.965 MSCL2_1701240130 -16.87834 0.00074 -15.72543 -16.88099 0.00075 -15.72714 -16.88287 0.00076 -15.72802 -16.88435 0.00076 -15.72868 -16.88538 0.00077 -15.72930 
7777.959689 1.4196 -5.969 0.326 0.856 19.78 -11.191 MSCL2_1701240131 -17.09653 0.00070 -15.93574 -17.09887 0.00070 -15.93694 -17.10051 0.00071 -15.93752 -17.10169 0.00071 -15.93806 -17.10266 0.00072 -15.93854 
7777.960314 1.4149 -5.981 0.542 -0.452 19.62 -11.207 MSCL2_1701240132 -17.08468 0.00070 -15.92943 -17.08743 0.00070 -15.93066 -17.08931 0.00071 -15.93142 -17.09073 0.00071 -15.93240 -17.09182 0.00071 -15.93318 
7777.960939 1.4104 -5.996 -0.521 0.921 19.38 -11.055 MSCL2_1701240133 -17.06494 0.00070 -15.91128 -17.06823 0.00070 -15.91318 -17.07049 0.00071 -15.91446 -17.07207 0.00071 -15.91555 -17.07335 0.00072 -15.91605 
7777.961564 1.4059 -5.955 1.217 -0.305 19.82 -11.120 MSCL2_1701240134 -17.09084 0.00069 -15.93468 -17.09373 0.00070 -15.93612 -17.09569 0.00070 -15.93729 -17.09707 0.00070 -15.93803 -17.09822 0.00071 -15.93868 
7777.962189 1.4014 -5.939 -0.460 0.553 19.66 -11.201 MSCL2_1701240135 -17.09599 0.00069 -15.93827 -17.09831 0.00069 -15.93952 -17.09992 0.00070 -15.94030 -17.10106 0.00070 -15.94112 -17.10206 0.00070 -15.94138 
7777.962803 1.3970 -5.948 0.601 0.957 17.86 -11.456 MSCL2_1701240136 -17.09656 0.00069 -15.93937 -17.09832 0.00069 -15.94056 -17.09953 0.00069 -15.94151 -17.10045 0.00070 -15.94213 -17.10135 0.00070 -15.94283 
7777.963428 1.3926 -5.961 0.364 -0.612 18.62 -11.350 MSCL2_1701240137 -17.09474 0.00069 -15.93779 -17.09693 0.00069 -15.93915 -17.09841 0.00069 -15.94008 -17.09944 0.00070 -15.94075 -17.10032 0.00070 -15.94150 
7777.964053 1.3883 -5.955 -0.019 0.735 19.91 -11.133 MSCL2_1701240138 -17.09304 0.00068 -15.93507 -17.09589 0.00069 -15.93647 -17.09771 0.00069 -15.93732 -17.09916 0.00070 -15.93807 -17.10028 0.00070 -15.93884 
7777.964689 1.3839 -5.939 0.198 0.700 18.77 -11.277 MSCL2_1701240139 -17.09537 0.00068 -15.94017 -17.09730 0.00068 -15.94126 -17.09873 0.00069 -15.94157 -17.09986 0.00069 -15.94188 -17.10077 0.00070 -15.94229 
7777.965314 1.3796 -5.934 0.402 -0.496 18.98 -11.196 MSCL2_1701240140 -17.09068 0.00068 -15.93394 -17.09330 0.00068 -15.93529 -17.09505 0.00069 -15.93620 -17.09642 0.00069 -15.93700 -17.09746 0.00070 -15.93746 
7777.965939 1.3754 -5.933 0.414 0.994 19.05 -11.133 MSCL2_1701240141 -17.08386 0.00068 -15.92824 -17.08699 0.00068 -15.93004 -17.08914 0.00069 -15.93166 -17.09073 0.00069 -15.93259 -17.09199 0.00070 -15.93346 
7777.966553 1.3713 -5.928 0.027 -0.740 19.26 -11.062 MSCL2_1701240142 -17.08233 0.00068 -15.92762 -17.08575 0.00068 -15.92930 -17.08805 0.00068 -15.93057 -17.08990 0.00069 -15.93149 -17.09127 0.00069 -15.93198 
7777.967178 1.3671 -5.922 0.322 1.471 18.69 -11.239 MSCL2_1701240143 -17.08600 0.00067 -15.92754 -17.08827 0.00068 -15.92887 -17.08994 0.00068 -15.92944 -17.09113 0.00069 -15.93015 -17.09210 0.00069 -15.93070 
7777.967803 1.3630 -5.996 0.338 -0.866 19.01 -11.241 MSCL2_1701240144 -17.01474 0.00069 -15.85611 -17.01671 0.00069 -15.85713 -17.01818 0.00069 -15.85806 -17.01933 0.00070 -15.85888 -17.02025 0.00071 -15.85948 
7777.968428 1.3589 -5.903 -0.698 1.257 18.64 -11.355 MSCL2_1701240145 -17.09021 0.00067 -15.93477 -17.09220 0.00067 -15.93607 -17.09361 0.00068 -15.93682 -17.09458 0.00068 -15.93748 -17.09538 0.00069 -15.93765 
7777.969053 1.3549 -5.901 0.107 -0.404 18.71 -11.299 MSCL2_1701240146 -17.09144 0.00067 -15.93370 -17.09345 0.00067 -15.93471 -17.09482 0.00068 -15.93538 -17.09577 0.00068 -15.93614 -17.09672 0.00068 -15.93637 
7777.969678 1.3509 -5.913 0.646 -0.087 18.17 -11.369 MSCL2_1701240147 -17.08352 0.00067 -15.92513 -17.08537 0.00067 -15.92627 -17.08679 0.00068 -15.92736 -17.08770 0.00068 -15.92822 -17.08853 0.00068 -15.92857 
7777.970303 1.3469 -5.881 0.021 0.498 19.08 -11.357 MSCL2_1701240148 -17.09239 0.00066 -15.93410 -17.09441 0.00067 -15.93530 -17.09575 0.00067 -15.93628 -17.09686 0.00068 -15.93666 -17.09781 0.00068 -15.93724 
7777.970928 1.3430 -5.876 0.391 0.460 18.36 -11.337 MSCL2_1701240149 -17.08999 0.00066 -15.93095 -17.09224 0.00067 -15.93206 -17.09384 0.00067 -15.93254 -17.09501 0.00067 -15.93294 -17.09596 0.00068 -15.93343 
7777.971553 1.3391 -5.875 -0.077 0.102 18.31 -11.331 MSCL2_1701240150 -17.08583 0.00066 -15.92727 -17.08787 0.00066 -15.92848 -17.08931 0.00067 -15.92948 -17.09036 0.00067 -15.92982 -17.09123 0.00068 -15.93021 
7777.972178 1.3353 -5.885 0.231 0.413 18.79 -11.201 MSCL2_1701240151 -17.06483 0.00066 -15.90916 -17.06773 0.00067 -15.91082 -17.06984 0.00067 -15.91223 -17.07141 0.00067 -15.91303 -17.07260 0.00068 -15.91403 
7777.972814 1.3314 -5.954 0.354 -0.299 18.50 -11.167 MSCL2_1701240152 -16.98618 0.00068 -15.83175 -16.98867 0.00068 -15.83325 -16.99050 0.00069 -15.83464 -16.99173 0.00069 -15.83528 -16.99275 0.00070 -15.83597 
7777.973451 1.3275 -5.978 -0.556 0.446 19.18 -11.021 MSCL2_1701240153 -16.95073 0.00068 -15.79793 -16.95360 0.00069 -15.79944 -16.95540 0.00069 -15.80054 -16.95682 0.00070 -15.80158 -16.95798 0.00070 -15.80232 
7777.974076 1.3238 -5.835 0.213 -0.106 19.75 -11.003 MSCL2_1701240154 -17.07715 0.00066 -15.92400 -17.08105 0.00066 -15.92563 -17.08375 0.00066 -15.92693 -17.08564 0.00067 -15.92772 -17.08717 0.00067 -15.92874 
7777.974701 1.3201 -5.873 0.000 0.545 18.88 -11.028 MSCL2_1701240155 -17.03229 0.00066 -15.87916 -17.03602 0.00067 -15.88065 -17.03861 0.00067 -15.88207 -17.04041 0.00068 -15.88328 -17.04187 0.00068 -15.88370 
7777.975326 1.3164 -6.310 -0.433 -0.396 18.62 -10.772 MSCL2_1701240156 -16.62648 0.00076 -15.47546 -16.62925 0.00077 -15.47681 -16.63105 0.00078 -15.47788 -16.63219 0.00079 -15.47853 -16.63335 0.00080 -15.47913 
7777.975939 1.3129 -5.933 0.686 0.830 18.73 -11.182 MSCL2_1701240157 -17.00256 0.00067 -15.84936 -17.00508 0.00067 -15.85061 -17.00676 0.00067 -15.85158 -17.00803 0.00068 -15.85214 -17.00902 0.00069 -15.85280 
7777.976564 1.3093 -7.154 79.501 -52.094 19.12 -8.455 MSCL2_1701240158 -13.90906 0.00511 -12.77392 -13.91174 0.00542 -12.77856 -13.91478 0.00572 -12.78037 -13.91620 0.00604 -12.77441 -13.91925 0.00634 -12.77618 
7777.977201 1.3056 -7.117 -201.534 -175.554 23.78 -7.925 MSCL2_1701240159 -13.15194 0.00974 -13.15167 -13.15347 0.01037 -13.15316 -13.15402 0.01102 -13.15367 -13.15810 0.01163 -13.15771 -13.16346 0.01222 -13.16303 
7777.977826 1.3021 -6.908 -2.147 -1.121 19.52 -8.798 MSCL2_1701240160 -14.55213 0.00283 -13.38694 -14.55571 0.00298 -13.38610 -14.55890 0.00313 -13.38602 -14.55971 0.00328 -13.38463 -14.55976 0.00344 -13.38302 
7777.978439 1.2987 -6.672 -3.131 -1.241 19.29 -9.638 MSCL2_1701240161 -15.36322 0.00150 -14.19714 -15.36524 0.00156 -14.19647 -15.36681 0.00162 -14.19808 -15.36775 0.00168 -14.19818 -15.36927 0.00174 -14.19921 
7777.979076 1.2951 -6.058 -3.606 -0.414 19.82 -10.925 MSCL2_1701240162 -16.83234 0.00070 -15.67251 -16.83520 0.00070 -15.67415 -16.83717 0.00071 -15.67572 -16.83872 0.00071 -15.67639 -16.83993 0.00072 -15.67723 
7777.979713 1.2916 -5.748 0.576 0.189 19.70 -11.256 MSCL2_1701240163 -17.09887 0.00064 -15.94135 -17.10131 0.00064 -15.94271 -17.10302 0.00064 -15.94357 -17.10425 0.00065 -15.94456 -17.10542 0.00065 -15.94520 
7777.980338 1.2882 -5.750 -0.448 0.102 18.77 -11.402 MSCL2_1701240164 -17.09878 0.00064 -15.94117 -17.10071 0.00064 -15.94225 -17.10205 0.00064 -15.94293 -17.10314 0.00065 -15.94354 -17.10414 0.00065 -15.94395 
7777.980974 1.2848 -5.748 0.616 -0.335 18.34 -11.317 MSCL2_1701240165 -17.09852 0.00063 -15.94166 -17.10064 0.00064 -15.94307 -17.10206 0.00064 -15.94387 -17.10316 0.00065 -15.94462 -17.10413 0.00065 -15.94520 
7777.981588 1.2815 -5.742 -0.418 0.590 18.37 -11.396 MSCL2_1701240166 -17.10015 0.00063 -15.94328 -17.10211 0.00064 -15.94420 -17.10357 0.00064 -15.94509 -17.10470 0.00064 -15.94565 -17.10568 0.00065 -15.94600 
7777.982213 1.2782 -5.732 -0.023 -0.295 18.77 -11.343 MSCL2_1701240167 -17.09628 0.00063 -15.93902 -17.09845 0.00064 -15.94004 -17.09999 0.00064 -15.94093 -17.10119 0.00064 -15.94168 -17.10206 0.00065 -15.94212 
7777.982838 1.2749 -5.721 0.446 0.306 18.53 -11.430 MSCL2_1701240168 -17.09684 0.00063 -15.93987 -17.09875 0.00063 -15.94106 -17.10016 0.00064 -15.94160 -17.10121 0.00064 -15.94212 -17.10216 0.00065 -15.94248 
7777.983474 1.2716 -5.719 -0.003 0.313 18.11 -11.522 MSCL2_1701240169 -17.09601 0.00063 -15.93664 -17.09763 0.00063 -15.93750 -17.09874 0.00064 -15.93824 -17.09951 0.00064 -15.93902 -17.10025 0.00065 -15.93968 
7777.984099 1.2684 -5.707 -0.429 -0.367 18.27 -11.495 MSCL2_1701240170 -17.09404 0.00063 -15.93589 -17.09585 0.00063 -15.93716 -17.09712 0.00064 -15.93795 -17.09819 0.00064 -15.93872 -17.09911 0.00064 -15.93904 
7777.984736 1.2652 -5.706 0.706 0.624 17.98 -11.466 MSCL2_1701240171 -17.09047 0.00063 -15.93124 -17.09227 0.00063 -15.93228 -17.09362 0.00063 -15.93317 -17.09466 0.00064 -15.93379 -17.09557 0.00064 -15.93437 
7777.985361 1.2620 -5.692 0.303 -0.789 18.17 -11.600 MSCL2_1701240172 -17.08920 0.00063 -15.93172 -17.09075 0.00063 -15.93242 -17.09183 0.00063 -15.93297 -17.09268 0.00064 -15.93358 -17.09339 0.00064 -15.93386 
7777.985997 1.2588 -5.687 -0.681 0.748 18.69 -11.403 MSCL2_1701240173 -17.09323 0.00062 -15.93544 -17.09499 0.00063 -15.93646 -17.09628 0.00063 -15.93733 -17.09728 0.00064 -15.93781 -17.09794 0.00064 -15.93836 
7777.986622 1.2557 -5.684 0.152 0.238 18.54 -11.391 MSCL2_1701240174 -17.08715 0.00062 -15.92980 -17.08926 0.00063 -15.93135 -17.09069 0.00063 -15.93252 -17.09176 0.00064 -15.93319 -17.09267 0.00064 -15.93390 
7777.987247 1.2527 -5.700 0.109 -0.769 18.14 -11.408 MSCL2_1701240175 -17.07897 0.00062 -15.92057 -17.08126 0.00063 -15.92173 -17.08287 0.00063 -15.92268 -17.08410 0.00064 -15.92333 -17.08517 0.00064 -15.92402 
7777.987884 1.2496 -5.748 -0.217 0.398 19.03 -11.348 MSCL2_1701240176 -17.08840 0.00062 -15.92966 -17.09027 0.00063 -15.93089 -17.09163 0.00063 -15.93167 -17.09267 0.00063 -15.93233 -17.09356 0.00064 -15.93289 
7777.988509 1.2465 -5.741 0.121 -0.089 18.19 -11.459 MSCL2_1701240177 -17.10014 0.00062 -15.94113 -17.10200 0.00062 -15.94223 -17.10329 0.00063 -15.94283 -17.10432 0.00063 -15.94327 -17.10518 0.00063 -15.94355 
7777.989145 1.2435 -5.664 0.214 -0.072 18.39 -11.445 MSCL2_1701240178 -17.10173 0.00062 -15.94469 -17.10373 0.00062 -15.94580 -17.10518 0.00062 -15.94662 -17.10632 0.00063 -15.94751 -17.10722 0.00063 -15.94799 
7777.989782 1.2405 -5.650 -0.549 0.471 18.41 -11.318 MSCL2_1701240179 -17.10013 0.00061 -15.94116 -17.10249 0.00062 -15.94230 -17.10413 0.00062 -15.94298 -17.10545 0.00063 -15.94373 -17.10638 0.00063 -15.94457 
7777.990407 1.2376 -5.638 0.077 -0.724 17.04 -11.595 MSCL2_1701240180 -17.10737 0.00061 -15.94687 -17.10905 0.00062 -15.94775 -17.11026 0.00062 -15.94835 -17.11118 0.00062 -15.94893 -17.11195 0.00063 -15.94961 
7777.991032 1.2347 -5.634 0.088 0.317 17.98 -11.438 MSCL2_1701240181 -17.11013 0.00061 -15.95203 -17.11189 0.00061 -15.95317 -17.11317 0.00062 -15.95394 -17.11407 0.00062 -15.95475 -17.11487 0.00063 -15.95541 
7777.991657 1.2318 -5.639 0.032 -0.158 18.18 -11.453 MSCL2_1701240182 -17.11337 0.00061 -15.95415 -17.11483 0.00061 -15.95489 -17.11590 0.00062 -15.95570 -17.11686 0.00062 -15.95629 -17.11752 0.00063 -15.95678 
7777.992294 1.2289 -5.643 -0.322 0.025 18.43 -11.528 MSCL2_1701240183 -17.11321 0.00061 -15.95520 -17.11470 0.00061 -15.95614 -17.11576 0.00062 -15.95674 -17.11654 0.00062 -15.95770 -17.11717 0.00062 -15.95825 
7777.992919 1.2261 -5.644 0.368 0.402 18.09 -11.644 MSCL2_1701240184 -17.11345 0.00061 -15.95564 -17.11497 0.00061 -15.95646 -17.11617 0.00061 -15.95732 -17.11710 0.00062 -15.95791 -17.11783 0.00062 -15.95844 
7777.993554 1.2232 -5.801 0.041 -0.385 17.46 -11.519 MSCL2_1701240185 -16.94738 0.00064 -15.78597 -16.94873 0.00064 -15.78686 -16.94983 0.00065 -15.78790 -16.95069 0.00066 -15.78872 -16.95148 0.00066 -15.78912 
7777.994168 1.2205 -5.631 -0.254 0.445 17.77 -11.604 MSCL2_1701240186 -17.11222 0.00060 -15.95364 -17.11378 0.00061 -15.95447 -17.11490 0.00061 -15.95520 -17.11579 0.00062 -15.95564 -17.11656 0.00062 -15.95620 
7777.994804 1.2177 -5.610 0.037 -0.089 19.07 -11.465 MSCL2_1701240187 -17.11291 0.00060 -15.95360 -17.11446 0.00061 -15.95450 -17.11557 0.00061 -15.95522 -17.11636 0.00061 -15.95556 -17.11713 0.00062 -15.95596 
7777.995429 1.2150 -5.629 -0.104 -0.511 17.43 -11.672 MSCL2_1701240188 -17.11443 0.00060 -15.95318 -17.11584 0.00061 -15.95372 -17.11685 0.00061 -15.95436 -17.11765 0.00061 -15.95469 -17.11829 0.00062 -15.95525 
7777.996043 1.2124 -5.664 0.124 0.430 17.65 -11.644 MSCL2_1701240189 -17.11547 0.00060 -15.95569 -17.11692 0.00060 -15.95648 -17.11797 0.00061 -15.95715 -17.11860 0.00061 -15.95772 -17.11924 0.00062 -15.95833 
7777.996668 1.2097 -5.612 -0.278 -0.244 17.59 -11.720 MSCL2_1701240190 -17.11591 0.00060 -15.95508 -17.11721 0.00060 -15.95625 -17.11816 0.00061 -15.95698 -17.11891 0.00061 -15.95766 -17.11957 0.00062 -15.95813 
7777.997281 1.2071 -5.593 0.363 0.110 17.33 -11.757 MSCL2_1701240191 -17.11592 0.00060 -15.95663 -17.11728 0.00060 -15.95742 -17.11833 0.00061 -15.95793 -17.11912 0.00061 -15.95861 -17.11986 0.00061 -15.95909 
7777.997906 1.2045 -5.590 -0.516 0.063 21.69 -11.263 MSCL2_1701240192 -17.11770 0.00060 -15.95984 -17.11944 0.00060 -15.96063 -17.12065 0.00060 -15.96137 -17.12148 0.00061 -15.96158 -17.12231 0.00061 -15.96207 
7777.998531 1.2019 -5.590 0.309 -0.545 22.37 -11.092 MSCL2_1701240193 -17.11622 0.00060 -15.95586 -17.11845 0.00060 -15.95706 -17.12008 0.00060 -15.95796 -17.12119 0.00061 -15.95883 -17.12194 0.00061 -15.95960 
7777.999156 1.1994 -5.595 -0.553 0.257 21.08 -11.217 MSCL2_1701240194 -17.11692 0.00060 -15.95643 -17.11881 0.00060 -15.95721 -17.12006 0.00060 -15.95775 -17.12099 0.00061 -15.95869 -17.12172 0.00061 -15.95921 
7777.999781 1.1968 -5.596 -0.192 -0.042 22.60 -11.102 MSCL2_1701240195 -17.11730 0.00059 -15.95563 -17.11929 0.00060 -15.95683 -17.12072 0.00060 -15.95744 -17.12179 0.00061 -15.95816 -17.12261 0.00061 -15.95863 
7778.000406 1.1943 -5.579 0.167 -0.216 22.22 -11.169 MSCL2_1701240196 -17.11841 0.00059 -15.95626 -17.12048 0.00060 -15.95702 -17.12189 0.00060 -15.95759 -17.12292 0.00060 -15.95793 -17.12370 0.00061 -15.95832 
7778.001043 1.1918 -5.569 -0.476 0.353 21.87 -11.126 MSCL2_1701240197 -17.11876 0.00059 -15.95379 -17.12101 0.00060 -15.95472 -17.12259 0.00060 -15.95523 -17.12378 0.00060 -15.95580 -17.12463 0.00061 -15.95617 
7778.001679 1.1893 -5.564 -0.278 -0.000 21.92 -11.158 MSCL2_1701240198 -17.11751 0.00059 -15.95435 -17.11969 0.00059 -15.95532 -17.12118 0.00060 -15.95582 -17.12226 0.00060 -15.95623 -17.12321 0.00061 -15.95644 
7778.002304 1.1868 -5.574 -0.014 0.003 22.48 -11.101 MSCL2_1701240199 -17.11862 0.00059 -15.95397 -17.12073 0.00059 -15.95484 -17.12225 0.00060 -15.95525 -17.12334 0.00060 -15.95570 -17.12424 0.00061 -15.95609 
7778.002929 1.1844 -5.567 -0.128 -0.393 21.57 -11.191 MSCL2_1701240200 -17.11843 0.00059 -15.95398 -17.12041 0.00059 -15.95506 -17.12173 0.00060 -15.95562 -17.12277 0.00060 -15.95629 -17.12360 0.00061 -15.95673 
7778.003554 1.1820 -5.561 -0.242 0.000 21.93 -11.266 MSCL2_1701240201 -17.12292 0.00059 -15.95668 -17.12462 0.00059 -15.95758 -17.12576 0.00060 -15.95799 -17.12669 0.00060 -15.95873 -17.12742 0.00060 -15.95892 
7778.004191 1.1796 -5.552 -0.088 -0.036 21.80 -11.257 MSCL2_1701240202 -17.12382 0.00059 -15.95543 -17.12541 0.00059 -15.95656 -17.12656 0.00059 -15.95733 -17.12739 0.00060 -15.95793 -17.12812 0.00060 -15.95857 
7778.004816 1.1772 -5.542 -0.284 0.455 21.92 -11.164 MSCL2_1701240203 -17.12430 0.00059 -15.95761 -17.12653 0.00059 -15.95855 -17.12785 0.00059 -15.95944 -17.12872 0.00060 -15.95994 -17.12948 0.00060 -15.96028 
7778.005452 1.1749 -5.525 -0.024 -0.430 21.13 -11.274 MSCL2_1701240204 -17.12533 0.00058 -15.95828 -17.12727 0.00059 -15.95921 -17.12866 0.00059 -15.96006 -17.12957 0.00060 -15.96077 -17.13044 0.00060 -15.96102 
7778.006089 1.1725 -5.526 -0.434 -0.532 21.21 -11.299 MSCL2_1701240205 -17.12521 0.00058 -15.95614 -17.12694 0.00059 -15.95674 -17.12816 0.00059 -15.95763 -17.12904 0.00059 -15.95860 -17.12981 0.00060 -15.95891 
7778.006702 1.1703 -5.518 0.475 -0.140 21.05 -11.298 MSCL2_1701240206 -17.12566 0.00058 -15.95749 -17.12750 0.00059 -15.95859 -17.12876 0.00059 -15.95936 -17.12964 0.00059 -15.95985 -17.13050 0.00060 -15.96043 
7778.007339 1.1680 -5.514 -0.591 0.090 22.49 -11.199 MSCL2_1701240207 -17.12746 0.00058 -15.95642 -17.12950 0.00058 -15.95754 -17.13093 0.00059 -15.95842 -17.13194 0.00059 -15.95883 -17.13271 0.00060 -15.95924 
7778.007964 1.1657 -5.499 0.016 0.227 22.04 -11.134 MSCL2_1701240208 -17.12775 0.00058 -15.95953 -17.12971 0.00058 -15.96074 -17.13107 0.00059 -15.96158 -17.13208 0.00059 -15.96233 -17.13295 0.00060 -15.96262 
7778.008577 1.1636 -5.485 -0.267 -0.728 21.80 -11.126 MSCL2_1701240209 -17.12740 0.00058 -15.95711 -17.12963 0.00058 -15.95807 -17.13115 0.00059 -15.95866 -17.13229 0.00059 -15.95952 -17.13310 0.00059 -15.95996 
7778.009202 1.1614 -5.492 -0.318 0.471 21.63 -11.229 MSCL2_1701240210 -17.12899 0.00058 -15.95794 -17.13119 0.00058 -15.95915 -17.13278 0.00059 -15.95987 -17.13386 0.00059 -15.96039 -17.13479 0.00059 -15.96078 
7778.009827 1.1592 -5.497 -0.243 -0.028 22.12 -11.161 MSCL2_1701240211 -17.13089 0.00058 -15.95888 -17.13303 0.00058 -15.96000 -17.13452 0.00058 -15.96071 -17.13565 0.00059 -15.96132 -17.13656 0.00059 -15.96150 
7778.010441 1.1571 -5.500 -0.225 -0.511 21.67 -11.227 MSCL2_1701240212 -17.13231 0.00058 -15.95922 -17.13405 0.00058 -15.96045 -17.13536 0.00058 -15.96146 -17.13640 0.00059 -15.96219 -17.13721 0.00059 -15.96296 
7778.011043 1.1550 -5.493 -0.427 0.191 21.55 -11.203 MSCL2_1701240213 -17.13191 0.00058 -15.95894 -17.13399 0.00058 -15.95998 -17.13542 0.00058 -15.96062 -17.13644 0.00059 -15.96129 -17.13724 0.00059 -15.96188 
7778.011679 1.1529 -5.553 0.021 -0.229 21.34 -11.268 MSCL2_1701240214 -17.13396 0.00058 -15.96020 -17.13606 0.00058 -15.96140 -17.13744 0.00058 -15.96220 -17.13859 0.00059 -15.96287 -17.13948 0.00059 -15.96341 
7778.012304 1.1508 -5.516 0.137 -0.469 22.22 -11.183 MSCL2_1701240215 -17.13364 0.00057 -15.95726 -17.13554 0.00058 -15.95808 -17.13687 0.00058 -15.95880 -17.13789 0.00058 -15.95920 -17.13874 0.00059 -15.95945 
7778.012929 1.1487 -5.603 -0.368 -0.319 21.66 -11.341 MSCL2_1701240216 -17.13602 0.00057 -15.95830 -17.13781 0.00058 -15.95923 -17.13899 0.00058 -15.96010 -17.13996 0.00058 -15.96074 -17.14083 0.00059 -15.96105 
7778.013554 1.1466 -5.517 -0.335 0.122 22.30 -11.089 MSCL2_1701240217 -17.13344 0.00057 -15.95913 -17.13596 0.00058 -15.96048 -17.13766 0.00058 -15.96108 -17.13906 0.00058 -15.96195 -17.14016 0.00059 -15.96236 
7778.014168 1.1446 -5.498 0.202 -0.173 22.55 -11.068 MSCL2_1701240218 -17.13571 0.00057 -15.95926 -17.13796 0.00057 -15.96036 -17.13955 0.00058 -15.96136 -17.14080 0.00058 -15.96209 -17.14185 0.00059 -15.96266 
7778.014781 1.1427 -5.481 -0.470 -0.414 23.08 -10.965 MSCL2_1701240219 -17.13590 0.00057 -15.96033 -17.13832 0.00057 -15.96151 -17.14002 0.00058 -15.96261 -17.14123 0.00058 -15.96348 -17.14215 0.00059 -15.96413 
7778.015406 1.1407 -5.475 -0.683 0.181 20.89 -11.162 MSCL2_1701240220 -17.13598 0.00057 -15.96082 -17.13825 0.00057 -15.96203 -17.13990 0.00058 -15.96322 -17.14118 0.00058 -15.96375 -17.14218 0.00059 -15.96398 
7778.016043 1.1387 -5.460 0.028 -0.732 21.37 -11.198 MSCL2_1701240221 -17.13701 0.00057 -15.96215 -17.13893 0.00057 -15.96314 -17.14018 0.00058 -15.96388 -17.14124 0.00058 -15.96451 -17.14217 0.00058 -15.96500 
7778.016679 1.1367 -5.440 -0.855 0.542 22.08 -11.260 MSCL2_1701240222 -17.13696 0.00057 -15.96152 -17.13879 0.00057 -15.96245 -17.14011 0.00058 -15.96310 -17.14110 0.00058 -15.96397 -17.14187 0.00058 -15.96434 
7778.017293 1.1348 -5.426 0.304 -0.566 20.65 -11.266 MSCL2_1701240223 -17.13529 0.00057 -15.95893 -17.13748 0.00057 -15.96019 -17.13903 0.00057 -15.96114 -17.14015 0.00058 -15.96176 -17.14104 0.00058 -15.96226 
7778.017918 1.1329 -5.412 -0.283 0.145 21.80 -11.293 MSCL2_1701240224 -17.13799 0.00057 -15.95900 -17.13973 0.00057 -15.96012 -17.14097 0.00057 -15.96069 -17.14194 0.00058 -15.96148 -17.14269 0.00058 -15.96226 
7778.018554 1.1309 -5.403 -0.393 -0.050 21.61 -11.324 MSCL2_1701240225 -17.13711 0.00057 -15.95969 -17.13899 0.00057 -15.96076 -17.14025 0.00057 -15.96145 -17.14114 0.00058 -15.96228 -17.14195 0.00058 -15.96281 
7778.019179 1.1291 -5.378 -0.339 -0.605 21.12 -11.264 MSCL2_1701240226 -17.13549 0.00057 -15.96081 -17.13782 0.00057 -15.96193 -17.13939 0.00057 -15.96290 -17.14053 0.00058 -15.96359 -17.14136 0.00058 -15.96414 
7778.019793 1.1272 -5.375 -0.190 0.037 21.74 -11.139 MSCL2_1701240227 -17.13615 0.00056 -15.96013 -17.13858 0.00057 -15.96149 -17.14017 0.00057 -15.96247 -17.14144 0.00058 -15.96318 -17.14250 0.00058 -15.96371 
7778.020429 1.1254 -5.362 -0.338 -0.393 21.45 -11.157 MSCL2_1701240228 -17.13640 0.00056 -15.96221 -17.13859 0.00057 -15.96360 -17.14005 0.00057 -15.96453 -17.14117 0.00057 -15.96522 -17.14221 0.00058 -15.96581 
7778.021054 1.1236 -5.364 -1.099 0.151 21.39 -11.135 MSCL2_1701240229 -17.13607 0.00056 -15.96069 -17.13853 0.00057 -15.96191 -17.14023 0.00057 -15.96294 -17.14155 0.00057 -15.96359 -17.14248 0.00058 -15.96400 
7778.021668 1.1218 -5.351 0.723 -0.807 21.66 -11.118 MSCL2_1701240230 -17.13775 0.00056 -15.96335 -17.14011 0.00057 -15.96449 -17.14168 0.00057 -15.96527 -17.14285 0.00057 -15.96607 -17.14380 0.00058 -15.96658 
7778.022304 1.1200 -5.337 -1.171 -0.063 20.86 -11.269 MSCL2_1701240231 -17.14077 0.00056 -15.96529 -17.14255 0.00056 -15.96606 -17.14377 0.00057 -15.96664 -17.14472 0.00057 -15.96709 -17.14552 0.00058 -15.96744 
7778.022918 1.1182 -5.335 0.332 -0.058 21.18 -11.217 MSCL2_1701240232 -17.14044 0.00056 -15.96368 -17.14239 0.00056 -15.96482 -17.14368 0.00057 -15.96538 -17.14473 0.00057 -15.96613 -17.14559 0.00057 -15.96658 
7778.023554 1.1165 -5.344 -0.172 -0.280 21.63 -11.077 MSCL2_1701240233 -17.13989 0.00056 -15.96387 -17.14181 0.00056 -15.96492 -17.14305 0.00057 -15.96602 -17.14406 0.00057 -15.96672 -17.14489 0.00058 -15.96717 
7778.024179 1.1147 -5.331 -0.556 0.113 21.95 -11.052 MSCL2_1701240234 -17.14026 0.00056 -15.96392 -17.14204 0.00056 -15.96516 -17.14328 0.00057 -15.96580 -17.14415 0.00057 -15.96637 -17.14490 0.00058 -15.96673 
7778.024804 1.1130 -5.323 -0.054 -0.277 21.66 -11.285 MSCL2_1701240235 -17.13816 0.00056 -15.96136 -17.14008 0.00056 -15.96235 -17.14145 0.00057 -15.96314 -17.14246 0.00057 -15.96381 -17.14328 0.00057 -15.96435 
7778.025418 1.1114 -5.320 -0.556 -0.362 21.81 -11.145 MSCL2_1701240236 -17.13661 0.00056 -15.95906 -17.13898 0.00056 -15.96015 -17.14036 0.00057 -15.96104 -17.14152 0.00057 -15.96146 -17.14243 0.00057 -15.96175 
7778.026043 1.1097 -5.321 -0.234 0.019 21.88 -11.220 MSCL2_1701240237 -17.13749 0.00056 -15.96234 -17.13925 0.00056 -15.96316 -17.14064 0.00056 -15.96406 -17.14165 0.00057 -15.96439 -17.14250 0.00057 -15.96470 
7778.026668 1.1081 -5.304 -0.448 -0.603 21.66 -11.261 MSCL2_1701240238 -17.13730 0.00056 -15.96270 -17.13922 0.00056 -15.96366 -17.14057 0.00056 -15.96463 -17.14166 0.00057 -15.96526 -17.14246 0.00057 -15.96579 
7778.027293 1.1064 -5.288 -0.360 0.480 21.13 -11.294 MSCL2_1701240239 -17.13851 0.00056 -15.96206 -17.14038 0.00056 -15.96308 -17.14183 0.00056 -15.96384 -17.14290 0.00057 -15.96442 -17.14375 0.00057 -15.96498 
7778.027929 1.1048 -5.425 -0.459 -0.617 22.12 -11.164 MSCL2_1701240240 -17.13794 0.00056 -15.96248 -17.14015 0.00056 -15.96371 -17.14166 0.00056 -15.96463 -17.14282 0.00057 -15.96540 -17.14378 0.00057 -15.96585 
7778.028554 1.1032 -5.294 0.133 -0.433 22.59 -11.175 MSCL2_1701240241 -17.13871 0.00056 -15.96326 -17.14081 0.00056 -15.96422 -17.14218 0.00056 -15.96483 -17.14314 0.00057 -15.96532 -17.14401 0.00057 -15.96573 
7778.029179 1.1016 -5.271 -0.860 -0.111 22.62 -11.223 MSCL2_1701240242 -17.14241 0.00055 -15.96605 -17.14426 0.00056 -15.96702 -17.14561 0.00056 -15.96783 -17.14654 0.00056 -15.96858 -17.14735 0.00057 -15.96895 
7778.029804 1.1000 -5.267 -0.123 0.018 23.27 -11.080 MSCL2_1701240243 -17.14215 0.00055 -15.96595 -17.14426 0.00056 -15.96696 -17.14571 0.00056 -15.96803 -17.14686 0.00056 -15.96888 -17.14789 0.00057 -15.96956 
7778.030429 1.0985 -5.258 -0.520 -0.426 21.95 -11.184 MSCL2_1701240244 -17.14161 0.00055 -15.96783 -17.14387 0.00056 -15.96910 -17.14539 0.00056 -15.96987 -17.14648 0.00056 -15.97037 -17.14733 0.00057 -15.97095 
7778.031054 1.0969 -5.248 -0.488 -0.128 22.66 -11.039 MSCL2_1701240245 -17.13894 0.00055 -15.96197 -17.14148 0.00056 -15.96300 -17.14314 0.00056 -15.96399 -17.14440 0.00056 -15.96477 -17.14544 0.00057 -15.96525 
7778.031679 1.0954 -5.253 0.009 -0.408 21.51 -11.228 MSCL2_1701240246 -17.14137 0.00055 -15.96617 -17.14368 0.00055 -15.96742 -17.14523 0.00056 -15.96821 -17.14635 0.00056 -15.96876 -17.14730 0.00057 -15.96917 
7778.032304 1.0939 -5.250 -1.302 0.368 22.43 -10.934 MSCL2_1701240247 -17.14087 0.00055 -15.96505 -17.14393 0.00055 -15.96655 -17.14598 0.00056 -15.96752 -17.14749 0.00056 -15.96838 -17.14859 0.00057 -15.96903 
7778.032929 1.0924 -5.241 -0.627 -1.271 22.13 -11.062 MSCL2_1701240248 -17.14271 0.00055 -15.96713 -17.14506 0.00055 -15.96808 -17.14659 0.00056 -15.96891 -17.14767 0.00056 -15.96957 -17.14853 0.00057 -15.97018 
7778.033566 1.0909 -5.233 0.227 0.383 22.05 -11.193 MSCL2_1701240249 -17.14385 0.00055 -15.96731 -17.14574 0.00055 -15.96849 -17.14698 0.00056 -15.96931 -17.14792 0.00056 -15.96977 -17.14872 0.00056 -15.97030 
7778.034190 1.0895 -5.235 -0.459 -1.221 20.70 -11.250 MSCL2_1701240250 -17.14284 0.00055 -15.96710 -17.14501 0.00055 -15.96819 -17.14653 0.00056 -15.96900 -17.14766 0.00056 -15.96960 -17.14865 0.00056 -15.96989 
7778.034815 1.0881 -5.233 -0.371 0.365 22.06 -11.119 MSCL2_1701240251 -17.14075 0.00055 -15.96707 -17.14326 0.00055 -15.96814 -17.14494 0.00056 -15.96885 -17.14615 0.00056 -15.96961 -17.14715 0.00056 -15.96994 
7778.035440 1.0866 -5.238 -0.188 -0.423 22.84 -11.088 MSCL2_1701240252 -17.14179 0.00055 -15.96636 -17.14444 0.00055 -15.96769 -17.14614 0.00056 -15.96860 -17.14731 0.00056 -15.96922 -17.14829 0.00056 -15.96958 
7778.036076 1.0852 -5.225 -0.551 -0.275 21.95 -11.105 MSCL2_1701240253 -17.13911 0.00055 -15.96553 -17.14174 0.00055 -15.96687 -17.14346 0.00056 -15.96779 -17.14469 0.00056 -15.96858 -17.14575 0.00056 -15.96906 
7778.036701 1.0838 -5.203 -0.771 -0.419 20.85 -11.148 MSCL2_1701240254 -17.14054 0.00055 -15.96624 -17.14346 0.00055 -15.96766 -17.14552 0.00055 -15.96887 -17.14696 0.00056 -15.96969 -17.14811 0.00056 -15.97054 
7778.037338 1.0824 -5.207 0.301 -0.087 21.27 -11.216 MSCL2_1701240255 -17.14144 0.00055 -15.96606 -17.14370 0.00055 -15.96715 -17.14525 0.00055 -15.96809 -17.14636 0.00056 -15.96890 -17.14734 0.00056 -15.96928 
7778.037951 1.0811 -5.218 -0.634 -0.674 22.35 -11.204 MSCL2_1701240256 -17.13970 0.00055 -15.96340 -17.14208 0.00055 -15.96422 -17.14366 0.00055 -15.96477 -17.14492 0.00056 -15.96529 -17.14582 0.00056 -15.96557 
7778.038588 1.0798 -5.251 -0.450 0.085 22.48 -11.135 MSCL2_1701240257 -17.14049 0.00055 -15.96525 -17.14283 0.00055 -15.96641 -17.14438 0.00055 -15.96739 -17.14554 0.00056 -15.96857 -17.14647 0.00056 -15.96914 
7778.039213 1.0784 -5.301 -0.785 -0.092 23.59 -10.939 MSCL2_1701240258 -17.14066 0.00055 -15.96401 -17.14344 0.00055 -15.96541 -17.14537 0.00055 -15.96645 -17.14666 0.00056 -15.96729 -17.14778 0.00056 -15.96793 
7778.039838 1.0771 -5.209 -0.421 -0.927 22.81 -11.013 MSCL2_1701240259 -17.14114 0.00055 -15.96768 -17.14402 0.00055 -15.96902 -17.14594 0.00055 -15.97007 -17.14739 0.00056 -15.97086 -17.14848 0.00056 -15.97135 
7778.040474 1.0758 -5.189 -0.667 -0.046 20.61 -11.176 MSCL2_1701240260 -17.14221 0.00055 -15.96609 -17.14478 0.00055 -15.96743 -17.14650 0.00055 -15.96833 -17.14773 0.00056 -15.96893 -17.14874 0.00056 -15.96965 
7778.041099 1.0745 -5.177 -0.364 -0.678 21.82 -11.106 MSCL2_1701240261 -17.14365 0.00054 -15.96889 -17.14585 0.00055 -15.97016 -17.14736 0.00055 -15.97108 -17.14848 0.00056 -15.97154 -17.14945 0.00056 -15.97198 
7778.041724 1.0733 -5.166 -0.290 -0.327 21.41 -11.202 MSCL2_1701240262 -17.14132 0.00054 -15.96800 -17.14401 0.00055 -15.96922 -17.14587 0.00055 -15.97036 -17.14728 0.00056 -15.97119 -17.14840 0.00056 -15.97180 
7778.042361 1.0720 -5.147 -0.411 -0.298 22.06 -11.167 MSCL2_1701240263 -17.14346 0.00054 -15.96818 -17.14600 0.00055 -15.96922 -17.14771 0.00055 -15.97002 -17.14894 0.00055 -15.97060 -17.14991 0.00056 -15.97126 
7778.042986 1.0708 -5.126 -0.206 -0.078 21.73 -11.263 MSCL2_1701240264 -17.14250 0.00054 -15.96652 -17.14457 0.00055 -15.96752 -17.14601 0.00055 -15.96838 -17.14708 0.00055 -15.96917 -17.14795 0.00056 -15.96956 
7778.043611 1.0696 -5.102 -0.885 -0.722 21.30 -11.304 MSCL2_1701240265 -17.14393 0.00054 -15.96747 -17.14602 0.00055 -15.96846 -17.14740 0.00055 -15.96894 -17.14839 0.00055 -15.96946 -17.14923 0.00056 -15.96997 
7778.044236 1.0684 -5.104 -0.388 0.190 21.90 -11.163 MSCL2_1701240266 -17.14305 0.00054 -15.96764 -17.14532 0.00055 -15.96887 -17.14688 0.00055 -15.96964 -17.14805 0.00055 -15.97021 -17.14899 0.00056 -15.97060 
7778.044861 1.0672 -5.099 -0.594 -0.693 21.93 -11.316 MSCL2_1701240267 -17.14416 0.00054 -15.96768 -17.14626 0.00054 -15.96870 -17.14776 0.00055 -15.96951 -17.14884 0.00055 -15.97024 -17.14970 0.00056 -15.97093 
7778.045486 1.0660 -5.094 -0.598 -0.552 21.42 -11.317 MSCL2_1701240268 -17.14283 0.00054 -15.96713 -17.14501 0.00054 -15.96819 -17.14648 0.00055 -15.96863 -17.14768 0.00055 -15.96934 -17.14858 0.00056 -15.96971 
7778.046111 1.0649 -5.089 -0.223 -0.080 22.45 -11.186 MSCL2_1701240269 -17.14231 0.00054 -15.96491 -17.14462 0.00054 -15.96603 -17.14623 0.00055 -15.96673 -17.14743 0.00055 -15.96717 -17.14850 0.00056 -15.96748 
7778.046736 1.0638 -5.059 -0.646 -0.355 22.26 -11.248 MSCL2_1701240270 -17.14311 0.00054 -15.96857 -17.14530 0.00054 -15.96981 -17.14675 0.00055 -15.97053 -17.14777 0.00055 -15.97136 -17.14860 0.00055 -15.97208 
7778.047373 1.0626 -5.055 -0.484 -0.351 22.13 -11.093 MSCL2_1701240271 -17.14098 0.00054 -15.96507 -17.14316 0.00054 -15.96615 -17.14468 0.00055 -15.96704 -17.14574 0.00055 -15.96773 -17.14669 0.00056 -15.96821 
7778.047998 1.0615 -5.052 -0.456 -0.430 22.18 -10.975 MSCL2_1701240272 -17.13985 0.00054 -15.96320 -17.14264 0.00054 -15.96453 -17.14452 0.00055 -15.96545 -17.14593 0.00055 -15.96622 -17.14708 0.00056 -15.96682 
7778.048611 1.0604 -5.036 -0.330 -0.241 21.82 -11.159 MSCL2_1701240273 -17.13900 0.00054 -15.96463 -17.14171 0.00054 -15.96603 -17.14363 0.00055 -15.96678 -17.14501 0.00055 -15.96759 -17.14603 0.00056 -15.96818 
7778.049236 1.0594 -5.034 -1.369 -0.714 22.98 -10.889 MSCL2_1701240274 -17.13971 0.00054 -15.96375 -17.14273 0.00054 -15.96512 -17.14469 0.00055 -15.96598 -17.14604 0.00055 -15.96658 -17.14719 0.00055 -15.96715 
7778.049861 1.0583 -5.048 -0.078 -0.608 23.08 -11.034 MSCL2_1701240275 -17.14138 0.00054 -15.96467 -17.14375 0.00054 -15.96586 -17.14531 0.00055 -15.96685 -17.14652 0.00055 -15.96745 -17.14744 0.00055 -15.96791 
7778.050486 1.0572 -5.045 -0.373 0.044 21.56 -11.077 MSCL2_1701240276 -17.13981 0.00054 -15.96307 -17.14263 0.00054 -15.96421 -17.14450 0.00055 -15.96503 -17.14583 0.00055 -15.96596 -17.14689 0.00055 -15.96645 
7778.051123 1.0562 -5.024 -0.524 -1.203 21.83 -11.221 MSCL2_1701240277 -17.14329 0.00054 -15.96831 -17.14536 0.00054 -15.96956 -17.14675 0.00054 -15.97018 -17.14784 0.00055 -15.97084 -17.14869 0.00055 -15.97151 
7778.051736 1.0552 -5.011 -0.755 0.002 21.59 -11.200 MSCL2_1701240278 -17.14370 0.00054 -15.96634 -17.14583 0.00054 -15.96783 -17.14732 0.00054 -15.96870 -17.14842 0.00055 -15.96939 -17.14931 0.00055 -15.97021 
7778.052361 1.0542 -5.008 -0.569 -0.513 22.52 -11.078 MSCL2_1701240279 -17.14305 0.00054 -15.96616 -17.14517 0.00054 -15.96727 -17.14663 0.00054 -15.96782 -17.14779 0.00055 -15.96839 -17.14865 0.00055 -15.96868 
7778.052986 1.0532 -5.012 0.053 -0.269 21.21 -11.177 MSCL2_1701240280 -17.14144 0.00054 -15.96622 -17.14360 0.00054 -15.96737 -17.14508 0.00054 -15.96854 -17.14615 0.00055 -15.96929 -17.14700 0.00055 -15.96989 
7778.053623 1.0522 -4.997 -0.769 -0.611 22.50 -11.141 MSCL2_1701240281 -17.14236 0.00054 -15.96592 -17.14438 0.00054 -15.96675 -17.14579 0.00054 -15.96725 -17.14682 0.00055 -15.96761 -17.14765 0.00055 -15.96789 
7778.054259 1.0512 -4.999 -0.447 -0.956 21.55 -11.188 MSCL2_1701240282 -17.14300 0.00054 -15.96482 -17.14495 0.00054 -15.96583 -17.14630 0.00054 -15.96666 -17.14729 0.00055 -15.96741 -17.14815 0.00055 -15.96792 
7778.054884 1.0503 -4.985 -0.279 0.360 22.01 -11.223 MSCL2_1701240283 -17.14372 0.00054 -15.96651 -17.14577 0.00054 -15.96759 -17.14722 0.00054 -15.96832 -17.14834 0.00055 -15.96885 -17.14918 0.00055 -15.96953 
7778.055509 1.0493 -4.977 -0.330 -1.039 21.79 -11.198 MSCL2_1701240284 -17.14306 0.00054 -15.96767 -17.14531 0.00054 -15.96877 -17.14689 0.00054 -15.96964 -17.14800 0.00055 -15.97039 -17.14894 0.00055 -15.97097 
7778.056134 1.0484 -4.978 -0.965 0.152 21.09 -11.304 MSCL2_1701240285 -17.14651 0.00053 -15.96727 -17.14832 0.00054 -15.96852 -17.14964 0.00054 -15.96924 -17.15070 0.00054 -15.96995 -17.15153 0.00055 -15.97025 
7778.056759 1.0475 -4.969 -0.196 -1.508 23.05 -10.993 MSCL2_1701240286 -17.14546 0.00053 -15.96886 -17.14783 0.00054 -15.96999 -17.14944 0.00054 -15.97102 -17.15056 0.00054 -15.97184 -17.15149 0.00055 -15.97226 
7778.057384 1.0466 -4.965 -1.191 0.999 22.16 -11.185 MSCL2_1701240287 -17.14672 0.00053 -15.96965 -17.14904 0.00054 -15.97088 -17.15073 0.00054 -15.97191 -17.15203 0.00054 -15.97265 -17.15305 0.00055 -15.97319 
7778.058009 1.0457 -4.961 -0.655 -1.150 22.61 -11.037 MSCL2_1701240288 -17.14663 0.00053 -15.96987 -17.14890 0.00054 -15.97102 -17.15045 0.00054 -15.97196 -17.15161 0.00054 -15.97301 -17.15246 0.00055 -15.97346 
7778.058646 1.0449 -4.937 -0.118 -0.581 21.31 -11.444 MSCL2_1701240289 -17.14945 0.00053 -15.97380 -17.15125 0.00054 -15.97483 -17.15251 0.00054 -15.97560 -17.15344 0.00054 -15.97645 -17.15425 0.00055 -15.97711 
7778.059282 1.0440 -4.939 -0.954 -0.062 22.05 -11.055 MSCL2_1701240290 -17.14744 0.00053 -15.97192 -17.14961 0.00054 -15.97303 -17.15112 0.00054 -15.97398 -17.15218 0.00054 -15.97474 -17.15310 0.00055 -15.97535 
7778.059907 1.0431 -4.945 0.397 -1.601 20.54 -11.330 MSCL2_1701240291 -17.14794 0.00053 -15.97214 -17.14963 0.00054 -15.97300 -17.15083 0.00054 -15.97363 -17.15168 0.00054 -15.97450 -17.15237 0.00055 -15.97518 
7778.060532 1.0423 -4.942 -0.671 0.032 22.12 -11.449 MSCL2_1701240292 -17.14809 0.00053 -15.96998 -17.14959 0.00054 -15.97085 -17.15070 0.00054 -15.97135 -17.15159 0.00054 -15.97177 -17.15236 0.00055 -15.97219 
7778.061157 1.0415 -4.927 -0.495 -0.661 22.27 -11.246 MSCL2_1701240293 -17.14721 0.00053 -15.96906 -17.14897 0.00054 -15.96992 -17.15023 0.00054 -15.97050 -17.15120 0.00054 -15.97111 -17.15201 0.00055 -15.97151 
7778.061794 1.0407 -4.935 -0.568 -0.400 21.98 -11.048 MSCL2_1701240294 -17.14602 0.00053 -15.96844 -17.14793 0.00054 -15.96927 -17.14931 0.00054 -15.96997 -17.15036 0.00054 -15.97060 -17.15112 0.00055 -15.97087 
7778.062396 1.0399 -4.993 -1.020 -1.013 22.30 -11.043 MSCL2_1701240295 -17.14469 0.00053 -15.96705 -17.14668 0.00054 -15.96810 -17.14814 0.00054 -15.96894 -17.14927 0.00054 -15.96954 -17.15017 0.00055 -15.96988 
7778.063032 1.0392 -5.033 -0.092 -0.651 21.71 -11.167 MSCL2_1701240296 -17.14578 0.00053 -15.97114 -17.14766 0.00054 -15.97230 -17.14904 0.00054 -15.97299 -17.15011 0.00054 -15.97351 -17.15094 0.00055 -15.97431 
7778.063657 1.0384 -4.919 -0.441 -0.311 21.98 -11.322 MSCL2_1701240297 -17.14653 0.00053 -15.96891 -17.14834 0.00054 -15.96979 -17.14956 0.00054 -15.97056 -17.15046 0.00054 -15.97107 -17.15133 0.00055 -15.97183 
7778.064294 1.0376 -4.921 -0.591 -0.705 22.49 -11.204 MSCL2_1701240298 -17.14466 0.00053 -15.96779 -17.14666 0.00053 -15.96890 -17.14812 0.00054 -15.96973 -17.14910 0.00054 -15.97034 -17.15001 0.00055 -15.97083 
7778.064919 1.0369 -4.900 -0.341 -0.689 21.79 -11.285 MSCL2_1701240299 -17.14363 0.00053 -15.96618 -17.14524 0.00053 -15.96719 -17.14644 0.00054 -15.96803 -17.14741 0.00054 -15.96861 -17.14809 0.00055 -15.96902 
7778.065555 1.0362 -4.887 -0.155 -0.485 19.68 -11.460 MSCL2_1701240300 -17.14486 0.00053 -15.96676 -17.14636 0.00053 -15.96752 -17.14743 0.00054 -15.96830 -17.14833 0.00054 -15.96873 -17.14903 0.00055 -15.96897 
7778.066180 1.0355 -4.885 -1.043 -0.214 21.28 -11.263 MSCL2_1701240301 -17.14528 0.00053 -15.96972 -17.14705 0.00053 -15.97079 -17.14833 0.00054 -15.97169 -17.14928 0.00054 -15.97228 -17.15011 0.00054 -15.97267 
