# BJD(TDB)-2450000 airmass sky(mag) dx(pix) dy(pix) fwhm(pix) peak(mag) frame mag_t(r=28.0) mag_t-c_err(r=28.0) mag_c(r=28.0) mag_t(r=30.0) mag_t-c_err(r=30.0) mag_c(r=30.0) mag_t(r=32.0) mag_t-c_err(r=32.0) mag_c(r=32.0) mag_t(r=34.0) mag_t-c_err(r=34.0) mag_c(r=34.0) mag_t(r=36.0) mag_t-c_err(r=36.0) mag_c(r=36.0) 
7777.909506 2.0020 -8.455 -0.935 0.031 20.59 -10.761 MSCL0_1701240051 -16.96671 0.00177 -16.24006 -16.97099 0.00110 -16.24165 -16.97402 0.00111 -16.24292 -16.97648 0.00113 -16.24374 -16.97849 0.00114 -16.24498 
7777.910247 1.9890 -8.421 -1.152 -0.389 18.44 -10.871 MSCL0_1701240052 -16.97401 0.00180 -16.24625 -16.97844 0.00179 -16.24798 -16.98149 0.00110 -16.24987 -16.98370 0.00111 -16.25111 -16.98589 0.00113 -16.25193 
7777.910988 1.9762 -8.399 -1.875 -0.652 20.32 -10.760 MSCL0_1701240053 -16.97846 0.00182 -16.25576 -16.98347 0.00182 -16.25732 -16.98697 0.00180 -16.25894 -16.98915 0.00110 -16.26039 -16.99102 0.00112 -16.26147 
7777.911740 1.9633 -8.387 -0.495 0.616 20.60 -10.695 MSCL0_1701240054 -16.98341 0.00186 -16.25559 -16.98908 0.00185 -16.25737 -16.99241 0.00183 -16.25903 -16.99475 0.00184 -16.25989 -16.99685 0.00111 -16.26087 
7777.912480 1.9509 -8.375 -1.299 -0.820 21.56 -10.620 MSCL0_1701240055 -16.98065 0.00189 -16.25546 -16.98735 0.00188 -16.25900 -16.99195 0.00186 -16.26142 -16.99526 0.00187 -16.26294 -16.99785 0.00187 -16.26416 
7777.913232 1.9384 -8.364 -0.912 0.765 20.81 -10.745 MSCL0_1701240056 -16.99064 0.00104 -16.25959 -16.99651 0.00105 -16.26232 -17.00032 0.00106 -16.26385 -17.00320 0.00108 -16.26470 -17.00554 0.00109 -16.26522 
7777.913984 1.9261 -8.360 -1.234 -0.501 20.25 -10.746 MSCL0_1701240057 -16.98558 0.00103 -16.26017 -16.99042 0.00104 -16.26184 -16.99366 0.00105 -16.26285 -16.99609 0.00106 -16.26369 -16.99823 0.00108 -16.26421 
7777.914725 1.9142 -8.355 -1.542 -0.512 20.41 -10.722 MSCL0_1701240058 -16.98486 0.00102 -16.25778 -16.99012 0.00103 -16.26015 -16.99369 0.00105 -16.26206 -16.99613 0.00106 -16.26284 -16.99840 0.00108 -16.26426 
7777.915466 1.9025 -8.333 -1.067 0.865 20.72 -10.743 MSCL0_1701240059 -16.99456 0.00101 -16.26960 -16.99982 0.00102 -16.27122 -17.00326 0.00103 -16.27192 -17.00598 0.00105 -16.27261 -17.00835 0.00106 -16.27346 
7777.916218 1.8907 -8.326 -0.677 -0.072 19.46 -10.870 MSCL0_1701240060 -16.99723 0.00100 -16.27162 -17.00152 0.00101 -16.27340 -17.00389 0.00103 -16.27485 -17.00574 0.00104 -16.27592 -17.00786 0.00106 -16.27720 
7777.916959 1.8793 -8.345 -1.143 -0.413 19.89 -10.799 MSCL0_1701240061 -16.97484 0.00100 -16.24922 -16.97936 0.00101 -16.25121 -16.98217 0.00103 -16.25212 -16.98448 0.00104 -16.25294 -16.98647 0.00106 -16.25371 
7777.917700 1.8680 -8.293 -1.892 1.160 19.73 -10.869 MSCL0_1701240062 -17.00750 0.00098 -16.28136 -17.01202 0.00100 -16.28331 -17.01500 0.00101 -16.28465 -17.01718 0.00102 -16.28556 -17.01918 0.00104 -16.28631 
7777.918452 1.8567 -8.276 -1.036 -0.068 21.81 -10.594 MSCL0_1701240063 -17.00763 0.00098 -16.28488 -17.01348 0.00099 -16.28717 -17.01740 0.00100 -16.28867 -17.02014 0.00101 -16.29044 -17.02226 0.00103 -16.29143 
7777.919193 1.8458 -8.291 -0.676 -0.986 19.83 -10.756 MSCL0_1701240064 -16.99814 0.00097 -16.27153 -17.00332 0.00099 -16.27373 -17.00658 0.00100 -16.27534 -17.00934 0.00101 -16.27656 -17.01161 0.00103 -16.27748 
7777.919922 1.8352 -8.568 -1.390 0.167 20.34 -10.414 MSCL0_1701240065 -16.68181 0.00110 -15.95244 -16.68878 0.00112 -15.95479 -16.69339 0.00115 -15.95692 -16.69649 0.00117 -15.95924 -16.69953 0.00120 -15.95998 
7777.920674 1.8243 -8.256 -0.630 0.257 19.65 -10.720 MSCL0_1701240066 -17.01337 0.00096 -16.29043 -17.01965 0.00097 -16.29307 -17.02406 0.00098 -16.29484 -17.02738 0.00099 -16.29682 -17.02996 0.00101 -16.29804 
7777.921415 1.8138 -8.241 -0.865 0.331 20.70 -10.747 MSCL0_1701240067 -17.02387 0.00094 -16.29994 -17.02939 0.00096 -16.30204 -17.03283 0.00097 -16.30337 -17.03561 0.00098 -16.30463 -17.03790 0.00100 -16.30603 
7777.922156 1.8035 -8.233 -2.635 0.248 20.02 -10.786 MSCL0_1701240068 -17.01962 0.00094 -16.29684 -17.02522 0.00095 -16.29966 -17.02938 0.00096 -16.30173 -17.03229 0.00098 -16.30317 -17.03457 0.00099 -16.30399 
7777.922896 1.7933 -8.225 0.188 -0.668 20.20 -10.752 MSCL0_1701240069 -17.02555 0.00093 -16.30269 -17.03073 0.00094 -16.30486 -17.03383 0.00096 -16.30620 -17.03621 0.00097 -16.30766 -17.03842 0.00098 -16.30810 
7777.923637 1.7832 -8.216 -0.606 1.158 19.89 -10.805 MSCL0_1701240070 -17.03062 0.00093 -16.30493 -17.03535 0.00094 -16.30693 -17.03843 0.00095 -16.30841 -17.04057 0.00096 -16.30926 -17.04297 0.00098 -16.31026 
7777.924389 1.7731 -8.205 -1.405 -0.641 20.48 -10.804 MSCL0_1701240071 -17.03129 0.00092 -16.30892 -17.03657 0.00093 -16.31171 -17.03990 0.00094 -16.31331 -17.04256 0.00095 -16.31429 -17.04485 0.00097 -16.31560 
7777.925130 1.7633 -8.203 -0.870 0.329 18.95 -10.826 MSCL0_1701240072 -17.03023 0.00091 -16.30554 -17.03554 0.00093 -16.30774 -17.03908 0.00094 -16.30891 -17.04187 0.00095 -16.31054 -17.04433 0.00096 -16.31140 
7777.925883 1.7534 -8.197 -1.327 -0.158 20.88 -10.737 MSCL0_1701240073 -17.02958 0.00091 -16.30775 -17.03473 0.00092 -16.30963 -17.03811 0.00093 -16.31157 -17.04097 0.00094 -16.31321 -17.04339 0.00096 -16.31452 
7777.926623 1.7439 -8.182 -0.423 0.353 20.52 -10.699 MSCL0_1701240074 -17.03123 0.00090 -16.30829 -17.03686 0.00091 -16.31030 -17.04059 0.00092 -16.31216 -17.04323 0.00094 -16.31345 -17.04526 0.00095 -16.31454 
7777.927364 1.7344 -8.173 -0.938 -0.417 20.59 -10.707 MSCL0_1701240075 -17.03022 0.00089 -16.30839 -17.03652 0.00090 -16.31132 -17.04046 0.00092 -16.31332 -17.04346 0.00093 -16.31488 -17.04602 0.00094 -16.31664 
7777.928116 1.7250 -8.162 -0.891 1.614 20.25 -10.740 MSCL0_1701240076 -17.03616 0.00089 -16.31331 -17.04140 0.00090 -16.31566 -17.04491 0.00091 -16.31731 -17.04743 0.00092 -16.31840 -17.04939 0.00094 -16.31966 
7777.928857 1.7158 -8.139 -0.526 -1.463 19.00 -10.870 MSCL0_1701240077 -17.04336 0.00088 -16.31675 -17.04826 0.00089 -16.31886 -17.05141 0.00090 -16.32097 -17.05391 0.00092 -16.32260 -17.05598 0.00093 -16.32401 
7777.929598 1.7067 -8.127 -1.336 1.667 20.57 -10.740 MSCL0_1701240078 -17.04149 0.00088 -16.32109 -17.04648 0.00089 -16.32328 -17.05014 0.00090 -16.32471 -17.05308 0.00091 -16.32577 -17.05530 0.00092 -16.32660 
7777.930339 1.6978 -8.119 -0.756 -1.323 18.97 -10.875 MSCL0_1701240079 -17.04321 0.00087 -16.32019 -17.04800 0.00088 -16.32237 -17.05087 0.00089 -16.32421 -17.05326 0.00091 -16.32575 -17.05544 0.00092 -16.32671 
7777.931091 1.6888 -8.109 -0.685 0.820 18.70 -10.835 MSCL0_1701240080 -17.04259 0.00087 -16.31948 -17.04743 0.00088 -16.32158 -17.05040 0.00089 -16.32266 -17.05298 0.00090 -16.32391 -17.05520 0.00091 -16.32498 
7777.931832 1.6801 -8.098 -0.871 0.394 21.21 -10.634 MSCL0_1701240081 -17.04122 0.00086 -16.32074 -17.04704 0.00087 -16.32265 -17.05115 0.00088 -16.32457 -17.05390 0.00089 -16.32600 -17.05624 0.00090 -16.32682 
7777.932584 1.6714 -8.093 -0.816 0.109 20.63 -10.706 MSCL0_1701240082 -17.04110 0.00086 -16.31761 -17.04666 0.00087 -16.31994 -17.05034 0.00088 -16.32186 -17.05304 0.00089 -16.32342 -17.05519 0.00090 -16.32465 
7777.933325 1.6629 -8.091 -1.833 -0.465 19.57 -10.770 MSCL0_1701240083 -17.04048 0.00085 -16.31557 -17.04596 0.00086 -16.31744 -17.04979 0.00087 -16.31952 -17.05257 0.00089 -16.32066 -17.05484 0.00090 -16.32167 
7777.934042 1.6548 -8.076 0.628 0.878 19.34 -10.837 MSCL0_1701240084 -17.04164 0.00085 -16.31820 -17.04654 0.00086 -16.32000 -17.04974 0.00087 -16.32168 -17.05204 0.00088 -16.32283 -17.05416 0.00090 -16.32383 
7777.934795 1.6463 -8.070 -1.581 -0.301 20.03 -10.781 MSCL0_1701240085 -17.04255 0.00084 -16.31936 -17.04729 0.00085 -16.32124 -17.05044 0.00086 -16.32266 -17.05267 0.00088 -16.32408 -17.05494 0.00089 -16.32562 
7777.935535 1.6382 -8.056 0.070 -0.208 20.55 -10.812 MSCL0_1701240086 -17.04532 0.00084 -16.32554 -17.04996 0.00085 -16.32768 -17.05273 0.00086 -16.32933 -17.05481 0.00087 -16.33067 -17.05680 0.00088 -16.33168 
7777.936276 1.6301 -8.043 -0.931 0.743 18.97 -11.000 MSCL0_1701240087 -17.05154 0.00083 -16.32808 -17.05527 0.00084 -16.32973 -17.05757 0.00085 -16.33071 -17.05955 0.00086 -16.33161 -17.06141 0.00088 -16.33236 
7777.937017 1.6221 -8.028 -0.486 0.035 18.55 -11.068 MSCL0_1701240088 -17.05652 0.00083 -16.33253 -17.06057 0.00084 -16.33364 -17.06311 0.00085 -16.33465 -17.06509 0.00086 -16.33588 -17.06688 0.00087 -16.33661 
7777.937769 1.6141 -8.033 -0.601 0.594 20.77 -10.837 MSCL0_1701240089 -17.05130 0.00082 -16.33077 -17.05576 0.00083 -16.33272 -17.05843 0.00084 -16.33446 -17.06050 0.00086 -16.33539 -17.06255 0.00087 -16.33662 
7777.938510 1.6064 -8.027 -1.057 -0.928 20.82 -10.843 MSCL0_1701240090 -17.05065 0.00082 -16.33133 -17.05523 0.00083 -16.33334 -17.05829 0.00084 -16.33517 -17.06041 0.00085 -16.33610 -17.06254 0.00087 -16.33676 
7777.939251 1.5987 -8.023 -0.994 0.624 19.31 -10.889 MSCL0_1701240091 -17.04895 0.00082 -16.32916 -17.05318 0.00083 -16.33056 -17.05596 0.00084 -16.33160 -17.05801 0.00085 -16.33260 -17.05992 0.00086 -16.33333 
7777.939991 1.5911 -8.004 -0.889 -0.731 19.56 -10.936 MSCL0_1701240092 -17.05402 0.00081 -16.33647 -17.05839 0.00082 -16.33838 -17.06108 0.00083 -16.33963 -17.06340 0.00084 -16.34039 -17.06544 0.00086 -16.34108 
7777.940732 1.5836 -7.995 -0.811 0.630 19.68 -10.843 MSCL0_1701240093 -17.05228 0.00081 -16.33451 -17.05723 0.00082 -16.33656 -17.06046 0.00083 -16.33827 -17.06277 0.00084 -16.33936 -17.06504 0.00085 -16.34060 
7777.941484 1.5761 -7.996 -1.119 0.160 20.03 -10.868 MSCL0_1701240094 -17.05222 0.00080 -16.33097 -17.05646 0.00081 -16.33233 -17.05920 0.00082 -16.33329 -17.06113 0.00084 -16.33456 -17.06313 0.00085 -16.33550 
7777.942225 1.5688 -7.989 -0.312 0.852 20.91 -10.765 MSCL0_1701240095 -17.04864 0.00080 -16.33128 -17.05378 0.00081 -16.33335 -17.05699 0.00082 -16.33481 -17.05953 0.00084 -16.33630 -17.06171 0.00085 -16.33736 
7777.942966 1.5616 -7.984 -0.883 0.151 19.08 -10.973 MSCL0_1701240096 -17.05147 0.00079 -16.33409 -17.05521 0.00081 -16.33575 -17.05777 0.00082 -16.33699 -17.05987 0.00083 -16.33806 -17.06185 0.00084 -16.33924 
7777.943718 1.5543 -7.977 -0.889 -0.162 19.89 -10.880 MSCL0_1701240097 -17.04987 0.00079 -16.33308 -17.05375 0.00080 -16.33473 -17.05595 0.00081 -16.33623 -17.05776 0.00083 -16.33707 -17.05951 0.00084 -16.33792 
7777.944471 1.5472 -7.971 -0.525 0.322 19.50 -10.930 MSCL0_1701240098 -17.04778 0.00079 -16.33060 -17.05188 0.00080 -16.33278 -17.05463 0.00081 -16.33429 -17.05679 0.00082 -16.33532 -17.05856 0.00084 -16.33605 
7777.945211 1.5402 -7.949 -1.111 0.526 19.51 -10.922 MSCL0_1701240099 -17.05146 0.00078 -16.33662 -17.05629 0.00079 -16.33831 -17.05963 0.00080 -16.33956 -17.06209 0.00081 -16.34050 -17.06430 0.00083 -16.34155 
7777.945940 1.5334 -7.927 -0.162 -0.340 19.93 -10.912 MSCL0_1701240100 -17.05752 0.00078 -16.34557 -17.06149 0.00079 -16.34686 -17.06387 0.00080 -16.34814 -17.06563 0.00081 -16.34928 -17.06753 0.00082 -16.34990 
7777.946681 1.5266 -7.912 -0.428 0.780 20.34 -10.936 MSCL0_1701240101 -17.06087 0.00077 -16.34992 -17.06517 0.00078 -16.35160 -17.06773 0.00079 -16.35294 -17.06967 0.00080 -16.35417 -17.07168 0.00082 -16.35454 
7777.947422 1.5199 -7.907 -1.009 -0.255 19.95 -10.965 MSCL0_1701240102 -17.05793 0.00077 -16.34868 -17.06192 0.00078 -16.34991 -17.06427 0.00079 -16.35123 -17.06595 0.00081 -16.35265 -17.06770 0.00082 -16.35355 
7777.948174 1.5132 -7.899 -0.288 0.064 19.25 -11.103 MSCL0_1701240103 -17.05781 0.00077 -16.34733 -17.06124 0.00078 -16.34850 -17.06322 0.00079 -16.34938 -17.06471 0.00080 -16.35010 -17.06643 0.00081 -16.35067 
7777.948915 1.5066 -7.886 -1.721 0.375 19.09 -11.037 MSCL0_1701240104 -17.05732 0.00076 -16.34834 -17.06071 0.00077 -16.34977 -17.06297 0.00078 -16.35095 -17.06479 0.00080 -16.35163 -17.06695 0.00081 -16.35187 
7777.949656 1.5002 -7.881 -0.413 -0.339 18.18 -11.075 MSCL0_1701240105 -17.05409 0.00076 -16.34588 -17.05768 0.00077 -16.34726 -17.05986 0.00078 -16.34841 -17.06155 0.00080 -16.34939 -17.06350 0.00081 -16.35011 
7777.950385 1.4939 -7.863 -0.503 0.591 18.49 -11.127 MSCL0_1701240106 -17.05928 0.00075 -16.35020 -17.06200 0.00076 -16.35138 -17.06366 0.00078 -16.35236 -17.06534 0.00079 -16.35300 -17.06686 0.00080 -16.35364 
7777.951137 1.4874 -7.853 -0.452 -0.285 18.54 -11.090 MSCL0_1701240107 -17.05785 0.00075 -16.35251 -17.06117 0.00076 -16.35356 -17.06331 0.00077 -16.35417 -17.06493 0.00078 -16.35499 -17.06636 0.00080 -16.35570 
7777.951878 1.4812 -7.943 -0.840 0.527 18.86 -11.021 MSCL0_1701240108 -16.92730 0.00079 -16.22019 -16.93019 0.00080 -16.22162 -16.93194 0.00082 -16.22291 -16.93337 0.00083 -16.22350 -16.93464 0.00085 -16.22419 
7777.952607 1.4751 -8.285 -0.577 0.493 19.07 -10.552 MSCL0_1701240109 -16.42683 0.00103 -15.72837 -16.43002 0.00107 -15.72935 -16.43169 0.00110 -15.72960 -16.43287 0.00113 -15.72984 -16.43483 0.00117 -15.72996 
7777.953358 1.4689 -8.173 0.034 0.943 18.67 -10.753 MSCL0_1701240110 -16.62614 0.00092 -15.91009 -16.62938 0.00094 -15.91132 -16.63143 0.00097 -15.91223 -16.63250 0.00099 -15.91295 -16.63419 0.00102 -15.91380 
7777.954088 1.4630 -8.007 -0.836 0.350 18.57 -10.980 MSCL0_1701240111 -16.82901 0.00082 -16.13114 -16.83172 0.00084 -16.13195 -16.83315 0.00085 -16.13248 -16.83428 0.00087 -16.13322 -16.83568 0.00089 -16.13385 
7777.954828 1.4570 -8.522 -0.147 0.865 19.64 -10.045 MSCL0_1701240112 -15.78260 0.00165 -15.08404 -15.78468 0.00173 -15.08416 -15.78584 0.00181 -15.08395 -15.78745 0.00189 -15.08476 -15.78864 0.00198 -15.08644 
7777.955569 1.4511 -8.224 -0.569 0.156 19.13 -10.592 MSCL0_1701240113 -16.41588 0.00103 -15.72449 -16.41898 0.00106 -15.72565 -16.42042 0.00109 -15.72653 -16.42165 0.00113 -15.72740 -16.42338 0.00116 -15.72732 
7777.956321 1.4452 -8.268 -0.540 -0.019 18.23 -10.394 MSCL0_1701240114 -16.18504 0.00118 -15.48186 -16.18777 0.00122 -15.48289 -16.18948 0.00127 -15.48347 -16.19043 0.00132 -15.48397 -16.19177 0.00137 -15.48424 
7777.957074 1.4394 -7.818 -0.871 0.189 18.11 -11.138 MSCL0_1701240115 -17.02054 0.00074 -16.31508 -17.02336 0.00075 -16.31641 -17.02489 0.00076 -16.31722 -17.02621 0.00077 -16.31790 -17.02781 0.00079 -16.31833 
7777.957814 1.4337 -7.767 -0.593 0.414 19.07 -11.081 MSCL0_1701240116 -17.07254 0.00072 -16.36826 -17.07560 0.00073 -16.36972 -17.07745 0.00074 -16.37074 -17.07880 0.00075 -16.37165 -17.08054 0.00077 -16.37210 
7777.958567 1.4280 -7.815 -0.461 -0.534 18.71 -10.999 MSCL0_1701240117 -16.99796 0.00074 -16.29439 -17.00118 0.00075 -16.29603 -17.00327 0.00076 -16.29677 -17.00520 0.00078 -16.29755 -17.00682 0.00079 -16.29837 
7777.959307 1.4224 -7.829 -0.434 0.900 19.59 -11.023 MSCL0_1701240118 -16.98166 0.00075 -16.28204 -16.98457 0.00076 -16.28372 -16.98623 0.00077 -16.28454 -16.98777 0.00078 -16.28515 -16.98939 0.00080 -16.28642 
7777.960048 1.4169 -7.763 -0.214 -0.118 18.89 -11.127 MSCL0_1701240119 -17.06767 0.00071 -16.36659 -17.07076 0.00072 -16.36761 -17.07249 0.00073 -16.36856 -17.07378 0.00075 -16.36903 -17.07560 0.00076 -16.36977 
7777.960789 1.4115 -7.789 -0.877 0.344 19.05 -10.986 MSCL0_1701240120 -17.03834 0.00072 -16.33665 -17.04183 0.00073 -16.33796 -17.04408 0.00074 -16.33869 -17.04590 0.00076 -16.33957 -17.04757 0.00077 -16.34002 
7777.961530 1.4061 -7.764 0.456 -0.361 19.31 -11.060 MSCL0_1701240121 -17.06674 0.00071 -16.36567 -17.06992 0.00072 -16.36691 -17.07183 0.00073 -16.36784 -17.07324 0.00074 -16.36852 -17.07464 0.00076 -16.36905 
7777.962270 1.4008 -7.748 -0.804 0.534 18.89 -11.149 MSCL0_1701240122 -17.07649 0.00071 -16.37592 -17.07913 0.00072 -16.37655 -17.08047 0.00073 -16.37736 -17.08158 0.00074 -16.37764 -17.08302 0.00075 -16.37853 
7777.963011 1.3955 -7.747 -0.424 0.411 17.86 -11.335 MSCL0_1701240123 -17.07390 0.00070 -16.37277 -17.07587 0.00071 -16.37328 -17.07717 0.00072 -16.37367 -17.07817 0.00073 -16.37430 -17.07937 0.00075 -16.37481 
7777.963763 1.3903 -7.739 -0.171 -0.671 18.44 -11.135 MSCL0_1701240124 -17.07262 0.00070 -16.37222 -17.07570 0.00071 -16.37348 -17.07765 0.00072 -16.37411 -17.07903 0.00073 -16.37481 -17.08079 0.00074 -16.37574 
7777.964504 1.3851 -7.719 -0.667 1.451 18.37 -11.211 MSCL0_1701240125 -17.07561 0.00070 -16.37535 -17.07804 0.00071 -16.37598 -17.07943 0.00072 -16.37709 -17.08066 0.00073 -16.37777 -17.08207 0.00074 -16.37842 
7777.965257 1.3800 -7.705 -0.196 -0.689 19.04 -11.123 MSCL0_1701240126 -17.06885 0.00070 -16.37033 -17.07180 0.00071 -16.37191 -17.07373 0.00072 -16.37255 -17.07522 0.00073 -16.37342 -17.07665 0.00074 -16.37382 
7777.965997 1.3750 -7.702 0.014 0.757 18.77 -11.021 MSCL0_1701240127 -17.05826 0.00070 -16.36015 -17.06184 0.00071 -16.36182 -17.06420 0.00072 -16.36295 -17.06621 0.00073 -16.36384 -17.06800 0.00074 -16.36393 
7777.966738 1.3700 -7.680 -0.535 -0.159 18.77 -11.032 MSCL0_1701240128 -17.05749 0.00069 -16.35628 -17.06110 0.00070 -16.35746 -17.06351 0.00072 -16.35865 -17.06521 0.00073 -16.35930 -17.06705 0.00074 -16.36022 
7777.967479 1.3651 -7.700 -0.360 0.473 18.20 -11.134 MSCL0_1701240129 -17.00145 0.00071 -16.30163 -17.00399 0.00072 -16.30253 -17.00556 0.00073 -16.30333 -17.00694 0.00074 -16.30337 -17.00852 0.00076 -16.30403 
7777.968231 1.3602 -7.633 -0.662 0.081 18.39 -11.203 MSCL0_1701240130 -17.06743 0.00069 -16.36747 -17.06976 0.00070 -16.36852 -17.07115 0.00071 -16.36915 -17.07237 0.00072 -16.36971 -17.07368 0.00073 -16.37030 
7777.968972 1.3554 -7.614 -0.493 -0.039 18.20 -11.183 MSCL0_1701240131 -17.06912 0.00068 -16.36814 -17.07165 0.00069 -16.36930 -17.07324 0.00070 -16.37008 -17.07458 0.00071 -16.37090 -17.07612 0.00072 -16.37147 
7777.969713 1.3507 -7.618 0.124 -0.087 18.45 -11.244 MSCL0_1701240132 -17.05470 0.00069 -16.35622 -17.05719 0.00069 -16.35662 -17.05858 0.00071 -16.35766 -17.05967 0.00072 -16.35784 -17.06101 0.00073 -16.35819 
7777.970465 1.3459 -7.586 -0.438 0.382 18.22 -11.281 MSCL0_1701240133 -17.07366 0.00068 -16.37362 -17.07599 0.00068 -16.37460 -17.07756 0.00069 -16.37548 -17.07857 0.00071 -16.37630 -17.07995 0.00072 -16.37660 
7777.971206 1.3413 -7.574 -0.195 0.103 18.03 -11.165 MSCL0_1701240134 -17.07142 0.00068 -16.37232 -17.07431 0.00069 -16.37330 -17.07597 0.00070 -16.37428 -17.07739 0.00071 -16.37491 -17.07893 0.00072 -16.37539 
7777.971958 1.3366 -7.580 -0.281 0.396 17.68 -11.199 MSCL0_1701240135 -17.05817 0.00068 -16.36042 -17.06090 0.00069 -16.36164 -17.06232 0.00070 -16.36267 -17.06366 0.00071 -16.36358 -17.06530 0.00072 -16.36450 
7777.972699 1.3321 -7.628 -0.142 -0.332 18.42 -11.061 MSCL0_1701240136 -16.98215 0.00070 -16.28606 -16.98539 0.00071 -16.28735 -16.98719 0.00072 -16.28880 -16.98858 0.00073 -16.28975 -16.98989 0.00074 -16.29069 
7777.973439 1.3276 -7.630 -0.733 0.245 18.73 -10.962 MSCL0_1701240137 -16.95434 0.00070 -16.25773 -16.95755 0.00071 -16.25894 -16.95974 0.00072 -16.25998 -16.96120 0.00074 -16.26055 -16.96284 0.00075 -16.26090 
7777.974192 1.3231 -7.545 0.080 -0.149 19.05 -10.907 MSCL0_1701240138 -17.05271 0.00067 -16.35918 -17.05725 0.00068 -16.36093 -17.06015 0.00069 -16.36189 -17.06221 0.00070 -16.36326 -17.06422 0.00071 -16.36385 
7777.974932 1.3187 -7.606 -0.772 0.298 18.51 -10.932 MSCL0_1701240139 -16.95894 0.00070 -16.26599 -16.96251 0.00071 -16.26782 -16.96472 0.00072 -16.26902 -16.96651 0.00074 -16.27010 -16.96832 0.00075 -16.27063 
7777.975685 1.3143 -7.701 0.062 0.070 18.40 -10.979 MSCL0_1701240140 -16.88424 0.00072 -16.18033 -16.88734 0.00074 -16.18163 -16.88937 0.00075 -16.18262 -16.89088 0.00076 -16.18328 -16.89233 0.00078 -16.18377 
7777.976437 1.3100 -8.380 0.584 1.208 19.73 -9.720 MSCL0_1701240141 -15.43650 0.00205 -14.75277 -15.44019 0.00216 -14.75338 -15.44274 0.00227 -14.75353 -15.44441 0.00238 -14.75255 -15.44613 0.00249 -14.75325 
7777.977178 1.3058 -8.528 77.631 -53.593 19.05 -8.941 MSCL0_1701240142 -13.35247 0.01313 -13.59301 -13.36072 0.01393 -13.59981 -13.36965 0.01471 -13.60397 -13.37472 0.01554 -13.60517 -13.37831 0.01638 -13.60524 
7777.977919 1.3016 -8.342 -2.464 -0.972 19.35 -9.175 MSCL0_1701240143 -14.52739 0.00425 -13.82401 -14.53004 0.00451 -13.82386 -14.53208 0.00478 -13.81956 -14.53154 0.00505 -13.81895 -14.53088 0.00533 -13.81775 
7777.978659 1.2974 -8.024 -3.881 -0.876 19.11 -10.071 MSCL0_1701240144 -15.91830 0.00130 -15.20930 -15.92108 0.00135 -15.21080 -15.92307 0.00141 -15.21264 -15.92409 0.00146 -15.21250 -15.92546 0.00152 -15.21331 
7777.979388 1.2934 -7.494 -1.823 -0.343 20.51 -10.979 MSCL0_1701240145 -17.05967 0.00066 -16.36184 -17.06319 0.00067 -16.36334 -17.06544 0.00068 -16.36459 -17.06732 0.00069 -16.36560 -17.06903 0.00070 -16.36619 
7777.980141 1.2893 -7.462 0.162 0.278 18.58 -11.292 MSCL0_1701240146 -17.08728 0.00065 -16.39098 -17.08957 0.00066 -16.39164 -17.09086 0.00066 -16.39243 -17.09208 0.00067 -16.39305 -17.09338 0.00068 -16.39379 
7777.980882 1.2853 -7.459 -0.020 -0.527 18.12 -11.229 MSCL0_1701240147 -17.08742 0.00065 -16.39213 -17.08994 0.00065 -16.39342 -17.09137 0.00066 -16.39412 -17.09256 0.00067 -16.39500 -17.09387 0.00068 -16.39524 
7777.981634 1.2813 -7.455 -0.626 0.460 17.80 -11.287 MSCL0_1701240148 -17.09119 0.00064 -16.39220 -17.09349 0.00065 -16.39318 -17.09477 0.00066 -16.39398 -17.09623 0.00067 -16.39437 -17.09768 0.00068 -16.39497 
7777.982386 1.2773 -7.460 0.256 -0.299 18.16 -11.290 MSCL0_1701240149 -17.08748 0.00064 -16.38800 -17.08987 0.00065 -16.38911 -17.09105 0.00066 -16.38996 -17.09212 0.00067 -16.39060 -17.09349 0.00068 -16.39117 
7777.983127 1.2734 -7.457 0.190 0.449 17.81 -11.375 MSCL0_1701240150 -17.08945 0.00064 -16.38992 -17.09145 0.00065 -16.39058 -17.09268 0.00066 -16.39152 -17.09375 0.00067 -16.39231 -17.09498 0.00068 -16.39304 
7777.983879 1.2695 -7.451 -0.873 -0.309 17.35 -11.440 MSCL0_1701240151 -17.08923 0.00064 -16.39171 -17.09105 0.00065 -16.39277 -17.09237 0.00066 -16.39323 -17.09340 0.00067 -16.39391 -17.09452 0.00068 -16.39452 
7777.984620 1.2657 -7.444 0.440 0.456 18.08 -11.315 MSCL0_1701240152 -17.08598 0.00064 -16.38670 -17.08814 0.00065 -16.38753 -17.08940 0.00066 -16.38815 -17.09056 0.00067 -16.38852 -17.09184 0.00068 -16.38903 
7777.985372 1.2619 -7.436 0.188 -0.667 17.23 -11.490 MSCL0_1701240153 -17.08633 0.00064 -16.38671 -17.08809 0.00065 -16.38742 -17.08907 0.00065 -16.38768 -17.09001 0.00066 -16.38814 -17.09131 0.00067 -16.38874 
7777.986125 1.2582 -7.425 -0.632 0.901 17.88 -11.348 MSCL0_1701240154 -17.09061 0.00063 -16.39067 -17.09253 0.00064 -16.39199 -17.09381 0.00065 -16.39277 -17.09470 0.00066 -16.39351 -17.09590 0.00067 -16.39403 
7777.986865 1.2545 -7.425 0.196 -0.346 17.57 -11.284 MSCL0_1701240155 -17.07855 0.00064 -16.37902 -17.08107 0.00064 -16.38031 -17.08279 0.00065 -16.38120 -17.08416 0.00066 -16.38194 -17.08554 0.00067 -16.38284 
7777.987606 1.2509 -7.419 -0.091 0.000 18.21 -11.267 MSCL0_1701240156 -17.08014 0.00063 -16.38347 -17.08254 0.00064 -16.38441 -17.08411 0.00065 -16.38521 -17.08539 0.00066 -16.38574 -17.08682 0.00067 -16.38652 
7777.988347 1.2473 -7.398 -0.437 -0.041 17.55 -11.403 MSCL0_1701240157 -17.09801 0.00063 -16.39611 -17.10006 0.00064 -16.39698 -17.10130 0.00064 -16.39767 -17.10243 0.00065 -16.39811 -17.10372 0.00066 -16.39837 
7777.989088 1.2438 -7.381 0.410 0.004 17.67 -11.374 MSCL0_1701240158 -17.10636 0.00062 -16.40789 -17.10864 0.00063 -16.40899 -17.11001 0.00064 -16.40962 -17.11111 0.00065 -16.41033 -17.11248 0.00066 -16.41067 
7777.989840 1.2402 -7.367 -0.510 0.403 17.98 -11.282 MSCL0_1701240159 -17.10569 0.00062 -16.40605 -17.10825 0.00063 -16.40735 -17.10997 0.00064 -16.40841 -17.11130 0.00065 -16.40903 -17.11287 0.00065 -16.40949 
7777.990581 1.2368 -7.354 0.360 -0.938 16.84 -11.409 MSCL0_1701240160 -17.11175 0.00062 -16.41164 -17.11377 0.00063 -16.41260 -17.11484 0.00063 -16.41341 -17.11578 0.00064 -16.41397 -17.11692 0.00065 -16.41448 
7777.991321 1.2333 -7.337 -0.310 0.783 17.59 -11.478 MSCL0_1701240161 -17.11808 0.00061 -16.41820 -17.11981 0.00062 -16.41885 -17.12088 0.00063 -16.41932 -17.12177 0.00064 -16.41971 -17.12292 0.00065 -16.41991 
7777.992051 1.2300 -7.326 -0.060 -0.722 17.73 -11.418 MSCL0_1701240162 -17.12030 0.00061 -16.42147 -17.12191 0.00062 -16.42229 -17.12287 0.00063 -16.42316 -17.12390 0.00064 -16.42370 -17.12506 0.00065 -16.42429 
7777.992791 1.2267 -7.311 0.262 0.611 17.14 -11.570 MSCL0_1701240163 -17.12151 0.00061 -16.42272 -17.12309 0.00062 -16.42356 -17.12412 0.00063 -16.42439 -17.12504 0.00064 -16.42521 -17.12623 0.00065 -16.42588 
7777.993543 1.2233 -7.394 0.043 -0.234 17.51 -11.435 MSCL0_1701240164 -16.98964 0.00065 -16.28639 -16.99108 0.00066 -16.28716 -16.99177 0.00067 -16.28780 -16.99243 0.00068 -16.28826 -16.99363 0.00069 -16.28866 
7777.994283 1.2200 -7.294 -0.130 0.229 17.14 -11.534 MSCL0_1701240165 -17.12069 0.00061 -16.41830 -17.12226 0.00062 -16.41932 -17.12327 0.00062 -16.41988 -17.12401 0.00063 -16.42042 -17.12534 0.00064 -16.42086 
7777.995036 1.2167 -7.283 0.130 -0.014 17.71 -11.457 MSCL0_1701240166 -17.12065 0.00061 -16.41912 -17.12228 0.00062 -16.41982 -17.12323 0.00062 -16.42058 -17.12414 0.00063 -16.42105 -17.12524 0.00064 -16.42156 
7777.995776 1.2135 -7.274 0.097 0.143 17.31 -11.485 MSCL0_1701240167 -17.12207 0.00061 -16.42092 -17.12385 0.00061 -16.42190 -17.12497 0.00062 -16.42268 -17.12604 0.00063 -16.42322 -17.12734 0.00064 -16.42371 
7777.996506 1.2104 -7.267 -0.219 0.035 17.20 -11.655 MSCL0_1701240168 -17.12276 0.00060 -16.41957 -17.12413 0.00061 -16.42041 -17.12506 0.00062 -16.42115 -17.12584 0.00063 -16.42153 -17.12701 0.00064 -16.42188 
7777.997246 1.2073 -7.252 0.506 0.056 17.36 -11.639 MSCL0_1701240169 -17.12718 0.00060 -16.42342 -17.12862 0.00061 -16.42435 -17.12952 0.00062 -16.42491 -17.13026 0.00062 -16.42537 -17.13149 0.00063 -16.42575 
7777.997987 1.2042 -7.247 -0.143 -0.052 21.09 -11.189 MSCL0_1701240170 -17.12717 0.00060 -16.42680 -17.12981 0.00061 -16.42770 -17.13112 0.00062 -16.42828 -17.13235 0.00063 -16.42893 -17.13410 0.00064 -16.42950 
7777.998728 1.2011 -7.242 0.306 0.087 21.37 -11.096 MSCL0_1701240171 -17.12460 0.00060 -16.42277 -17.12769 0.00061 -16.42361 -17.12928 0.00062 -16.42451 -17.13050 0.00063 -16.42520 -17.13224 0.00064 -16.42529 
7777.999469 1.1981 -7.241 0.135 0.226 20.87 -11.145 MSCL0_1701240172 -17.12635 0.00060 -16.42490 -17.12917 0.00061 -16.42577 -17.13048 0.00062 -16.42637 -17.13172 0.00062 -16.42711 -17.13331 0.00063 -16.42734 
7778.000221 1.1951 -7.232 0.117 -0.118 21.20 -11.117 MSCL0_1701240173 -17.12598 0.00060 -16.42526 -17.12906 0.00061 -16.42608 -17.13065 0.00062 -16.42676 -17.13198 0.00062 -16.42741 -17.13352 0.00063 -16.42813 
7778.000962 1.1921 -7.219 -0.225 0.250 21.57 -11.103 MSCL0_1701240174 -17.12788 0.00060 -16.42368 -17.13095 0.00060 -16.42444 -17.13271 0.00061 -16.42499 -17.13405 0.00062 -16.42581 -17.13568 0.00063 -16.42650 
7778.001714 1.1891 -7.218 -0.027 0.037 21.36 -11.115 MSCL0_1701240175 -17.12576 0.00060 -16.42041 -17.12882 0.00060 -16.42113 -17.13028 0.00061 -16.42179 -17.13153 0.00062 -16.42211 -17.13324 0.00063 -16.42252 
7778.002455 1.1862 -7.214 0.371 0.271 21.44 -11.087 MSCL0_1701240176 -17.12489 0.00060 -16.42042 -17.12797 0.00060 -16.42136 -17.12978 0.00061 -16.42230 -17.13105 0.00062 -16.42320 -17.13264 0.00063 -16.42381 
7778.003195 1.1834 -7.202 0.165 -0.059 21.02 -11.194 MSCL0_1701240177 -17.12748 0.00059 -16.42122 -17.13013 0.00060 -16.42213 -17.13150 0.00061 -16.42294 -17.13279 0.00062 -16.42371 -17.13440 0.00063 -16.42397 
7778.003948 1.1805 -7.197 0.236 0.017 20.91 -11.184 MSCL0_1701240178 -17.13040 0.00059 -16.42013 -17.13292 0.00060 -16.42108 -17.13423 0.00061 -16.42185 -17.13544 0.00062 -16.42205 -17.13682 0.00062 -16.42250 
7778.004688 1.1777 -7.187 -0.096 0.552 21.62 -11.177 MSCL0_1701240179 -17.13158 0.00059 -16.42019 -17.13395 0.00060 -16.42086 -17.13534 0.00060 -16.42149 -17.13652 0.00061 -16.42242 -17.13805 0.00062 -16.42265 
7778.005429 1.1750 -7.171 0.284 -0.229 21.20 -11.202 MSCL0_1701240180 -17.13046 0.00059 -16.42032 -17.13330 0.00059 -16.42109 -17.13473 0.00060 -16.42158 -17.13592 0.00061 -16.42240 -17.13748 0.00062 -16.42300 
7778.006158 1.1723 -7.156 0.061 -0.328 20.45 -11.235 MSCL0_1701240181 -17.12842 0.00059 -16.41745 -17.13098 0.00060 -16.41835 -17.13242 0.00060 -16.41890 -17.13368 0.00061 -16.41945 -17.13523 0.00062 -16.42005 
7778.006911 1.1695 -7.130 0.494 0.069 20.77 -11.194 MSCL0_1701240182 -17.12887 0.00059 -16.41727 -17.13150 0.00059 -16.41810 -17.13286 0.00060 -16.41857 -17.13391 0.00061 -16.41917 -17.13534 0.00062 -16.41969 
7778.007651 1.1668 -7.120 0.000 0.449 21.62 -11.108 MSCL0_1701240183 -17.13064 0.00058 -16.41814 -17.13349 0.00059 -16.41906 -17.13495 0.00060 -16.41978 -17.13624 0.00061 -16.42033 -17.13782 0.00061 -16.42075 
7778.008404 1.1642 -7.112 0.123 -0.465 21.16 -11.095 MSCL0_1701240184 -17.12941 0.00058 -16.41627 -17.13236 0.00059 -16.41732 -17.13386 0.00060 -16.41837 -17.13498 0.00061 -16.41878 -17.13640 0.00061 -16.41915 
7778.009144 1.1616 -7.105 0.180 0.523 21.32 -11.146 MSCL0_1701240185 -17.13160 0.00058 -16.41717 -17.13471 0.00059 -16.41832 -17.13646 0.00060 -16.41914 -17.13778 0.00060 -16.41983 -17.13928 0.00061 -16.42059 
7778.009897 1.1589 -7.098 0.282 0.069 21.59 -11.121 MSCL0_1701240186 -17.13406 0.00058 -16.41983 -17.13695 0.00059 -16.42095 -17.13837 0.00059 -16.42196 -17.13989 0.00060 -16.42259 -17.14171 0.00061 -16.42306 
7778.010637 1.1564 -7.093 -0.076 -0.308 21.34 -11.130 MSCL0_1701240187 -17.13373 0.00058 -16.42024 -17.13652 0.00059 -16.42144 -17.13805 0.00060 -16.42228 -17.13935 0.00060 -16.42323 -17.14093 0.00061 -16.42369 
7778.011390 1.1538 -7.087 0.368 0.092 20.86 -11.209 MSCL0_1701240188 -17.13826 0.00058 -16.42236 -17.14097 0.00058 -16.42335 -17.14237 0.00059 -16.42397 -17.14363 0.00060 -16.42485 -17.14529 0.00061 -16.42563 
7778.012131 1.1513 -7.082 0.481 -0.147 21.61 -11.172 MSCL0_1701240189 -17.13819 0.00058 -16.41920 -17.14099 0.00058 -16.42009 -17.14254 0.00059 -16.42075 -17.14382 0.00060 -16.42128 -17.14537 0.00061 -16.42186 
7778.012871 1.1489 -7.078 0.090 -0.294 20.64 -11.260 MSCL0_1701240190 -17.14224 0.00057 -16.42369 -17.14478 0.00058 -16.42442 -17.14612 0.00059 -16.42519 -17.14728 0.00060 -16.42608 -17.14869 0.00060 -16.42668 
7778.013612 1.1464 -7.069 0.101 0.339 21.73 -11.050 MSCL0_1701240191 -17.14350 0.00057 -16.42650 -17.14695 0.00058 -16.42748 -17.14904 0.00059 -16.42875 -17.15065 0.00060 -16.42962 -17.15245 0.00060 -16.43037 
7778.014353 1.1440 -7.066 0.840 -0.505 21.81 -11.059 MSCL0_1701240192 -17.14669 0.00057 -16.42989 -17.15023 0.00058 -16.43087 -17.15218 0.00059 -16.43165 -17.15373 0.00059 -16.43251 -17.15548 0.00060 -16.43294 
7778.015094 1.1417 -7.057 -0.378 0.667 20.94 -11.150 MSCL0_1701240193 -17.15011 0.00057 -16.43208 -17.15320 0.00058 -16.43338 -17.15482 0.00059 -16.43440 -17.15627 0.00059 -16.43500 -17.15792 0.00060 -16.43569 
7778.015834 1.1393 -7.051 0.617 -0.453 21.30 -11.113 MSCL0_1701240194 -17.14973 0.00057 -16.43275 -17.15274 0.00058 -16.43398 -17.15458 0.00058 -16.43505 -17.15624 0.00059 -16.43599 -17.15814 0.00060 -16.43671 
7778.016575 1.1370 -7.043 -0.202 0.534 21.66 -11.159 MSCL0_1701240195 -17.15196 0.00057 -16.43357 -17.15461 0.00058 -16.43459 -17.15611 0.00058 -16.43542 -17.15732 0.00059 -16.43627 -17.15888 0.00060 -16.43657 
7778.017327 1.1347 -7.040 0.809 -0.477 20.16 -11.258 MSCL0_1701240196 -17.15091 0.00057 -16.43209 -17.15400 0.00057 -16.43308 -17.15566 0.00058 -16.43396 -17.15694 0.00059 -16.43472 -17.15851 0.00060 -16.43541 
7778.018068 1.1324 -7.037 0.215 0.326 20.99 -11.265 MSCL0_1701240197 -17.15134 0.00057 -16.43392 -17.15387 0.00057 -16.43487 -17.15514 0.00058 -16.43553 -17.15625 0.00059 -16.43626 -17.15776 0.00059 -16.43685 
7778.018809 1.1302 -7.025 0.151 -0.405 20.73 -11.264 MSCL0_1701240198 -17.15310 0.00057 -16.43583 -17.15583 0.00057 -16.43686 -17.15744 0.00058 -16.43790 -17.15884 0.00059 -16.43865 -17.16041 0.00060 -16.43926 
7778.019561 1.1279 -7.025 0.322 0.280 21.02 -11.110 MSCL0_1701240199 -17.15222 0.00057 -16.43591 -17.15562 0.00057 -16.43709 -17.15755 0.00058 -16.43793 -17.15899 0.00059 -16.43842 -17.16057 0.00059 -16.43907 
7778.020302 1.1257 -7.021 0.381 -0.378 20.94 -11.137 MSCL0_1701240200 -17.15364 0.00056 -16.43492 -17.15696 0.00057 -16.43612 -17.15888 0.00058 -16.43694 -17.16014 0.00059 -16.43755 -17.16186 0.00059 -16.43799 
7778.021043 1.1236 -7.017 -0.362 0.374 20.87 -11.094 MSCL0_1701240201 -17.15551 0.00056 -16.43714 -17.15878 0.00057 -16.43829 -17.16052 0.00058 -16.43935 -17.16193 0.00059 -16.43995 -17.16351 0.00059 -16.44043 
7778.021795 1.1214 -7.005 0.851 -0.364 21.23 -11.057 MSCL0_1701240202 -17.15843 0.00056 -16.44111 -17.16181 0.00057 -16.44354 -17.16379 0.00057 -16.44461 -17.16541 0.00058 -16.44547 -17.16710 0.00059 -16.44600 
7778.022547 1.1193 -6.998 0.188 -0.121 20.66 -11.265 MSCL0_1701240203 -17.16200 0.00056 -16.44513 -17.16427 0.00057 -16.44592 -17.16558 0.00057 -16.44681 -17.16669 0.00058 -16.44747 -17.16812 0.00059 -16.44772 
7778.023276 1.1172 -6.996 0.206 0.292 21.71 -11.030 MSCL0_1701240204 -17.16160 0.00056 -16.44443 -17.16459 0.00057 -16.44557 -17.16610 0.00057 -16.44632 -17.16744 0.00058 -16.44666 -17.16905 0.00059 -16.44716 
7778.024006 1.1152 -6.994 0.586 -0.191 20.84 -11.086 MSCL0_1701240205 -17.16002 0.00056 -16.44359 -17.16244 0.00057 -16.44446 -17.16374 0.00057 -16.44519 -17.16491 0.00058 -16.44566 -17.16648 0.00059 -16.44616 
7778.024758 1.1132 -6.989 0.513 0.125 20.93 -11.214 MSCL0_1701240206 -17.15805 0.00056 -16.44066 -17.16083 0.00057 -16.44171 -17.16222 0.00057 -16.44246 -17.16338 0.00058 -16.44284 -17.16500 0.00059 -16.44339 
7778.025487 1.1112 -6.987 0.175 0.119 21.09 -11.117 MSCL0_1701240207 -17.15573 0.00056 -16.43714 -17.15895 0.00056 -16.43821 -17.16079 0.00057 -16.43931 -17.16223 0.00058 -16.43999 -17.16391 0.00058 -16.44032 
7778.026239 1.1092 -6.978 0.490 -0.413 21.02 -11.270 MSCL0_1701240208 -17.15845 0.00056 -16.43990 -17.16095 0.00056 -16.44074 -17.16238 0.00057 -16.44148 -17.16342 0.00058 -16.44224 -17.16489 0.00059 -16.44292 
7778.026980 1.1072 -6.974 0.166 0.218 20.91 -11.222 MSCL0_1701240209 -17.15776 0.00056 -16.43913 -17.16038 0.00056 -16.44019 -17.16188 0.00057 -16.44096 -17.16305 0.00058 -16.44118 -17.16447 0.00058 -16.44167 
7778.027721 1.1053 -6.965 0.300 -0.081 21.21 -11.130 MSCL0_1701240210 -17.16010 0.00056 -16.44093 -17.16284 0.00056 -16.44200 -17.16432 0.00057 -16.44291 -17.16566 0.00058 -16.44338 -17.16721 0.00058 -16.44398 
7778.028473 1.1034 -6.956 0.762 -0.406 21.73 -11.187 MSCL0_1701240211 -17.16162 0.00055 -16.44427 -17.16454 0.00056 -16.44540 -17.16611 0.00057 -16.44640 -17.16747 0.00057 -16.44690 -17.16897 0.00058 -16.44738 
7778.029214 1.1015 -6.943 0.090 0.014 22.15 -11.198 MSCL0_1701240212 -17.16561 0.00055 -16.44713 -17.16836 0.00056 -16.44813 -17.16982 0.00057 -16.44893 -17.17099 0.00057 -16.44959 -17.17248 0.00058 -16.44998 
7778.029955 1.0996 -6.942 0.481 0.108 22.36 -11.125 MSCL0_1701240213 -17.16545 0.00055 -16.44707 -17.16854 0.00056 -16.44801 -17.17004 0.00057 -16.44889 -17.17127 0.00057 -16.44955 -17.17287 0.00058 -16.44960 
7778.030707 1.0978 -6.936 0.465 -0.074 21.89 -11.033 MSCL0_1701240214 -17.16662 0.00055 -16.45008 -17.16988 0.00056 -16.45110 -17.17180 0.00056 -16.45201 -17.17325 0.00057 -16.45290 -17.17485 0.00058 -16.45366 
7778.031448 1.0960 -6.933 0.406 -0.445 20.98 -11.161 MSCL0_1701240215 -17.16536 0.00055 -16.44715 -17.16858 0.00056 -16.44811 -17.17041 0.00056 -16.44900 -17.17194 0.00057 -16.44956 -17.17364 0.00058 -16.44995 
7778.032188 1.0942 -6.931 0.034 0.688 22.79 -10.938 MSCL0_1701240216 -17.16538 0.00055 -16.44954 -17.16972 0.00056 -16.45080 -17.17204 0.00056 -16.45193 -17.17373 0.00057 -16.45266 -17.17558 0.00058 -16.45354 
7778.032929 1.0924 -6.933 0.255 -0.805 21.59 -11.014 MSCL0_1701240217 -17.16766 0.00055 -16.45283 -17.17113 0.00056 -16.45386 -17.17307 0.00056 -16.45463 -17.17446 0.00057 -16.45551 -17.17603 0.00058 -16.45630 
7778.033670 1.0907 -6.923 0.798 0.113 21.41 -11.149 MSCL0_1701240218 -17.16993 0.00055 -16.45304 -17.17282 0.00056 -16.45404 -17.17435 0.00056 -16.45451 -17.17544 0.00057 -16.45507 -17.17690 0.00058 -16.45578 
7778.034398 1.0890 -6.920 0.434 -0.591 20.79 -11.138 MSCL0_1701240219 -17.16728 0.00055 -16.45133 -17.17044 0.00055 -16.45230 -17.17232 0.00056 -16.45290 -17.17376 0.00057 -16.45366 -17.17523 0.00057 -16.45410 
7778.035150 1.0873 -6.916 0.373 0.130 21.72 -11.085 MSCL0_1701240220 -17.16708 0.00055 -16.45085 -17.17058 0.00055 -16.45204 -17.17251 0.00056 -16.45286 -17.17390 0.00057 -16.45358 -17.17540 0.00057 -16.45403 
7778.035891 1.0856 -6.915 0.740 -0.342 22.03 -11.079 MSCL0_1701240221 -17.16533 0.00055 -16.45132 -17.16894 0.00055 -16.45243 -17.17103 0.00056 -16.45346 -17.17274 0.00057 -16.45424 -17.17435 0.00057 -16.45494 
7778.036632 1.0840 -6.909 0.002 -0.085 21.01 -11.063 MSCL0_1701240222 -17.16465 0.00055 -16.44895 -17.16872 0.00055 -16.45029 -17.17111 0.00056 -16.45116 -17.17301 0.00057 -16.45166 -17.17489 0.00057 -16.45235 
7778.037384 1.0823 -6.906 1.021 0.016 20.96 -11.154 MSCL0_1701240223 -17.16617 0.00055 -16.44919 -17.16934 0.00055 -16.45014 -17.17110 0.00056 -16.45069 -17.17249 0.00057 -16.45150 -17.17408 0.00057 -16.45196 
7778.038125 1.0807 -6.905 0.653 -0.329 22.11 -11.117 MSCL0_1701240224 -17.16491 0.00055 -16.44835 -17.16840 0.00055 -16.44953 -17.17026 0.00056 -16.45050 -17.17182 0.00057 -16.45121 -17.17353 0.00057 -16.45194 
7778.038866 1.0792 -6.907 -0.052 0.300 22.05 -11.042 MSCL0_1701240225 -17.16566 0.00055 -16.44924 -17.16921 0.00055 -16.45027 -17.17115 0.00056 -16.45120 -17.17270 0.00056 -16.45162 -17.17445 0.00057 -16.45200 
7778.039630 1.0776 -6.901 0.612 -0.865 23.06 -10.938 MSCL0_1701240226 -17.16625 0.00055 -16.44880 -17.17028 0.00055 -16.45001 -17.17248 0.00056 -16.45092 -17.17422 0.00056 -16.45185 -17.17584 0.00057 -16.45256 
7778.040370 1.0760 -6.889 0.395 0.198 21.24 -11.099 MSCL0_1701240227 -17.16906 0.00054 -16.45164 -17.17269 0.00055 -16.45275 -17.17474 0.00056 -16.45322 -17.17625 0.00056 -16.45422 -17.17795 0.00057 -16.45460 
7778.041111 1.0745 -6.880 0.584 -0.426 21.02 -11.123 MSCL0_1701240228 -17.17177 0.00054 -16.45263 -17.17464 0.00055 -16.45374 -17.17626 0.00056 -16.45441 -17.17770 0.00056 -16.45508 -17.17926 0.00057 -16.45563 
7778.041863 1.0730 -6.875 0.832 -0.096 20.06 -11.197 MSCL0_1701240229 -17.16914 0.00054 -16.45131 -17.17243 0.00055 -16.45236 -17.17436 0.00055 -16.45298 -17.17592 0.00056 -16.45343 -17.17749 0.00057 -16.45418 
7778.042604 1.0715 -6.868 0.736 -0.088 21.36 -11.166 MSCL0_1701240230 -17.16792 0.00054 -16.45070 -17.17138 0.00055 -16.45157 -17.17334 0.00055 -16.45234 -17.17484 0.00056 -16.45313 -17.17645 0.00057 -16.45351 
7778.043333 1.0701 -6.863 0.098 -0.414 21.24 -11.226 MSCL0_1701240231 -17.16837 0.00054 -16.45035 -17.17122 0.00055 -16.45119 -17.17272 0.00055 -16.45189 -17.17409 0.00056 -16.45249 -17.17574 0.00057 -16.45289 
7778.044074 1.0687 -6.855 0.401 0.389 20.93 -11.192 MSCL0_1701240232 -17.16827 0.00054 -16.45240 -17.17134 0.00055 -16.45329 -17.17302 0.00055 -16.45410 -17.17437 0.00056 -16.45498 -17.17594 0.00057 -16.45546 
7778.044815 1.0673 -6.850 0.597 -0.718 21.21 -11.225 MSCL0_1701240233 -17.17009 0.00054 -16.45243 -17.17294 0.00055 -16.45353 -17.17448 0.00055 -16.45421 -17.17568 0.00056 -16.45478 -17.17729 0.00057 -16.45533 
7778.045567 1.0659 -6.840 0.353 -0.275 21.38 -11.221 MSCL0_1701240234 -17.16740 0.00054 -16.44846 -17.17086 0.00055 -16.44948 -17.17275 0.00055 -16.45034 -17.17423 0.00056 -16.45129 -17.17592 0.00057 -16.45199 
7778.046308 1.0645 -6.833 0.939 -0.127 21.77 -11.164 MSCL0_1701240235 -17.16782 0.00054 -16.45137 -17.17113 0.00054 -16.45226 -17.17275 0.00055 -16.45295 -17.17416 0.00056 -16.45332 -17.17570 0.00056 -16.45369 
7778.047060 1.0632 -6.824 0.304 0.098 21.46 -11.096 MSCL0_1701240236 -17.16739 0.00054 -16.45035 -17.17040 0.00055 -16.45122 -17.17201 0.00055 -16.45194 -17.17335 0.00056 -16.45268 -17.17477 0.00057 -16.45318 
7778.047789 1.0619 -6.807 0.425 -0.146 22.16 -11.011 MSCL0_1701240237 -17.16585 0.00054 -16.44959 -17.16931 0.00054 -16.45061 -17.17131 0.00055 -16.45150 -17.17290 0.00056 -16.45223 -17.17455 0.00056 -16.45279 
7778.048530 1.0606 -6.787 1.058 -0.289 20.79 -11.151 MSCL0_1701240238 -17.16630 0.00054 -16.44845 -17.16984 0.00054 -16.44946 -17.17183 0.00055 -16.45034 -17.17322 0.00056 -16.45107 -17.17486 0.00056 -16.45170 
7778.049282 1.0593 -6.779 -0.041 -0.683 21.86 -10.985 MSCL0_1701240239 -17.16360 0.00054 -16.44670 -17.16755 0.00054 -16.44799 -17.16972 0.00055 -16.44891 -17.17140 0.00056 -16.44977 -17.17322 0.00056 -16.45040 
7778.050023 1.0580 -6.766 0.620 0.002 22.20 -11.099 MSCL0_1701240240 -17.16553 0.00054 -16.44894 -17.16923 0.00054 -16.45011 -17.17138 0.00055 -16.45096 -17.17305 0.00055 -16.45187 -17.17495 0.00056 -16.45263 
7778.050764 1.0568 -6.750 1.619 -0.314 20.54 -11.202 MSCL0_1701240241 -17.17041 0.00053 -16.45158 -17.17342 0.00054 -16.45230 -17.17507 0.00055 -16.45302 -17.17644 0.00055 -16.45383 -17.17792 0.00056 -16.45446 
7778.051516 1.0555 -6.725 0.420 -0.401 20.75 -11.199 MSCL0_1701240242 -17.17121 0.00053 -16.45300 -17.17404 0.00054 -16.45381 -17.17546 0.00054 -16.45440 -17.17667 0.00055 -16.45495 -17.17815 0.00056 -16.45571 
7778.052268 1.0543 -6.716 0.430 -0.150 21.83 -11.099 MSCL0_1701240243 -17.17188 0.00053 -16.45384 -17.17519 0.00054 -16.45488 -17.17680 0.00054 -16.45570 -17.17815 0.00055 -16.45634 -17.17991 0.00056 -16.45686 
7778.053021 1.0531 -6.701 0.936 -0.130 20.32 -11.180 MSCL0_1701240244 -17.16966 0.00053 -16.45361 -17.17257 0.00054 -16.45475 -17.17418 0.00054 -16.45576 -17.17559 0.00055 -16.45627 -17.17716 0.00056 -16.45690 
7778.053761 1.0520 -6.690 0.464 -0.651 22.27 -11.123 MSCL0_1701240245 -17.17272 0.00053 -16.45340 -17.17532 0.00054 -16.45438 -17.17679 0.00054 -16.45488 -17.17788 0.00055 -16.45552 -17.17948 0.00055 -16.45603 
7778.054514 1.0508 -6.668 0.779 -0.135 21.01 -11.124 MSCL0_1701240246 -17.17397 0.00053 -16.45679 -17.17683 0.00054 -16.45786 -17.17844 0.00054 -16.45878 -17.17977 0.00055 -16.45960 -17.18133 0.00055 -16.46015 
7778.055255 1.0497 -6.659 1.018 -0.883 20.84 -11.191 MSCL0_1701240247 -17.17577 0.00053 -16.45696 -17.17876 0.00054 -16.45781 -17.18037 0.00054 -16.45855 -17.18168 0.00055 -16.45906 -17.18325 0.00055 -16.45945 
7778.056007 1.0486 -6.645 0.457 0.245 20.98 -11.213 MSCL0_1701240248 -17.18160 0.00053 -16.46195 -17.18411 0.00053 -16.46271 -17.18544 0.00054 -16.46327 -17.18659 0.00054 -16.46380 -17.18801 0.00055 -16.46417 
7778.056748 1.0475 -6.636 0.994 -1.277 22.03 -11.037 MSCL0_1701240249 -17.18213 0.00053 -16.46477 -17.18534 0.00053 -16.46574 -17.18705 0.00054 -16.46669 -17.18853 0.00055 -16.46758 -17.19025 0.00055 -16.46814 
7778.057500 1.0464 -6.628 -0.002 0.718 21.94 -11.135 MSCL0_1701240250 -17.18298 0.00053 -16.46552 -17.18635 0.00053 -16.46659 -17.18830 0.00054 -16.46732 -17.18982 0.00054 -16.46798 -17.19163 0.00055 -16.46817 
7778.058241 1.0454 -6.619 0.997 -0.937 22.01 -11.157 MSCL0_1701240251 -17.18468 0.00053 -16.46720 -17.18779 0.00053 -16.46820 -17.18956 0.00054 -16.46918 -17.19097 0.00054 -16.46997 -17.19269 0.00055 -16.47060 
7778.058993 1.0444 -6.611 0.693 0.542 20.88 -11.295 MSCL0_1701240252 -17.18612 0.00052 -16.46772 -17.18899 0.00053 -16.46890 -17.19054 0.00054 -16.46956 -17.19180 0.00054 -16.47031 -17.19345 0.00055 -16.47099 
7778.059734 1.0434 -6.604 1.384 -1.637 20.70 -11.275 MSCL0_1701240253 -17.18834 0.00052 -16.46905 -17.19069 0.00053 -16.47007 -17.19194 0.00053 -16.47080 -17.19307 0.00054 -16.47141 -17.19458 0.00055 -16.47180 
7778.060474 1.0424 -6.600 0.624 -0.007 20.77 -11.375 MSCL0_1701240254 -17.18671 0.00052 -16.46853 -17.18865 0.00053 -16.46926 -17.18977 0.00053 -16.47006 -17.19089 0.00054 -16.47089 -17.19231 0.00055 -16.47150 
7778.061215 1.0414 -6.591 0.725 -0.696 21.51 -11.264 MSCL0_1701240255 -17.18634 0.00052 -16.46736 -17.18895 0.00053 -16.46802 -17.19029 0.00053 -16.46867 -17.19151 0.00054 -16.46930 -17.19304 0.00055 -16.46967 
7778.061968 1.0405 -6.594 0.454 0.121 21.29 -11.021 MSCL0_1701240256 -17.18552 0.00052 -16.46673 -17.18822 0.00053 -16.46764 -17.18964 0.00053 -16.46822 -17.19098 0.00054 -16.46877 -17.19268 0.00055 -16.46934 
7778.062685 1.0396 -6.596 1.018 -1.751 21.56 -11.133 MSCL0_1701240257 -17.18539 0.00052 -16.46732 -17.18791 0.00053 -16.46835 -17.18943 0.00053 -16.46892 -17.19072 0.00054 -16.46960 -17.19234 0.00054 -16.47015 
7778.063437 1.0387 -6.581 0.961 -0.023 21.09 -11.265 MSCL0_1701240258 -17.18791 0.00052 -16.46802 -17.19035 0.00053 -16.46884 -17.19164 0.00053 -16.46965 -17.19281 0.00054 -16.47019 -17.19435 0.00054 -16.47085 
7778.064178 1.0378 -6.584 0.993 -0.458 21.80 -11.196 MSCL0_1701240259 -17.18433 0.00052 -16.46487 -17.18734 0.00053 -16.46582 -17.18898 0.00053 -16.46664 -17.19029 0.00054 -16.46719 -17.19190 0.00054 -16.46785 
7778.064919 1.0369 -6.587 0.896 -0.606 21.00 -11.217 MSCL0_1701240260 -17.18312 0.00052 -16.46296 -17.18551 0.00053 -16.46378 -17.18678 0.00053 -16.46454 -17.18796 0.00054 -16.46524 -17.18953 0.00054 -16.46597 
7778.065660 1.0361 -6.580 1.014 -0.240 19.52 -11.420 MSCL0_1701240261 -17.18687 0.00052 -16.46536 -17.18883 0.00053 -16.46615 -17.18994 0.00053 -16.46706 -17.19086 0.00054 -16.46758 -17.19232 0.00054 -16.46824 
7778.066412 1.0352 -6.582 0.297 -0.778 21.23 -11.171 MSCL0_1701240262 -17.18515 0.00052 -16.46774 -17.18822 0.00053 -16.46889 -17.18986 0.00053 -16.46961 -17.19131 0.00054 -16.47036 -17.19293 0.00054 -16.47092 
